149
TERMINAL PORTUÁRIO DA PONTA DO FÉLIX (ESTADO DO PARANÁ) - 2025
Latitude 25° 05'.8 S Longitude 48° 24'.4 W Fuso UTC -03.0 horas
APPA 30 Componentes Nível Médio 1.09 m Carta 1822
Janeiro
HORA ALT(m) HORA ALT(m)
01
QUA
0446 2.18
0946 0.28
1253 1.41
1459 1.15
1810 1.93
2234 -0.21
17
SEX
0401 1.18
0708 1.87
1102 0.25
1825 1.72
2321 -0.22
02
QUI
0531 2.15
1019 0.30
1323 1.49
1549 1.12
1859 1.92
2308 -0.18
18
SÁB
0314 1.39
0510 1.22
0759 1.70
1146 0.32
1629 1.66
03
SEX
0619 2.07
1101 0.34
1404 1.57
1642 1.06
1949 1.88
2355 -0.09
19
DOM
0002 -0.14
0357 1.50
0617 1.17
0851 1.53
1221 0.42
1704 1.63
04
SÁB
0714 1.92
1144 0.42
1451 1.63
1734 0.97
2040 1.83
20
SEG
0047 0.03
0429 1.56
0714 1.06
0944 1.40
1306 0.54
1738 1.52
2057 1.47
05
DOM
0034 0.07
0814 1.77
1219 0.52
1527 1.67
1823 0.82
2129 1.81
21
TER
0119 0.22
0502 1.57
0802 0.96
1038 1.34
1401 0.70
1814 1.34
1936 1.31
2159 1.46
06
SEG
0116 0.25
0916 1.65
1302 0.63
1606 1.66
1908 0.65
2221 1.83
22
QUA
0204 0.40
0536 1.50
0844 0.91
1140 1.36
1514 0.82
2251 1.52
07
TER
0208 0.46
0701 0.85
1014 1.59
1353 0.75
1653 1.56
1955 0.52
2317 1.87
23
QUI
0255 0.60
0606 1.38
0906 0.89
1244 1.44
1759 0.69
2338 1.63
08
QUA
0308 0.67
0601 0.87
0755 0.73
1112 1.57
1446 0.87
1725 1.37
2031 0.44
24
SEX
0349 0.75
0651 1.21
0929 0.89
1342 1.57
1857 0.43
09
QUI
0016 1.94
0651 0.79
0838 0.70
1208 1.57
1555 0.93
1802 1.11
2106 0.42
25
SÁB
0023 1.76
0501 0.82
0740 1.03
0944 0.91
1427 1.71
1934 0.19
10
SEX
0119 2.01
0649 0.69
0849 0.73
1306 1.60
2144 0.48
26
DOM
0114 1.90
0636 0.75
0955 0.92
1508 1.86
2006 -0.04
11
SÁB
0219 2.09
0716 0.57
1406 1.64
1925 0.50
2149 0.57
27
SEG
0206 2.02
0731 0.60
1553 1.98
2042 -0.19
12
DOM
0314 2.16
0759 0.46
1502 1.69
2004 0.21
28
TER
0259 2.14
0808 0.45
1631 2.08
2110 -0.31
13
SEG
0406 2.20
0831 0.37
1555 1.75
2049 -0.01
29
QUA
0347 2.22
0855 0.34
1157 1.14
1319 1.07
1708 2.16
2146 -0.37
14
TER
0457 2.19
0906 0.29
1640 1.79
2119 -0.16
30
QUI
0431 2.25
0927 0.28
1223 1.25
1412 1.08
1753 2.18
2214 -0.38
15
QUA
0544 2.13
0949 0.25
1717 1.80
2202 -0.27
31
SEX
0516 2.21
1002 0.22
1306 1.38
1506 1.10
1834 2.15
2255 -0.34
16
QUI
0253 1.09
0623 2.02
1021 0.24
1751 1.78
2247 -0.27
Fevereiro
HORA ALT(m) HORA ALT(m)
01
SÁB
0602 2.09
1046 0.22
1351 1.50
1604 1.10
1916 2.07
2325 -0.22
17
SEG
0342 1.66
0614 1.32
0801 1.43
1201 0.24
1736 1.80
02
DOM
0651 1.90
1117 0.26
1429 1.61
1704 1.05
2006 1.97
18
TER
0006 -0.03
0408 1.74
0712 1.16
0859 1.28
1240 0.40
1759 1.66
03
SEG
0004 -0.06
0749 1.68
1159 0.33
1510 1.71
1802 0.92
2102 1.87
19
QUA
0051 0.17
0438 1.74
0801 1.02
1001 1.20
1317 0.58
2032 1.47
04
TER
0051 0.19
0604 1.12
0855 1.48
1242 0.45
1557 1.73
1857 0.73
2201 1.81
20
QUI
0125 0.41
0504 1.67
0827 0.91
1106 1.22
1416 0.76
2202 1.47
05
QUA
0129 0.47
0501 1.24
0710 0.92
0959 1.38
1321 0.60
1634 1.64
1942 0.55
2259 1.80
21
SEX
0206 0.63
0529 1.54
0855 0.82
1214 1.35
1725 0.72
2304 1.58
06
QUI
0216 0.74
0525 1.22
0802 0.75
1101 1.36
1410 0.76
1708 1.48
2016 0.40
2359 1.84
22
SÁB
0302 0.84
0601 1.36
0908 0.76
1312 1.54
1838 0.44
07
SEX
0317 0.98
0547 1.14
0849 0.67
1201 1.41
1512 0.89
1749 1.21
2059 0.33
23
DOM
0002 1.74
0410 0.98
0629 1.14
0923 0.72
1401 1.76
1917 0.15
08
SÁB
0101 1.93
0916 0.68
1301 1.52
2127 0.35
24
SEG
0057 1.91
0951 0.71
1447 1.96
1957 -0.10
09
DOM
0202 2.04
0716 0.80
0808 0.82
0953 0.77
1357 1.65
2149 0.43
25
TER
0147 2.06
0725 0.70
1002 0.74
1523 2.12
2021 -0.28
10
SEG
0259 2.14
0753 0.61
1447 1.77
1959 0.22
26
QUA
0240 2.18
0802 0.50
1602 2.26
2057 -0.41
11
TER
0349 2.18
0817 0.42
1531 1.87
2025 -0.03
27
QUI
0327 2.25
0840 0.35
1647 2.33
2121 -0.46
12
QUA
0431 2.17
0859 0.26
1606 1.94
2104 -0.22
28
SEX
0412 2.25
0908 0.22
1212 1.14
1340 1.06
1725 2.34
2157 -0.46
13
QUI
0510 2.10
0929 0.16
1642 1.97
2146 -0.31
14
SEX
0557 1.98
1004 0.09
1706 1.96
2216 -0.34
15
SÁB
0342 1.36
0636 1.81
1046 0.10
1717 1.93
2259 -0.30
16
DOM
0306 1.54
0502 1.40
0712 1.62
1116 0.14
1725 1.88
2334 -0.18
Março
HORA ALT(m) HORA ALT(m)
01
SÁB
0457 2.17
0951 0.14
1255 1.30
1440 1.12
1806 2.30
2225 -0.38
17
SEG
0242 1.66
0501 1.48
0634 1.56
1059 0.03
1704 2.01
2301 -0.15
02
DOM
0540 2.01
1019 0.11
1329 1.45
1540 1.14
1857 2.19
2302 -0.25
18
TER
0310 1.76
0610 1.36
0706 1.38
1131 0.15
1738 1.92
2340 0.01
03
SEG
0625 1.79
1101 0.11
1412 1.60
1644 1.10
1947 2.03
2342 -0.03
19
QUA
0340 1.80
0804 1.23
1208 0.29
1816 1.76
04
TER
0453 1.30
0721 1.54
1142 0.19
1459 1.69
1744 0.96
2042 1.88
20
QUI
0010 0.21
0404 1.80
0742 1.05
0914 1.15
1259 0.48
1938 1.57
05
QUA
0016 0.22
0401 1.43
0614 1.12
0836 1.33
1217 0.32
1538 1.71
1838 0.75
2138 1.78
21
SEX
0055 0.43
0427 1.73
0802 0.90
1027 1.19
1359 0.67
2125 1.51
06
QUI
0102 0.51
0427 1.48
0712 0.89
0947 1.23
1302 0.48
1612 1.65
1919 0.53
2238 1.75
22
SÁB
0140 0.68
0457 1.62
0817 0.78
1136 1.34
1702 0.67
2238 1.61
07
SEX
0153 0.82
0457 1.47
0801 0.70
1051 1.26
1359 0.67
1657 1.48
2002 0.35
2340 1.80
23
DOM
0227 0.90
0517 1.45
0840 0.66
1236 1.56
1812 0.41
2336 1.78
08
SÁB
0247 1.09
0523 1.36
0838 0.61
1151 1.38
1501 0.83
1729 1.22
2042 0.27
24
SEG
0338 1.06
0549 1.24
0901 0.57
1325 1.80
1901 0.12
09
DOM
0042 1.90
0906 0.61
1246 1.55
1757 0.90
2108 0.28
25
TER
0029 1.96
0919 0.54
1408 2.02
1931 -0.12
10
SEG
0142 2.01
0936 0.70
1334 1.72
2129 0.37
26
QUA
0121 2.10
0951 0.59
1455 2.20
2002 -0.30
11
TER
0234 2.09
0744 0.64
1417 1.87
1932 0.25
27
QUI
0212 2.18
0755 0.53
1536 2.33
2029 -0.40
12
QUA
0317 2.13
0804 0.39
1459 1.98
2004 -0.01
28
SEX
0302 2.19
0814 0.34
1616 2.39
2101 -0.44
13
QUI
0402 2.10
0842 0.20
1532 2.04
2044 -0.17
29
SÁB
0351 2.14
0855 0.18
1301 1.05
1702 2.40
2129 -0.39
14
SEX
0446 2.02
0910 0.06
1601 2.07
2112 -0.27
30
DOM
0436 2.03
0925 0.09
1236 1.25
1410 1.11
1749 2.34
2202 -0.30
15
SÁB
0517 1.89
0949 -0.01
1621 2.07
2155 -0.30
31
SEG
0519 1.86
1002 0.03
1312 1.41
1512 1.12
1836 2.21
2242 -0.12
16
DOM
0208 1.52
0323 1.48
0559 1.74
1017 -0.02
1644 2.05
2225 -0.24
Abril
HORA ALT(m) HORA ALT(m)
01
TER
0608 1.65
1046 0.04
1359 1.52
1614 1.06
1923 2.05
2312 0.08
17
QUI
0259 1.77
0621 1.25
0744 1.29
1155 0.21
1816 1.83
2347 0.28
02
QUA
0259 1.45
0501 1.27
0708 1.43
1121 0.11
1438 1.58
1716 0.93
2017 1.90
2359 0.33
18
SEX
0323 1.76
0659 1.10
0851 1.24
1238 0.38
1927 1.68
03
QUI
0325 1.56
0610 1.08
0821 1.26
1204 0.22
1516 1.60
1810 0.73
2116 1.80
19
SÁB
0023 0.48
0355 1.71
0716 0.95
0953 1.29
1331 0.53
2059 1.63
04
SEX
0040 0.61
0401 1.62
0704 0.86
0931 1.22
1255 0.38
1601 1.54
1902 0.52
2216 1.77
20
DOM
0106 0.69
0417 1.62
0744 0.78
1053 1.43
1610 0.59
2206 1.71
05
SÁB
0119 0.88
0438 1.57
0746 0.71
1034 1.29
1349 0.56
1642 1.39
1947 0.36
2316 1.81
21
SEG
0202 0.89
0453 1.48
0804 0.62
1147 1.62
1738 0.40
2306 1.84
06
DOM
0214 1.09
0502 1.44
0814 0.62
1127 1.44
1449 0.71
1714 1.17
2019 0.29
22
TER
0302 1.03
0516 1.30
0829 0.52
1238 1.84
1825 0.16
07
SEG
0016 1.88
0334 1.21
0510 1.23
0851 0.63
1216 1.62
1602 0.75
1759 0.90
2055 0.32
23
QUA
0002 1.97
0540 1.08
0901 0.47
1329 2.04
1904 -0.04
08
TER
0112 1.96
0904 0.69
1302 1.79
1855 0.61
2108 0.43
24
QUI
0053 2.06
0925 0.53
1416 2.20
1936 -0.17
09
QUA
0202 2.02
0716 0.63
1346 1.92
1901 0.33
25
SEX
0142 2.08
0727 0.58
1504 2.31
2004 -0.26
10
QUI
0253 2.02
0751 0.36
1419 2.01
1934 0.11
26
SÁB
0232 2.05
0801 0.37
1555 2.36
2036 -0.25
11
SEX
0334 1.97
0816 0.16
1453 2.05
2006 -0.05
27
DOM
0325 1.97
0831 0.21
1642 2.35
2104 -0.20
12
SÁB
0410 1.89
0855 0.01
1519 2.07
2049 -0.13
28
SEG
0416 1.85
0904 0.07
1216 1.17
1353 1.06
1727 2.30
2144 -0.08
13
DOM
0201 1.44
0453 1.78
0923 -0.05
1549 2.08
2116 -0.14
29
TER
0506 1.71
0951 0.01
1301 1.29
1457 1.04
1816 2.20
2214 0.06
14
SEG
0131 1.59
0312 1.49
0525 1.66
1001 -0.06
1614 2.08
2157 -0.11
30
QUA
0155 1.40
0316 1.30
0602 1.55
1027 0.01
1338 1.37
1557 0.98
1908 2.08
2259 0.24
15
TER
0202 1.69
0427 1.47
0601 1.53
1034 -0.00
1653 2.04
2231 -0.01
16
QUA
0231 1.75
0644 1.40
1108 0.08
1729 1.96
2304 0.11
DG6-62 Original
150
TERMINAL PORTUÁRIO DA PONTA DO FÉLIX (ESTADO DO PARANÁ) - 2025
Latitude 25° 05'.8 S Longitude 48° 24'.4 W Fuso UTC -03.0 horas
APPA 30 Componentes Nível Médio 1.09 m Carta 1822
Maio
HORA ALT(m) HORA ALT(m)
01
QUI
0219 1.51
0446 1.22
0702 1.42
1106 0.04
1417 1.42
1655 0.87
2002 1.96
2338 0.45
17
SÁB
0247 1.66
0557 1.16
0812 1.44
1216 0.22
1916 1.81
02
SEX
0302 1.60
0553 1.09
0808 1.34
1159 0.12
1504 1.43
1753 0.73
2102 1.86
18
DOM
0002 0.49
0316 1.64
0625 1.00
0910 1.48
1310 0.33
2032 1.76
03
SÁB
0016 0.65
0346 1.61
0642 0.94
0910 1.34
1247 0.26
1549 1.38
1842 0.58
2159 1.81
19
SEG
0051 0.65
0357 1.59
0701 0.82
1006 1.58
1417 0.44
2142 1.78
04
DOM
0104 0.84
0419 1.55
0716 0.82
1006 1.42
1334 0.41
1627 1.28
1923 0.47
2255 1.81
20
TER
0140 0.81
0425 1.49
0732 0.66
1102 1.72
1644 0.43
2240 1.84
05
SEG
0202 1.00
0459 1.42
0757 0.75
1101 1.54
1425 0.53
1708 1.14
2002 0.41
2349 1.84
21
QUA
0231 0.94
0502 1.36
0804 0.53
1155 1.87
1751 0.31
2329 1.91
06
TER
0312 1.08
0544 1.19
0819 0.75
1147 1.68
1527 0.60
1759 0.96
2040 0.47
22
QUI
0338 1.00
0538 1.16
0840 0.49
1247 2.02
1831 0.18
07
QUA
0042 1.87
0647 0.92
0846 0.78
1227 1.80
1644 0.58
1859 0.77
2102 0.60
23
SEX
0017 1.94
0908 0.51
1342 2.13
1904 0.08
08
QUI
0132 1.89
0653 0.63
1306 1.90
1801 0.45
24
SÁB
0110 1.92
0757 0.69
0942 0.61
1438 2.21
1942 0.03
09
SEX
0217 1.87
0719 0.37
1342 1.96
1855 0.29
25
DOM
0206 1.86
0738 0.46
1529 2.26
2008 0.02
10
SÁB
0302 1.83
0759 0.16
1414 1.99
1936 0.17
26
SEG
0306 1.78
0808 0.25
1619 2.27
2049 0.07
11
DOM
0349 1.77
0832 0.04
1446 2.01
2008 0.09
27
TER
0404 1.71
0857 0.09
1204 1.04
1323 0.98
1710 2.25
2119 0.15
12
SEG
0025 1.48
0159 1.41
0425 1.69
0904 -0.04
1517 2.03
2053 0.06
28
QUA
0201 1.26
0501 1.64
0934 -0.00
1242 1.13
1429 0.95
1802 2.20
2201 0.24
13
TER
0053 1.58
0257 1.42
0504 1.63
0942 -0.05
1559 2.04
2125 0.09
29
QUI
0116 1.42
0304 1.25
0557 1.58
1010 -0.06
1319 1.19
1525 0.91
1857 2.11
2242 0.36
14
QUA
0117 1.63
0349 1.41
0547 1.56
1014 -0.03
1640 2.03
2202 0.13
30
SEX
0202 1.50
0408 1.23
0655 1.53
1101 -0.07
1406 1.23
1621 0.87
1947 2.00
2317 0.48
15
QUI
0146 1.66
0429 1.36
0629 1.50
1057 0.02
1721 1.99
2244 0.22
31
SÁB
0249 1.54
0512 1.19
0753 1.50
1147 -0.01
1457 1.26
1719 0.81
2040 1.89
16
SEX
0214 1.67
0510 1.28
0717 1.45
1134 0.11
1812 1.91
2319 0.35
Junho
HORA ALT(m) HORA ALT(m)
01
DOM
0004 0.59
0331 1.55
0606 1.12
0847 1.49
1227 0.09
1542 1.27
1814 0.73
2129 1.81
17
TER
0025 0.55
0327 1.57
0621 0.90
0929 1.73
1334 0.27
2108 1.79
02
SEG
0055 0.72
0414 1.50
0657 1.04
0938 1.53
1312 0.20
1621 1.26
1904 0.65
2221 1.75
18
QUA
0108 0.67
0406 1.54
0704 0.73
1021 1.80
1429 0.41
2206 1.76
03
TER
0146 0.83
0502 1.40
0729 0.99
1023 1.59
1402 0.32
1704 1.22
1955 0.62
2316 1.73
19
QUI
0201 0.78
0449 1.44
0749 0.60
1116 1.88
1623 0.52
2302 1.76
04
QUA
0242 0.90
0555 1.21
0801 0.94
1108 1.67
1459 0.45
1755 1.13
2031 0.67
20
SEX
0257 0.88
0521 1.28
0819 0.51
1212 1.97
1757 0.49
2359 1.75
05
QUI
0008 1.72
0446 0.87
0659 0.99
0808 0.92
1153 1.74
1555 0.53
1847 1.01
2102 0.77
21
SÁB
0402 0.92
0601 1.07
0901 0.49
1310 2.04
1846 0.43
06
SEX
0101 1.72
0604 0.66
1229 1.80
1655 0.55
2006 0.95
2114 0.92
22
DOM
0051 1.72
0932 0.55
1410 2.11
1914 0.37
07
SÁB
0153 1.71
0701 0.42
1304 1.85
1801 0.49
23
SEG
0149 1.69
0714 0.55
0953 0.63
1508 2.18
1957 0.33
08
DOM
0244 1.70
0740 0.22
1338 1.90
1857 0.40
24
TER
0255 1.67
0801 0.30
1602 2.22
2029 0.32
09
SEG
0325 1.69
0812 0.07
1416 1.94
1944 0.33
2353 1.40
25
QUA
0357 1.68
0842 0.11
1246 0.87
1657 2.23
2104 0.31
10
TER
0117 1.33
0406 1.68
0853 -0.03
1501 1.98
2019 0.28
26
QUI
0021 1.28
0131 1.24
0451 1.70
0916 -0.05
1359 0.88
1746 2.19
2149 0.33
11
QUA
0010 1.47
0206 1.33
0453 1.69
0923 -0.07
1546 2.02
2101 0.24
27
SEX
0104 1.38
0229 1.28
0540 1.71
1002 -0.16
1314 1.04
1459 0.90
1832 2.12
2223 0.36
12
QUI
0036 1.50
0253 1.31
0531 1.69
1002 -0.10
1629 2.05
2144 0.26
28
SÁB
0155 1.44
0321 1.33
0627 1.70
1047 -0.18
1402 1.12
1557 0.93
1917 2.01
2304 0.39
13
SEX
0106 1.53
0323 1.28
0610 1.69
1042 -0.08
1716 2.06
2219 0.30
29
DOM
0246 1.49
0421 1.38
0714 1.67
1123 -0.15
1453 1.21
1659 0.95
2008 1.88
2353 0.45
14
SÁB
0136 1.54
0404 1.23
0659 1.70
1116 -0.05
1806 2.02
2301 0.35
30
SEG
0336 1.52
0536 1.38
0804 1.63
1206 -0.09
1538 1.30
1801 0.93
2102 1.74
15
DOM
0210 1.56
0453 1.16
0749 1.69
1202 0.02
1902 1.94
2346 0.44
16
SEG
0255 1.57
0540 1.05
0840 1.70
1249 0.13
2004 1.84
Julho
HORA ALT(m) HORA ALT(m)
01
TER
0031 0.53
0419 1.51
0627 1.32
0857 1.59
1255 0.03
1617 1.38
1859 0.88
2155 1.63
17
QUI
0047 0.51
0353 1.60
0647 0.81
0957 1.84
1347 0.38
2147 1.59
02
QUA
0116 0.62
0504 1.45
0708 1.24
0947 1.57
1336 0.20
1701 1.41
1949 0.83
2247 1.56
18
SEX
0129 0.64
0427 1.54
0727 0.64
1051 1.85
1438 0.61
1755 0.94
1929 0.83
2247 1.54
03
QUI
0210 0.72
0559 1.30
0744 1.16
1031 1.58
1416 0.36
1740 1.37
2027 0.82
2340 1.53
19
SÁB
0216 0.77
0504 1.41
0808 0.49
1149 1.89
1547 0.80
1808 0.87
2010 0.72
2342 1.54
04
SEX
0325 0.79
0757 1.06
1112 1.62
1504 0.51
1816 1.29
2104 0.86
20
DOM
0314 0.88
0547 1.19
0851 0.43
1249 1.96
2057 0.70
05
SÁB
0036 1.54
0532 0.71
1155 1.68
1602 0.62
1906 1.18
2146 0.94
21
SEG
0040 1.57
0459 0.89
0612 0.92
0919 0.43
1353 2.05
1906 0.67
06
DOM
0132 1.58
0638 0.49
1231 1.74
1704 0.67
2019 1.09
2212 1.05
22
TER
0142 1.62
0953 0.48
1453 2.14
1947 0.56
07
SEG
0221 1.64
0719 0.27
1310 1.82
1814 0.64
23
QUA
0246 1.69
0753 0.32
1547 2.20
2014 0.45
08
TER
0306 1.70
0802 0.07
1357 1.89
1912 0.54
2319 1.23
24
QUI
0340 1.77
0821 0.07
1634 2.21
2057 0.35
09
QUA
0025 1.22
0353 1.77
0840 -0.06
1444 1.97
2001 0.43
2344 1.28
25
SEX
0425 1.83
0902 -0.13
1717 2.18
2131 0.29
10
QUI
0108 1.23
0431 1.83
0910 -0.17
1531 2.05
2047 0.36
26
SÁB
0506 1.87
0947 -0.24
1317 1.02
1421 0.99
1804 2.10
2206 0.24
11
SEX
0004 1.32
0157 1.21
0508 1.89
0949 -0.22
1617 2.11
2121 0.31
27
DOM
0549 1.86
1019 -0.29
1404 1.17
1527 1.09
1853 1.95
2253 0.23
12
SÁB
0032 1.36
0234 1.20
0553 1.94
1019 -0.24
1704 2.14
2202 0.28
28
SEG
0629 1.81
1102 -0.29
1451 1.32
1644 1.16
1938 1.78
2327 0.27
13
DOM
0108 1.42
0312 1.17
0632 1.94
1101 -0.22
1753 2.09
2246 0.29
29
TER
0708 1.72
1147 -0.19
1529 1.46
1755 1.14
2023 1.60
14
SEG
0151 1.47
0404 1.14
0716 1.93
1138 -0.14
1842 1.99
2319 0.33
30
QUA
0008 0.33
0440 1.62
0616 1.58
0753 1.61
1219 -0.04
1606 1.57
1857 1.05
2116 1.46
15
TER
0225 1.53
0501 1.09
0804 1.89
1214 -0.03
1940 1.84
31
QUI
0057 0.45
0512 1.56
0706 1.46
0853 1.52
1302 0.13
1644 1.62
1947 0.95
2212 1.37
16
QUA
0002 0.40
0308 1.59
0557 0.97
0901 1.85
1301 0.15
2044 1.69
Agosto
HORA ALT(m) HORA ALT(m)
01
SEX
0142 0.60
0559 1.41
0725 1.34
0947 1.48
1347 0.34
1714 1.60
2021 0.87
2312 1.35
17
DOM
0155 0.69
0451 1.48
0759 0.43
1125 1.84
1457 0.97
1727 1.18
2016 0.66
2332 1.41
02
SÁB
0238 0.74
1036 1.49
1425 0.55
1751 1.50
2101 0.83
18
SEG
0255 0.84
0521 1.26
0834 0.32
1229 1.92
2101 0.61
03
DOM
0014 1.40
0459 0.73
1117 1.57
1512 0.72
1819 1.35
2131 0.86
19
TER
0031 1.52
0414 0.90
0555 0.97
0906 0.28
1332 2.03
2129 0.68
04
SEG
0110 1.52
0612 0.52
1204 1.67
1614 0.83
1904 1.17
2153 0.90
20
QUA
0129 1.66
0934 0.35
1431 2.13
1942 0.67
05
TER
0202 1.65
0706 0.25
1251 1.80
1742 0.82
2008 1.01
2202 0.95
21
QUI
0221 1.79
0738 0.30
1519 2.18
2004 0.46
06
QUA
0249 1.79
0751 0.02
1338 1.92
1901 0.68
22
SEX
0308 1.90
0806 0.02
1606 2.19
2044 0.30
07
QUI
0327 1.91
0819 -0.16
1427 2.04
1951 0.52
23
SÁB
0353 1.98
0847 -0.17
1653 2.13
2112 0.16
08
SEX
0404 2.02
0859 -0.30
1516 2.13
2027 0.39
24
DOM
0431 2.00
0916 -0.29
1734 2.00
2153 0.08
09
SÁB
0047 1.12
0447 2.11
0925 -0.36
1602 2.18
2104 0.27
25
SEG
0501 1.99
1001 -0.34
1401 1.33
1506 1.27
1812 1.85
2225 0.07
10
DOM
0014 1.22
0149 1.14
0523 2.15
1001 -0.39
1647 2.18
2147 0.21
26
TER
0525 1.93
1038 -0.29
1434 1.50
1629 1.33
1901 1.66
2304 0.10
11
SEG
0053 1.32
0240 1.15
0604 2.15
1034 -0.34
1731 2.10
2219 0.19
27
QUA
0525 1.85
1110 -0.20
1508 1.65
1753 1.27
1951 1.46
2347 0.20
12
TER
0125 1.43
0332 1.16
0653 2.10
1108 -0.25
1817 1.94
2301 0.19
28
QUI
0519 1.77
1155 -0.05
1547 1.75
1855 1.13
2046 1.29
13
QUA
0208 1.54
0431 1.13
0742 2.00
1149 -0.08
1912 1.73
2342 0.27
29
SEX
0023 0.34
0529 1.66
1227 0.16
1616 1.78
1938 0.98
2146 1.20
14
QUI
0255 1.62
0531 1.02
0834 1.89
1223 0.15
2017 1.52
30
SÁB
0108 0.51
0602 1.48
1304 0.37
1647 1.74
2008 0.86
2251 1.22
15
SEX
0017 0.38
0329 1.65
0623 0.83
0927 1.82
1306 0.41
1646 1.23
1853 1.00
2127 1.39
31
DOM
0210 0.68
0953 1.42
1355 0.60
1712 1.63
2044 0.79
2355 1.33
16
SÁB
0102 0.52
0408 1.62
0710 0.61
1025 1.80
1359 0.70
1702 1.24
1942 0.80
2232 1.36
DG6-62 Original
151
TERMINAL PORTUÁRIO DA PONTA DO FÉLIX (ESTADO DO PARANÁ) - 2025
Latitude 25° 05'.8 S Longitude 48° 24'.4 W Fuso UTC -03.0 horas
APPA 30 Componentes Nível Médio 1.09 m Carta 1822
Setembro
HORA ALT(m) HORA ALT(m)
01
SEG
0438 0.73
1051 1.52
1444 0.81
1744 1.45
2102 0.75
17
QUA
0016 1.58
0359 0.84
0542 0.96
0853 0.21
1310 2.03
2108 0.59
02
TER
0049 1.51
0602 0.50
1142 1.67
1544 0.95
1808 1.24
2117 0.74
18
QUI
0106 1.76
0914 0.29
1402 2.11
2027 0.69
03
QUA
0138 1.70
0655 0.22
1227 1.84
1712 0.95
1851 1.00
2129 0.74
19
SEX
0155 1.91
0714 0.31
1455 2.14
1957 0.42
04
QUI
0216 1.89
0727 -0.05
1316 2.00
1901 0.76
2008 0.79
2144 0.76
20
SÁB
0236 2.02
0746 0.06
1540 2.11
2019 0.21
05
SEX
0259 2.06
0802 -0.26
1406 2.12
1940 0.55
21
DOM
0312 2.07
0814 -0.14
1617 2.02
2059 0.04
06
SÁB
0338 2.18
0834 -0.38
1455 2.18
2008 0.36
22
SEG
0347 2.08
0857 -0.25
1701 1.90
2129 -0.03
07
DOM
0416 2.26
0904 -0.45
1540 2.19
2051 0.22
23
TER
0414 2.05
0927 -0.26
1504 1.40
1742 1.73
2204 -0.06
08
SEG
0055 1.11
0459 2.30
0938 -0.43
1623 2.14
2121 0.14
24
QUA
0429 2.00
1002 -0.23
1404 1.66
1619 1.41
1816 1.55
2244 -0.00
09
TER
0204 1.15
0544 2.27
1006 -0.37
1708 2.01
2201 0.08
25
QUI
0449 1.95
1046 -0.12
1442 1.77
1902 1.37
2316 0.11
10
QUA
0110 1.40
0304 1.16
0625 2.18
1046 -0.22
1757 1.81
2242 0.10
26
SEX
0508 1.87
1114 0.04
1514 1.83
2002 1.22
11
QUI
0153 1.52
0406 1.11
0714 2.05
1116 -0.02
1853 1.58
2314 0.17
27
SÁB
0001 0.25
0542 1.74
1157 0.21
1544 1.84
1914 1.01
2106 1.15
12
SEX
0227 1.60
0506 0.99
0810 1.92
1201 0.23
1538 1.38
1749 1.17
2002 1.37
28
DOM
0049 0.44
0636 1.55
1238 0.44
1610 1.78
1951 0.88
2212 1.19
13
SÁB
0001 0.27
0308 1.65
0604 0.79
0908 1.82
1242 0.53
1602 1.46
1851 0.93
2114 1.26
29
SEG
0146 0.61
0901 1.45
1316 0.66
1638 1.67
2008 0.78
2316 1.33
14
DOM
0047 0.44
0353 1.60
0659 0.56
1008 1.79
1321 0.82
1632 1.46
1931 0.72
2221 1.29
30
TER
0359 0.66
1016 1.54
1404 0.86
1702 1.51
2027 0.70
15
SEG
0138 0.62
0427 1.46
0742 0.36
1110 1.83
1414 1.07
1657 1.39
2008 0.57
2321 1.41
16
TER
0238 0.78
0504 1.25
0814 0.23
1210 1.93
2047 0.54
Outubro
HORA ALT(m) HORA ALT(m)
01
QUA
0008 1.53
0527 0.47
1112 1.71
1506 1.00
1729 1.29
2047 0.63
17
SEX
0040 1.84
0502 0.64
0612 0.68
0901 0.36
1336 2.04
2002 0.69
2046 0.67
02
QUI
0057 1.76
0623 0.19
1202 1.90
1755 1.05
2102 0.58
18
SÁB
0119 1.97
0623 0.40
1421 2.04
1927 0.40
03
SEX
0142 1.97
0704 -0.07
1251 2.05
2117 0.60
19
DOM
0201 2.05
0706 0.17
1504 1.99
2002 0.16
04
SÁB
0223 2.14
0742 -0.25
1338 2.14
1923 0.55
20
SEG
0236 2.08
0749 0.01
1551 1.90
2036 -0.00
05
DOM
0304 2.27
0808 -0.38
1425 2.16
1959 0.35
21
TER
0306 2.07
0819 -0.08
1347 1.40
1629 1.78
2106 -0.09
06
SEG
0351 2.34
0844 -0.40
1514 2.12
2027 0.20
22
QUA
0331 2.05
0901 -0.11
1302 1.60
1501 1.44
1706 1.65
2147 -0.10
07
TER
0434 2.35
0908 -0.37
1604 2.02
2102 0.07
23
QUI
0359 2.02
0936 -0.06
1334 1.72
1604 1.41
1749 1.51
2217 -0.05
08
QUA
0019 1.19
0142 1.14
0517 2.30
0947 -0.26
1653 1.86
2146 0.03
24
SEX
0423 1.98
1006 0.01
1406 1.79
1710 1.34
1831 1.38
2301 0.04
09
QUI
0057 1.33
0249 1.12
0606 2.21
1016 -0.09
1744 1.67
2217 0.04
25
SÁB
0501 1.92
1051 0.13
1438 1.81
1806 1.22
1923 1.27
2342 0.17
10
SEX
0127 1.44
0349 1.05
0701 2.08
1059 0.11
1427 1.42
1612 1.27
1846 1.47
2301 0.08
26
DOM
0546 1.80
1125 0.29
1508 1.80
1847 1.11
2027 1.22
11
SÁB
0208 1.52
0451 0.93
0757 1.94
1136 0.37
1501 1.53
1740 1.10
1959 1.32
2349 0.20
27
SEG
0023 0.32
0644 1.66
1202 0.46
1534 1.74
1906 0.97
2129 1.26
12
DOM
0255 1.54
0547 0.74
0857 1.84
1212 0.62
1536 1.58
1832 0.89
2104 1.28
28
TER
0119 0.46
0819 1.57
1253 0.65
1604 1.65
1931 0.85
2227 1.38
13
SEG
0032 0.35
0332 1.49
0636 0.54
0957 1.81
1302 0.87
1606 1.57
1912 0.70
2206 1.34
29
QUA
0247 0.55
0944 1.62
1344 0.83
1634 1.51
1955 0.71
2321 1.57
14
TER
0119 0.51
0410 1.38
0717 0.35
1055 1.84
1401 1.09
1642 1.47
1955 0.59
2304 1.49
30
QUI
0455 0.44
1044 1.76
1442 0.97
1702 1.34
2012 0.59
15
QUA
0216 0.65
0455 1.20
0801 0.24
1151 1.92
1508 1.21
1651 1.27
2019 0.57
2355 1.67
31
SEX
0012 1.78
0557 0.24
1132 1.91
1557 1.02
1731 1.11
2040 0.53
16
QUI
0325 0.72
0532 0.95
0836 0.25
1246 1.99
2053 0.61
Novembro
HORA ALT(m) HORA ALT(m)
01
SÁB
0059 1.98
0638 0.04
1219 2.02
2102 0.52
17
SEG
0125 1.98
0621 0.38
1444 1.85
1944 0.19
02
DOM
0147 2.15
0710 -0.12
1308 2.07
2114 0.59
18
TER
0201 2.00
0706 0.25
1523 1.78
2012 0.02
03
SEG
0236 2.26
0749 -0.21
1401 2.05
1938 0.40
19
QUA
0231 2.00
0753 0.15
1202 1.44
1319 1.38
1604 1.71
2055 -0.08
04
TER
0323 2.32
0814 -0.22
1453 1.97
2006 0.22
20
QUI
0302 1.99
0829 0.12
1227 1.58
1425 1.40
1649 1.63
2127 -0.11
05
QUA
0410 2.33
0853 -0.17
1549 1.87
2051 0.09
21
SEX
0334 1.99
0904 0.10
1301 1.66
1517 1.39
1727 1.56
2204 -0.10
06
QUI
0008 1.08
0106 1.06
0501 2.30
0921 -0.05
1644 1.74
2123 0.02
22
SÁB
0412 1.99
0947 0.14
1329 1.70
1608 1.37
1806 1.50
2246 -0.04
07
SEX
0034 1.20
0217 1.03
0553 2.22
1001 0.09
1323 1.36
1457 1.28
1742 1.61
2202 -0.03
23
DOM
0457 1.96
1019 0.22
1402 1.70
1702 1.32
1857 1.45
2321 0.04
08
SÁB
0110 1.29
0317 0.96
0646 2.11
1038 0.27
1401 1.47
1604 1.21
1844 1.48
2253 -0.00
24
SEG
0542 1.90
1101 0.30
1429 1.69
1746 1.24
1953 1.42
09
DOM
0157 1.34
0416 0.87
0740 1.99
1114 0.46
1434 1.55
1710 1.10
1949 1.41
2334 0.09
25
TER
0006 0.14
0634 1.81
1146 0.43
1504 1.66
1812 1.11
2049 1.43
10
SEG
0238 1.36
0514 0.74
0836 1.89
1201 0.64
1510 1.60
1806 0.96
2051 1.40
26
QUA
0059 0.25
0747 1.72
1225 0.58
1536 1.60
1851 0.96
2144 1.51
11
TER
0016 0.20
0317 1.35
0608 0.59
0931 1.83
1249 0.83
1557 1.57
1857 0.83
2146 1.46
27
QUI
0155 0.37
0904 1.71
1310 0.72
1608 1.53
1916 0.79
2234 1.63
12
QUA
0106 0.32
0402 1.30
0701 0.45
1025 1.83
1338 0.99
1638 1.46
1927 0.75
2236 1.57
28
SEX
0331 0.44
1006 1.76
1402 0.85
1647 1.39
1951 0.64
2325 1.79
13
QUI
0202 0.45
0449 1.18
0747 0.38
1121 1.85
1442 1.08
1710 1.26
2002 0.70
2319 1.70
29
SÁB
0502 0.38
1102 1.83
1502 0.94
1712 1.22
2016 0.54
14
SEX
0301 0.55
0529 1.03
0819 0.40
1214 1.88
1751 1.01
2025 0.72
30
DOM
0019 1.95
0604 0.26
1157 1.89
1619 0.95
1751 1.00
2053 0.50
15
SÁB
0006 1.83
0404 0.58
0617 0.85
0857 0.51
1304 1.90
1819 0.71
16
DOM
0049 1.93
0516 0.52
0757 0.73
0906 0.70
1355 1.89
1904 0.42
Dezembro
HORA ALT(m) HORA ALT(m)
01
SEG
0112 2.08
0651 0.16
1246 1.89
2114 0.53
17
QUA
0131 1.87
0629 0.52
1506 1.72
2002 0.07
02
TER
0206 2.19
0721 0.10
1340 1.86
1917 0.51
18
QUI
0206 1.90
0717 0.42
1121 1.33
1255 1.27
1553 1.72
2040 -0.06
03
QUA
0302 2.26
0801 0.07
1440 1.81
1959 0.29
19
SEX
0242 1.93
0802 0.33
1159 1.44
1351 1.32
1632 1.71
2110 -0.14
04
QUI
0357 2.29
0832 0.10
1544 1.76
2032 0.12
20
SÁB
0321 1.98
0847 0.27
1227 1.50
1425 1.34
1708 1.72
2153 -0.18
05
SEX
0447 2.29
0904 0.15
1642 1.72
2108 -0.02
21
DOM
0404 2.02
0919 0.25
1259 1.53
1504 1.34
1751 1.72
2225 -0.17
06
SÁB
0019 1.01
0155 0.91
0538 2.24
0947 0.24
1302 1.34
1423 1.24
1736 1.67
2157 -0.10
22
SEG
0449 2.05
1001 0.23
1327 1.54
1549 1.34
1829 1.71
2304 -0.15
07
DOM
0102 1.09
0255 0.88
0625 2.16
1019 0.34
1336 1.43
1529 1.24
1827 1.63
2238 -0.10
23
TER
0531 2.03
1044 0.27
1404 1.56
1625 1.30
1912 1.69
2347 -0.07
08
SEG
0146 1.15
0353 0.85
0716 2.06
1102 0.44
1414 1.51
1636 1.22
1919 1.59
2316 -0.08
24
QUA
0619 1.96
1119 0.34
1438 1.57
1714 1.22
2004 1.67
09
TER
0227 1.21
0453 0.81
0808 1.94
1149 0.56
1504 1.55
1736 1.16
2014 1.57
25
QUI
0023 0.04
0717 1.85
1202 0.42
1512 1.58
1802 1.08
2101 1.67
10
QUA
0002 -0.02
0314 1.27
0553 0.75
0904 1.83
1227 0.67
1555 1.54
1825 1.08
2106 1.58
26
SEX
0110 0.18
0827 1.74
1249 0.55
1555 1.56
1851 0.90
2157 1.71
11
QUI
0053 0.11
0401 1.30
0647 0.66
1001 1.75
1314 0.77
1640 1.45
1906 0.99
2202 1.61
27
SÁB
0204 0.36
0936 1.68
1334 0.70
1623 1.48
1925 0.72
2253 1.78
12
SEX
0140 0.27
0446 1.29
0734 0.60
1055 1.71
1410 0.86
1716 1.30
1947 0.93
2251 1.67
28
DOM
0310 0.53
1036 1.66
1421 0.83
1702 1.36
2004 0.56
2347 1.88
13
SÁB
0223 0.41
0523 1.23
0814 0.59
1147 1.69
1529 0.90
1804 1.09
2004 0.88
2334 1.73
29
SEG
0508 0.60
1129 1.67
1523 0.93
1740 1.16
2042 0.48
14
DOM
0314 0.53
0608 1.14
0859 0.66
1240 1.70
1738 0.77
1912 0.85
2006 0.84
30
TER
0046 1.98
0625 0.53
1225 1.68
1757 0.92
2112 0.45
15
SEG
0014 1.79
0414 0.60
0706 1.03
0936 0.81
1332 1.71
1840 0.51
31
QUA
0147 2.09
0708 0.44
1329 1.70
2146 0.49
16
TER
0055 1.83
0521 0.60
0853 1.00
1006 0.99
1419 1.71
1917 0.27
DG6-62 Original
