152
PORTO DE PARANAGUÁ - CAIS OESTE (ESTADO DO PARANÁ) - 2025
Latitude 25° 18'.4 S Longitude 48° 19'.3 W Fuso UTC -03.0 horas
APPA 96 Componentes Nível Médio 0.98 m Carta 1822
Janeiro
HORA ALT(m) HORA ALT(m)
01
QUA
0431 1.96
0914 0.34
1757 1.60
2244 -0.14
17
SEX
0638 1.80
1047 0.11
1512 1.57
2304 0.11
02
QUI
0516 1.99
0953 0.30
1347 1.25
1553 1.10
1853 1.53
2329 -0.08
18
SÁB
0714 1.67
1117 0.11
1549 1.60
2344 0.20
03
SEX
0604 1.97
1023 0.28
1410 1.38
1657 1.01
1947 1.46
19
DOM
0757 1.53
1201 0.20
1621 1.57
04
SÁB
0017 0.04
0653 1.90
1102 0.27
1451 1.49
1751 0.92
2040 1.40
20
SEG
0014 0.32
0846 1.38
1244 0.35
1704 1.46
05
DOM
0108 0.20
0740 1.78
1144 0.31
1523 1.54
1836 0.85
2134 1.36
21
TER
0059 0.48
0504 1.14
0701 1.06
0942 1.27
1329 0.52
1751 1.30
2021 1.13
2140 1.15
06
SEG
0208 0.37
0823 1.63
1219 0.38
1606 1.52
1916 0.78
2232 1.36
22
QUA
0146 0.63
0521 1.10
0755 0.94
1049 1.24
1442 0.65
1851 1.11
2008 1.08
2249 1.20
07
TER
0321 0.52
0914 1.46
1308 0.49
1655 1.41
2002 0.73
2334 1.41
23
QUI
0242 0.76
0551 1.04
0829 0.84
1157 1.30
1608 0.66
2347 1.30
08
QUA
0444 0.62
1017 1.31
1410 0.62
1740 1.24
2042 0.68
24
SEX
0347 0.84
0606 0.98
0901 0.76
1253 1.41
1742 0.54
09
QUI
0036 1.52
0610 0.67
1146 1.26
1538 0.69
1823 1.01
2112 0.62
25
SÁB
0034 1.42
0459 0.87
0623 0.90
0925 0.71
1342 1.53
1857 0.35
10
SEX
0129 1.66
0717 0.68
1302 1.33
1704 0.64
1916 0.77
2149 0.57
26
DOM
0117 1.55
0947 0.66
1427 1.64
1951 0.14
11
SÁB
0216 1.80
0738 0.66
1404 1.45
1834 0.50
2204 0.52
27
SEG
0201 1.69
0949 0.65
1514 1.73
2034 -0.06
12
DOM
0304 1.90
0802 0.60
1459 1.53
1947 0.34
28
TER
0246 1.83
0831 0.57
1602 1.80
2116 -0.22
13
SEG
0351 1.96
0827 0.51
1547 1.56
2036 0.21
29
QUA
0332 1.96
0849 0.45
1655 1.83
2157 -0.30
14
TER
0432 1.97
0902 0.39
1629 1.54
2116 0.13
30
QUI
0419 2.05
0910 0.32
1742 1.81
2234 -0.29
15
QUA
0514 1.95
0936 0.27
1706 1.49
2159 0.08
31
SEX
0504 2.08
0942 0.21
1457 1.13
1827 1.75
2310 -0.19
16
QUI
0559 1.90
1008 0.16
1446 1.47
1744 1.42
2229 0.08
Fevereiro
HORA ALT(m) HORA ALT(m)
01
SÁB
0553 2.03
1008 0.11
1404 1.34
1610 1.14
1912 1.66
2344 -0.00
17
SEG
0719 1.50
1132 0.10
1634 1.58
2332 0.25
02
DOM
0638 1.90
1049 0.07
1442 1.47
1714 1.09
2002 1.53
18
TER
0402 1.25
0557 1.18
0806 1.32
1208 0.25
1704 1.49
03
SEG
0017 0.22
0719 1.71
1121 0.10
1516 1.55
1812 1.00
2057 1.39
19
QUA
0002 0.40
0408 1.28
0701 1.01
0906 1.18
1259 0.43
1740 1.36
04
TER
0059 0.48
0806 1.48
1204 0.19
1602 1.56
1906 0.88
2201 1.29
20
QUI
0042 0.59
0427 1.28
0740 0.84
1017 1.14
1359 0.59
1823 1.18
2001 1.16
2127 1.19
05
QUA
0147 0.73
0904 1.25
1257 0.36
1646 1.47
1959 0.75
2316 1.30
21
SEX
0119 0.78
0451 1.25
0808 0.70
1125 1.23
1517 0.66
2253 1.25
06
QUI
0301 0.95
0425 0.98
0723 0.85
1023 1.11
1357 0.56
1723 1.29
2036 0.64
22
SÁB
0217 0.95
0504 1.18
0836 0.59
1221 1.38
1727 0.58
2355 1.39
07
SEX
0034 1.43
0823 0.72
1159 1.16
1508 0.70
1802 1.06
2106 0.53
23
DOM
0349 1.07
0506 1.10
0901 0.50
1314 1.55
1857 0.33
08
SÁB
0129 1.61
0901 0.65
1304 1.31
1655 0.71
1840 0.78
2132 0.48
24
SEG
0046 1.55
0919 0.46
1404 1.70
1947 0.05
09
DOM
0214 1.77
0910 0.64
1359 1.47
2140 0.43
25
TER
0134 1.73
0940 0.45
1457 1.82
2025 -0.17
10
SEG
0259 1.88
0812 0.54
1446 1.58
2016 0.28
26
QUA
0225 1.88
0923 0.47
1546 1.91
2104 -0.32
11
TER
0336 1.95
0825 0.36
1523 1.63
2042 0.12
27
QUI
0316 2.01
0842 0.38
1631 1.96
2138 -0.36
12
QUA
0414 1.98
0857 0.18
1602 1.65
2110 0.02
28
SEX
0402 2.07
0857 0.23
1716 1.97
2210 -0.29
13
QUI
0455 1.97
0921 0.05
1638 1.64
2142 -0.02
14
SEX
0532 1.92
0959 -0.04
1649 1.62
2208 -0.02
15
SÁB
0606 1.83
1023 -0.06
1547 1.62
2238 0.03
16
DOM
0644 1.68
1101 -0.02
1610 1.62
2304 0.11
Março
HORA ALT(m) HORA ALT(m)
01
SÁB
0449 2.06
0914 0.08
1801 1.91
2234 -0.13
17
SEG
0604 1.62
1032 -0.03
1723 1.68
2229 0.11
02
DOM
0534 1.95
0953 -0.03
1353 1.29
1532 1.20
1847 1.79
2302 0.07
18
TER
0647 1.42
1104 0.08
1734 1.60
2259 0.22
03
SEG
0617 1.77
1021 -0.05
1421 1.41
1646 1.17
1929 1.62
2327 0.32
19
QUA
0310 1.35
0559 1.14
0742 1.21
1146 0.24
1740 1.50
2323 0.36
04
TER
0704 1.53
1104 -0.00
1504 1.48
1749 1.07
2019 1.44
20
QUI
0325 1.42
0647 0.93
0853 1.08
1229 0.41
1914 1.38
05
QUA
0002 0.57
0351 1.05
0506 1.03
0802 1.27
1153 0.17
1549 1.46
1847 0.92
2129 1.28
21
SEX
0001 0.53
0351 1.44
0714 0.73
1002 1.09
1338 0.55
2040 1.31
06
QUI
0040 0.84
0346 1.18
0657 0.86
0912 1.07
1246 0.39
1625 1.36
1932 0.75
2301 1.27
22
SÁB
0038 0.74
0406 1.41
0746 0.58
1104 1.23
1504 0.59
2155 1.34
07
SEX
0123 1.09
0402 1.26
0749 0.67
1049 1.06
1351 0.60
1704 1.20
2012 0.60
23
DOM
0119 0.94
0425 1.32
0804 0.45
1201 1.42
1717 0.49
2302 1.45
08
SÁB
0021 1.41
0821 0.57
1201 1.22
1508 0.73
1749 0.96
2049 0.52
24
SEG
0227 1.13
0431 1.22
0827 0.37
1247 1.61
1834 0.22
09
DOM
0119 1.60
0851 0.56
1257 1.40
1706 0.68
1808 0.70
2102 0.49
25
TER
0002 1.61
0853 0.32
1332 1.76
1921 -0.04
10
SEG
0204 1.75
0834 0.58
1340 1.55
1929 0.43
26
QUA
0102 1.77
0908 0.34
1421 1.89
2002 -0.23
11
TER
0242 1.86
0747 0.40
1416 1.64
1942 0.22
27
QUI
0201 1.90
0849 0.39
1512 1.97
2040 -0.30
12
QUA
0316 1.93
0804 0.16
1455 1.69
2012 0.06
28
SEX
0253 1.98
0812 0.30
1602 2.02
2110 -0.26
13
QUI
0353 1.95
0832 -0.03
1529 1.72
2044 -0.02
29
SÁB
0342 2.00
0823 0.14
1653 2.02
2134 -0.12
14
SEX
0425 1.94
0902 -0.14
1555 1.74
2110 -0.06
30
DOM
0427 1.94
0855 -0.01
1736 1.97
2201 0.05
15
SÁB
0501 1.89
0931 -0.16
1631 1.74
2142 -0.03
31
SEG
0512 1.79
0921 -0.08
1323 1.20
1455 1.14
1816 1.86
2221 0.23
16
DOM
0534 1.78
1002 -0.13
1649 1.73
2204 0.02
Abril
HORA ALT(m) HORA ALT(m)
01
TER
0601 1.57
1002 -0.07
1401 1.27
1559 1.10
1902 1.71
2257 0.43
17
QUI
0240 1.41
0549 1.10
0706 1.14
1119 0.25
1829 1.61
2301 0.34
02
QUA
0246 1.11
0406 1.07
0657 1.32
1049 0.07
1444 1.28
1701 1.03
1959 1.52
2323 0.63
18
SEX
0301 1.50
0621 0.88
0831 1.03
1214 0.39
1914 1.54
2331 0.49
03
QUI
0255 1.29
0559 0.91
0802 1.10
1136 0.27
1523 1.24
1801 0.91
2101 1.36
19
SÁB
0317 1.53
0657 0.68
0949 1.08
1334 0.48
2008 1.51
04
SEX
0002 0.84
0319 1.41
0657 0.70
0929 1.02
1238 0.48
1606 1.16
1857 0.78
2217 1.29
20
DOM
0006 0.66
0347 1.49
0714 0.53
1046 1.25
1506 0.47
2108 1.52
05
SÁB
0055 1.05
0355 1.43
0738 0.56
1053 1.14
1357 0.63
1659 1.02
1942 0.67
2347 1.37
21
SEG
0055 0.85
0402 1.39
0744 0.42
1131 1.46
1644 0.33
2210 1.58
06
DOM
0206 1.23
0412 1.30
0806 0.52
1151 1.32
1519 0.67
1746 0.84
2010 0.62
22
TER
0147 1.05
0414 1.25
0802 0.35
1212 1.65
1757 0.13
2314 1.66
07
SEG
0051 1.52
0827 0.57
1234 1.48
1655 0.57
1901 0.64
2014 0.62
23
QUA
0823 0.34
1301 1.80
1849 -0.04
08
TER
0136 1.66
0740 0.58
1308 1.59
1806 0.38
24
QUI
0017 1.74
0844 0.37
1349 1.90
1931 -0.12
09
QUA
0214 1.78
0710 0.30
1346 1.66
1857 0.21
25
SEX
0123 1.81
0814 0.42
1440 1.96
2008 -0.11
10
QUI
0251 1.85
0736 0.04
1410 1.71
1932 0.09
26
SÁB
0225 1.86
0736 0.28
1531 1.99
2036 -0.00
11
SEX
0321 1.88
0804 -0.14
1438 1.74
2006 0.03
27
DOM
0317 1.85
0757 0.10
1619 2.00
2102 0.15
12
SÁB
0355 1.87
0836 -0.21
1519 1.77
2042 0.03
28
SEG
0406 1.77
0821 -0.00
1706 1.97
2121 0.29
13
DOM
0423 1.82
0904 -0.20
1555 1.78
2106 0.06
29
TER
0457 1.62
0902 -0.04
1259 1.04
1406 1.00
1759 1.90
2159 0.41
14
SEG
0457 1.71
0934 -0.12
1638 1.78
2134 0.11
30
QUA
0547 1.41
0946 0.04
1329 1.04
1506 0.95
1847 1.78
2225 0.53
15
TER
0527 1.55
1004 -0.03
1714 1.74
2202 0.16
16
QUA
0238 1.32
0408 1.29
0604 1.35
1042 0.11
1749 1.68
2225 0.25
DG6-62 Original
153
PORTO DE PARANAGUÁ - CAIS OESTE (ESTADO DO PARANÁ) - 2025
Latitude 25° 18'.4 S Longitude 48° 19'.3 W Fuso UTC -03.0 horas
APPA 96 Componentes Nível Médio 0.98 m Carta 1822
Maio
HORA ALT(m) HORA ALT(m)
01
QUI
0201 1.27
0438 1.03
0649 1.19
1025 0.20
1410 1.03
1602 0.90
1934 1.63
2304 0.62
17
SÁB
0240 1.49
0601 0.90
0808 1.08
1217 0.31
1902 1.74
2312 0.42
02
SEX
0238 1.44
0557 0.85
0802 1.05
1121 0.37
1504 1.00
1701 0.87
2025 1.48
2351 0.73
18
DOM
0302 1.54
0627 0.73
0917 1.13
1336 0.36
1953 1.73
2355 0.53
03
SÁB
0310 1.53
0649 0.69
0925 1.05
1236 0.52
1602 0.96
1759 0.84
2127 1.37
19
SEG
0327 1.51
0659 0.59
1014 1.28
1457 0.33
2042 1.71
04
DOM
0032 0.86
0357 1.50
0723 0.60
1036 1.18
1359 0.58
1701 0.90
1851 0.82
2240 1.34
20
TER
0032 0.68
0359 1.43
0719 0.51
1104 1.46
1614 0.24
2132 1.69
05
SEG
0131 1.00
0432 1.31
0801 0.61
1123 1.33
1508 0.56
1808 0.83
1914 0.81
2351 1.40
21
QUA
0116 0.82
0419 1.27
0749 0.48
1149 1.61
1716 0.16
2229 1.65
06
TER
0501 1.02
0814 0.69
1204 1.47
1614 0.48
22
QUI
0225 0.95
0442 1.06
0808 0.48
1229 1.74
1808 0.11
2338 1.62
07
QUA
0051 1.51
0610 0.66
1242 1.56
1712 0.38
23
SEX
0831 0.52
1314 1.83
1857 0.13
08
QUI
0138 1.62
0631 0.32
1304 1.62
1804 0.28
24
SÁB
0055 1.63
0701 0.53
1406 1.89
1936 0.22
09
SEX
0216 1.71
0704 0.05
1327 1.68
1853 0.23
25
DOM
0204 1.66
0659 0.33
1502 1.93
2008 0.34
10
SÁB
0253 1.76
0738 -0.11
1347 1.72
1927 0.21
26
SEG
0301 1.68
0725 0.17
1559 1.96
2031 0.45
11
DOM
0321 1.77
0808 -0.17
1434 1.74
2004 0.22
27
TER
0353 1.64
0804 0.08
1651 1.96
2104 0.52
12
SEG
0355 1.74
0840 -0.15
1529 1.76
2038 0.24
28
QUA
0440 1.52
0849 0.09
1740 1.93
2140 0.55
13
TER
0423 1.66
0910 -0.11
1614 1.78
2106 0.25
29
QUI
0116 1.09
0229 1.08
0529 1.36
0929 0.17
1304 0.80
1414 0.77
1825 1.87
2212 0.53
14
QUA
0459 1.53
0947 -0.01
1655 1.79
2136 0.27
30
SEX
0157 1.30
0425 1.07
0629 1.19
1017 0.27
1502 0.78
1910 1.77
2259 0.50
15
QUI
0216 1.30
0344 1.28
0542 1.35
1021 0.09
1736 1.78
2206 0.29
31
SÁB
0234 1.48
0553 0.94
0749 1.08
1116 0.38
1553 0.83
2001 1.64
2338 0.51
16
SEX
0214 1.40
0510 1.11
0649 1.16
1112 0.21
1816 1.76
2242 0.34
Junho
HORA ALT(m) HORA ALT(m)
01
DOM
0312 1.58
0642 0.83
0901 1.07
1223 0.46
2046 1.50
17
TER
0317 1.53
0642 0.75
0947 1.29
1431 0.26
2012 1.82
02
SEG
0016 0.55
0359 1.55
0717 0.76
1002 1.14
1332 0.50
2132 1.39
18
QUA
0014 0.43
0357 1.49
0708 0.67
1036 1.39
1538 0.29
2101 1.71
03
TER
0106 0.66
0444 1.38
0757 0.78
1057 1.24
1436 0.51
2232 1.33
19
QUI
0101 0.54
0427 1.35
0744 0.65
1119 1.50
1636 0.33
2153 1.57
04
QUA
0217 0.78
0531 1.12
0810 0.85
1134 1.34
1534 0.49
2346 1.36
20
SEX
0153 0.68
0504 1.16
0806 0.64
1206 1.60
1732 0.41
2301 1.43
05
QUI
0427 0.70
1204 1.44
1623 0.47
21
SÁB
0319 0.76
0555 0.93
0840 0.64
1259 1.70
1829 0.50
06
SEX
0053 1.45
0549 0.43
1231 1.53
1712 0.45
22
DOM
0032 1.39
0514 0.64
0702 0.70
0902 0.61
1351 1.78
1927 0.58
07
SÁB
0144 1.55
0634 0.19
1253 1.60
1802 0.45
23
SEG
0153 1.47
0625 0.44
1447 1.86
2021 0.65
08
DOM
0221 1.63
0710 0.03
1323 1.65
1847 0.47
24
TER
0251 1.56
0714 0.29
1542 1.92
2029 0.67
09
SEG
0259 1.68
0747 -0.05
1404 1.69
1927 0.48
25
QUA
0340 1.58
0802 0.20
1632 1.96
2104 0.63
10
TER
0329 1.69
0819 -0.09
1453 1.73
2008 0.46
26
QUI
0421 1.54
0849 0.18
1721 1.98
2134 0.54
11
QUA
0404 1.65
0901 -0.09
1546 1.78
2049 0.42
27
SEX
0506 1.45
0929 0.20
1806 1.96
2208 0.40
12
QUI
0446 1.57
0938 -0.06
1636 1.84
2121 0.37
28
SÁB
0210 1.31
0402 1.23
0559 1.31
1014 0.23
1853 1.89
2249 0.29
13
SEX
0529 1.44
1021 -0.00
1719 1.89
2159 0.32
29
DOM
0246 1.49
0659 1.19
1106 0.28
1931 1.76
2319 0.23
14
SÁB
0206 1.31
0419 1.18
0631 1.30
1114 0.07
1804 1.93
2227 0.30
30
SEG
0319 1.61
0802 1.10
1159 0.35
2006 1.62
15
DOM
0223 1.42
0521 1.02
0746 1.21
1214 0.16
1849 1.93
2304 0.30
16
SEG
0255 1.50
0604 0.86
0851 1.22
1321 0.22
1931 1.89
2342 0.35
Julho
HORA ALT(m) HORA ALT(m)
01
TER
0002 0.24
0402 1.61
0717 0.98
0904 1.07
1249 0.43
2051 1.47
17
QUI
0001 0.19
0353 1.56
0702 0.82
1002 1.31
1447 0.49
2040 1.60
02
QUA
0047 0.37
0446 1.48
0757 0.95
1002 1.11
1344 0.51
2138 1.33
18
SEX
0042 0.32
0425 1.46
0740 0.75
1102 1.36
1553 0.64
2129 1.38
03
QUI
0138 0.54
0527 1.27
0810 0.97
1051 1.19
1440 0.58
1957 1.10
2247 1.27
19
SÁB
0127 0.49
0502 1.30
0808 0.67
1201 1.47
1732 0.77
2249 1.21
04
SEX
0301 0.66
0644 1.02
0806 0.98
1127 1.29
1529 0.63
1914 1.06
2055 1.03
20
DOM
0240 0.67
0546 1.06
0844 0.59
1257 1.59
2025 0.75
05
SÁB
0002 1.30
0453 0.59
1201 1.40
1614 0.66
1951 1.00
2127 0.96
21
SEG
0034 1.23
0419 0.72
0614 0.80
0906 0.51
1349 1.72
2131 0.66
06
DOM
0108 1.41
0606 0.39
1229 1.50
1702 0.70
2010 0.93
2153 0.89
22
TER
0149 1.39
0931 0.44
1438 1.83
2206 0.63
07
SEG
0157 1.53
0655 0.20
1302 1.58
1753 0.73
2204 0.84
23
QUA
0240 1.54
0753 0.34
1527 1.91
2136 0.65
08
TER
0236 1.62
0736 0.06
1340 1.65
1902 0.73
24
QUI
0321 1.63
0821 0.19
1616 1.97
2106 0.53
09
QUA
0310 1.68
0814 -0.06
1427 1.73
2008 0.65
25
SEX
0402 1.64
0859 0.11
1704 2.01
2127 0.36
10
QUI
0355 1.71
0857 -0.15
1521 1.81
2049 0.53
26
SÁB
0446 1.59
0927 0.08
1749 1.99
2201 0.18
11
SEX
0434 1.68
0936 -0.19
1616 1.91
2117 0.40
27
DOM
0514 1.50
1004 0.09
1825 1.93
2231 0.06
12
SÁB
0517 1.61
1016 -0.18
1704 2.00
2149 0.29
28
SEG
0306 1.55
1044 0.15
1902 1.82
2304 -0.00
13
DOM
0610 1.51
1102 -0.11
1751 2.05
2216 0.19
29
TER
0331 1.63
1114 0.23
1942 1.65
2344 0.06
14
SEG
0216 1.35
0444 1.16
0708 1.41
1149 0.01
1832 2.03
2253 0.14
30
QUA
0404 1.64
1157 0.36
2014 1.47
15
TER
0246 1.48
0540 1.04
0806 1.33
1242 0.17
1912 1.95
2321 0.14
31
QUI
0016 0.19
0440 1.54
1234 0.50
1659 1.19
1842 1.15
2102 1.31
16
QUA
0312 1.56
0619 0.92
0904 1.30
1342 0.34
1955 1.81
Agosto
HORA ALT(m) HORA ALT(m)
01
SEX
0102 0.38
0514 1.36
0810 1.05
0942 1.09
1317 0.64
1712 1.20
1951 1.03
2206 1.20
17
DOM
0110 0.47
0451 1.32
0802 0.59
1202 1.41
2001 0.75
2308 1.09
02
SÁB
0202 0.58
0602 1.13
0804 1.01
1044 1.17
1410 0.76
1738 1.17
2031 0.91
2327 1.21
18
SEG
0219 0.70
0516 1.08
0831 0.47
1301 1.57
2051 0.62
03
DOM
0336 0.67
1127 1.30
1504 0.84
1801 1.12
2102 0.80
19
TER
0044 1.24
0414 0.79
0531 0.81
0857 0.38
1347 1.72
2119 0.57
04
SEG
0036 1.33
0546 0.54
1204 1.43
1559 0.90
1814 1.05
2127 0.73
20
QUA
0140 1.45
0904 0.32
1429 1.84
2132 0.58
05
TER
0127 1.49
0651 0.30
1242 1.55
1702 0.94
1823 0.97
2153 0.67
21
QUI
0221 1.62
0821 0.22
1512 1.92
2034 0.51
06
QUA
0212 1.63
0734 0.07
1317 1.66
2206 0.64
22
SEX
0302 1.72
0819 0.07
1559 1.96
2047 0.31
07
QUI
0257 1.75
0810 -0.13
1406 1.77
2151 0.62
23
SÁB
0342 1.75
0844 -0.02
1640 1.98
2110 0.11
08
SEX
0338 1.82
0849 -0.28
1501 1.88
2057 0.51
24
DOM
0408 1.73
0908 -0.06
1719 1.96
2142 -0.03
09
SÁB
0417 1.84
0923 -0.35
1555 1.98
2106 0.35
25
SEG
0431 1.69
0942 -0.03
1759 1.89
2210 -0.11
10
DOM
0504 1.81
1001 -0.33
1647 2.05
2131 0.20
26
TER
0336 1.66
1006 0.03
1836 1.76
2247 -0.10
11
SEG
0553 1.72
1034 -0.22
1732 2.07
2201 0.06
27
QUA
0349 1.66
1040 0.14
1908 1.59
2314 -0.01
12
TER
0212 1.33
0351 1.27
0640 1.59
1110 -0.03
1814 2.00
2229 -0.01
28
QUI
0410 1.62
1104 0.27
1527 1.25
1710 1.19
1953 1.40
2357 0.15
13
QUA
0232 1.46
0502 1.20
0725 1.45
1147 0.21
1859 1.86
2304 -0.03
29
SEX
0434 1.52
1140 0.44
1549 1.31
1836 1.07
2047 1.22
14
QUI
0304 1.56
0602 1.06
0821 1.32
1221 0.47
1942 1.64
2346 0.07
30
SÁB
0036 0.35
0504 1.37
1214 0.61
1608 1.35
1921 0.91
2155 1.13
15
SEX
0340 1.56
0651 0.91
0929 1.24
1308 0.73
2029 1.39
31
DOM
0127 0.55
0544 1.16
0747 1.07
0942 1.14
1302 0.77
1638 1.33
2002 0.76
2304 1.18
16
SÁB
0021 0.24
0412 1.49
0725 0.75
1051 1.27
1412 0.96
1601 0.99
1836 0.91
2134 1.16
DG6-62 Original
154
PORTO DE PARANAGUÁ - CAIS OESTE (ESTADO DO PARANÁ) - 2025
Latitude 25° 18'.4 S Longitude 48° 19'.3 W Fuso UTC -03.0 horas
APPA 96 Componentes Nível Médio 0.98 m Carta 1822
Setembro
HORA ALT(m) HORA ALT(m)
01
SEG
0251 0.67
1046 1.25
1401 0.91
1701 1.27
2027 0.65
17
QUA
0032 1.36
0827 0.36
1329 1.73
2057 0.55
02
TER
0004 1.33
0542 0.57
1131 1.41
1502 1.01
1716 1.18
2055 0.57
18
QUI
0117 1.56
0819 0.32
1410 1.83
2017 0.55
03
QUA
0101 1.52
0644 0.27
1212 1.58
1621 1.06
1708 1.07
2112 0.51
19
SEX
0201 1.70
0731 0.17
1451 1.89
1953 0.33
04
QUI
0147 1.69
0719 -0.01
1257 1.72
2134 0.49
20
SÁB
0238 1.78
0749 0.01
1529 1.91
2014 0.09
05
SEX
0231 1.83
0759 -0.25
1342 1.84
2134 0.50
21
DOM
0304 1.81
0812 -0.09
1608 1.91
2046 -0.07
06
SÁB
0314 1.93
0831 -0.39
1434 1.94
2032 0.43
22
SEG
0334 1.82
0844 -0.11
1649 1.86
2114 -0.16
07
DOM
0401 1.98
0902 -0.43
1532 2.00
2046 0.26
23
TER
0351 1.81
0908 -0.08
1723 1.78
2149 -0.16
08
SEG
0444 1.95
0932 -0.35
1623 2.02
2104 0.09
24
QUA
0416 1.78
0940 -0.00
1801 1.65
2216 -0.10
09
TER
0521 1.86
1002 -0.20
1710 1.97
2132 -0.03
25
QUI
0429 1.72
1002 0.10
1555 1.26
1842 1.47
2257 0.01
10
QUA
0249 1.30
0604 1.73
1025 0.03
1759 1.85
2204 -0.10
26
SEX
0440 1.62
1029 0.23
1446 1.36
1716 1.15
1925 1.28
2327 0.17
11
QUI
0214 1.41
0412 1.26
0655 1.56
1059 0.28
1846 1.65
2247 -0.05
27
SÁB
0451 1.49
1102 0.37
1504 1.45
1816 0.98
2023 1.12
12
SEX
0249 1.47
0519 1.13
0751 1.38
1123 0.56
1555 1.02
1936 1.40
2321 0.09
28
DOM
0008 0.34
0510 1.35
1138 0.54
1531 1.49
1902 0.80
2136 1.08
13
SÁB
0317 1.45
0614 0.93
0901 1.26
1202 0.82
1506 1.16
1802 0.92
2038 1.18
29
SEG
0104 0.51
0838 1.23
1216 0.72
1601 1.47
1931 0.66
2244 1.17
14
DOM
0006 0.30
0357 1.36
0702 0.72
1027 1.26
1255 1.08
1532 1.27
1906 0.73
2201 1.07
30
TER
0225 0.62
0953 1.30
1306 0.89
1621 1.37
2001 0.55
2340 1.36
15
SEG
0104 0.56
0427 1.19
0742 0.54
1153 1.40
1410 1.28
1546 1.31
2001 0.58
2327 1.16
16
TER
0225 0.77
0457 0.98
0806 0.41
1247 1.58
2036 0.53
Outubro
HORA ALT(m) HORA ALT(m)
01
QUA
0502 0.52
1049 1.45
1408 1.03
1646 1.24
2016 0.48
17
SEX
0059 1.60
0621 0.40
1342 1.75
1847 0.51
02
QUI
0025 1.56
0612 0.21
1136 1.62
2044 0.44
18
SÁB
0136 1.70
0638 0.20
1419 1.81
1910 0.20
03
SEX
0114 1.75
0657 -0.08
1221 1.77
2059 0.43
19
DOM
0204 1.77
0708 0.05
1459 1.83
1946 -0.02
04
SÁB
0202 1.89
0732 -0.28
1312 1.88
2049 0.46
20
SEG
0234 1.81
0744 -0.02
1534 1.81
2016 -0.15
05
DOM
0249 1.99
0804 -0.38
1408 1.93
1959 0.36
21
TER
0257 1.84
0810 -0.04
1610 1.76
2051 -0.18
06
SEG
0332 2.03
0836 -0.34
1506 1.94
2008 0.19
22
QUA
0331 1.85
0844 0.01
1647 1.68
2119 -0.15
07
TER
0412 2.02
0902 -0.22
1601 1.90
2034 0.05
23
QUI
0401 1.83
0906 0.06
1721 1.55
2159 -0.07
08
QUA
0457 1.95
0923 -0.03
1653 1.80
2104 -0.06
24
SEX
0436 1.79
0936 0.14
1404 1.34
1557 1.27
1802 1.39
2229 0.04
09
QUI
0542 1.82
0955 0.18
1744 1.63
2146 -0.06
25
SÁB
0510 1.70
1004 0.22
1414 1.43
1706 1.13
1859 1.21
2308 0.16
10
SEX
0153 1.25
0316 1.18
0627 1.66
1016 0.40
1404 1.10
1529 1.06
1834 1.42
2219 0.03
26
DOM
0549 1.59
1038 0.33
1440 1.51
1802 0.95
2002 1.09
2359 0.31
11
SÁB
0217 1.26
0429 1.08
0719 1.48
1057 0.61
1414 1.26
1704 0.95
1936 1.22
2306 0.19
27
SEG
0647 1.48
1110 0.46
1504 1.56
1840 0.78
2110 1.08
12
DOM
0301 1.24
0532 0.91
0827 1.34
1134 0.83
1453 1.39
1810 0.78
2049 1.09
28
TER
0059 0.44
0757 1.42
1157 0.61
1536 1.53
1906 0.64
2212 1.19
13
SEG
0002 0.41
0338 1.15
0621 0.73
0951 1.30
1216 1.03
1527 1.43
1904 0.62
2206 1.11
29
QUA
0214 0.50
0901 1.45
1242 0.78
1602 1.43
1931 0.56
2306 1.37
14
TER
0108 0.62
0408 1.03
0704 0.58
1106 1.38
1323 1.20
1601 1.36
1951 0.54
2316 1.27
30
QUI
0419 0.42
1001 1.54
1334 0.93
1627 1.26
1959 0.50
2359 1.56
15
QUA
0247 0.73
0451 0.85
0742 0.50
1206 1.52
2017 0.56
31
SEX
0536 0.19
1057 1.65
1459 1.01
1642 1.07
2014 0.49
16
QUI
0010 1.45
0757 0.48
1259 1.65
2032 0.64
Novembro
HORA ALT(m) HORA ALT(m)
01
SÁB
0044 1.72
0621 -0.03
1147 1.75
2036 0.50
17
SEG
0138 1.68
0629 0.23
1427 1.72
1912 -0.00
02
DOM
0127 1.86
0702 -0.16
1244 1.81
2029 0.53
18
TER
0202 1.73
0706 0.17
1502 1.72
1953 -0.10
03
SEG
0214 1.96
0738 -0.18
1344 1.83
1910 0.36
19
QUA
0232 1.78
0746 0.18
1540 1.69
2025 -0.12
04
TER
0302 2.02
0806 -0.10
1446 1.81
1936 0.20
20
QUI
0308 1.82
0812 0.19
1612 1.62
2104 -0.10
05
QUA
0349 2.03
0829 0.06
1542 1.75
2004 0.07
21
SEX
0344 1.84
0846 0.22
1653 1.53
2142 -0.05
06
QUI
0434 1.99
0859 0.22
1634 1.64
2046 0.03
22
SÁB
0423 1.83
0912 0.24
1351 1.31
1508 1.28
1738 1.40
2217 0.01
07
SEX
0517 1.90
0921 0.38
1355 1.03
1725 1.48
2121 0.06
23
DOM
0502 1.80
0949 0.26
1401 1.40
1646 1.17
1834 1.26
2302 0.09
08
SÁB
0117 0.98
0216 0.96
0608 1.78
1001 0.50
1323 1.21
1551 1.01
1821 1.31
2206 0.15
24
SEG
0547 1.75
1019 0.30
1421 1.49
1736 1.02
1944 1.16
2353 0.19
09
DOM
0201 0.99
0325 0.92
0702 1.63
1038 0.63
1402 1.39
1704 0.90
1929 1.17
2302 0.30
25
TER
0636 1.69
1101 0.37
1455 1.55
1810 0.86
2049 1.15
10
SEG
0244 0.98
0431 0.86
0802 1.49
1116 0.72
1451 1.50
1806 0.77
2046 1.11
26
QUA
0051 0.28
0727 1.64
1138 0.47
1519 1.54
1847 0.74
2146 1.22
11
TER
0002 0.45
0317 0.96
0534 0.79
0904 1.39
1206 0.82
1532 1.51
1901 0.68
2159 1.16
27
QUI
0201 0.36
0821 1.62
1216 0.58
1557 1.46
1910 0.67
2238 1.33
12
QUA
0108 0.57
0404 0.92
0627 0.73
1010 1.37
1306 0.92
1614 1.40
1944 0.66
2259 1.28
28
SEX
0331 0.35
0914 1.63
1304 0.70
1623 1.31
1944 0.65
2323 1.47
13
QUI
0227 0.63
0501 0.83
0708 0.70
1112 1.41
1436 0.96
1704 1.18
2012 0.71
2351 1.40
29
SÁB
0453 0.25
1008 1.64
1406 0.81
1701 1.12
2004 0.64
14
SEX
0351 0.58
0616 0.72
0719 0.71
1210 1.51
1629 0.80
1823 0.88
2029 0.80
30
DOM
0010 1.61
0551 0.16
1106 1.64
1546 0.82
1746 0.89
2027 0.65
15
SÁB
0029 1.51
0459 0.46
1302 1.61
1746 0.49
16
DOM
0104 1.61
0551 0.33
1347 1.68
1832 0.20
Dezembro
HORA ALT(m) HORA ALT(m)
01
SEG
0102 1.73
0638 0.12
1210 1.63
1904 0.69
2049 0.65
17
QUA
0140 1.61
0638 0.47
1442 1.65
1932 0.04
02
TER
0151 1.85
0716 0.16
1321 1.64
1823 0.46
18
QUI
0212 1.69
0717 0.45
1516 1.65
2014 -0.03
03
QUA
0242 1.94
0747 0.26
1427 1.65
1906 0.30
19
SEX
0246 1.76
0759 0.43
1557 1.63
2057 -0.07
04
QUI
0329 2.00
0812 0.38
1525 1.63
1951 0.21
20
SÁB
0327 1.82
0831 0.39
1638 1.58
2136 -0.10
05
SEX
0416 2.02
0842 0.48
1617 1.58
2031 0.18
21
DOM
0406 1.87
0904 0.33
1721 1.51
2216 -0.11
06
SÁB
0504 1.99
0910 0.53
1353 0.99
1712 1.48
2116 0.19
22
SEG
0451 1.91
0940 0.28
1359 1.31
1551 1.23
1816 1.42
2301 -0.08
07
DOM
0559 1.91
0953 0.54
1314 1.21
1525 1.04
1808 1.36
2206 0.23
23
TER
0534 1.90
1010 0.24
1412 1.41
1657 1.14
1912 1.34
2344 -0.00
08
SEG
0649 1.79
1027 0.52
1402 1.40
1655 1.00
1910 1.26
2302 0.29
24
QUA
0617 1.87
1049 0.24
1444 1.50
1747 1.02
2008 1.29
09
TER
0738 1.65
1108 0.49
1455 1.53
1801 0.93
2014 1.18
2359 0.37
25
QUI
0031 0.11
0704 1.82
1119 0.28
1512 1.54
1821 0.92
2102 1.27
10
QUA
0321 0.88
0434 0.86
0825 1.51
1201 0.50
1540 1.57
1859 0.87
2117 1.15
26
SEX
0127 0.25
0755 1.74
1202 0.34
1551 1.51
1902 0.86
2159 1.29
11
QUI
0053 0.46
0414 0.95
0549 0.91
0917 1.40
1251 0.57
1625 1.49
1942 0.85
2217 1.18
27
SÁB
0240 0.37
0844 1.65
1246 0.45
1623 1.41
1932 0.83
2255 1.35
12
SEX
0153 0.54
0510 0.97
0655 0.92
1017 1.34
1353 0.66
1717 1.31
2014 0.88
2308 1.25
28
DOM
0412 0.43
0936 1.54
1334 0.57
1704 1.26
2002 0.79
2351 1.44
13
SÁB
0257 0.58
0617 0.95
0749 0.92
1121 1.37
1517 0.67
1834 1.08
2047 0.94
2359 1.35
29
SEG
0529 0.46
1040 1.44
1444 0.68
1755 1.07
2036 0.75
14
DOM
0401 0.57
1221 1.45
1651 0.52
30
TER
0047 1.57
0636 0.48
1157 1.41
1608 0.68
1844 0.86
2104 0.66
15
SEG
0040 1.44
0501 0.53
1314 1.55
1757 0.32
31
QUA
0140 1.72
0742 0.51
1312 1.45
1740 0.59
1940 0.66
2138 0.57
16
TER
0108 1.53
0555 0.49
1401 1.62
1849 0.15
DG6-62 Original
