155
BARRA DE PARANAGUÁ - CANAL SUESTE (ESTADO DO PARANÁ) - 2025
Latitude 25° 27'.6 S Longitude 48° 09'.4 W Fuso UTC -03.0 horas
DHN 23 Componentes Nível Médio 0.78 m Carta 1821
Janeiro
HORA ALT(m) HORA ALT(m)
01
QUA
0344 1.37
0829 0.39
1057 0.54
1255 0.44
1659 0.96
2219 -0.26
17
SEX
0510 1.72
0932 0.66
1706 1.58
2204 0.45
02
QUI
0431 1.24
0855 0.30
1121 0.55
1404 0.42
1729 0.83
2334 -0.23
18
SÁB
0544 1.52
1004 0.52
1734 1.39
2225 0.39
03
SEX
0510 1.16
0919 0.27
1216 0.61
1504 0.45
1810 0.80
19
DOM
0612 1.25
1038 0.39
1757 1.17
2259 0.32
04
SÁB
0038 -0.12
0601 1.14
0959 0.30
1329 0.74
1557 0.57
1902 0.87
20
SEG
0651 0.98
1123 0.31
1816 0.97
2329 0.28
05
DOM
0121 0.08
0649 1.18
1032 0.42
1414 0.92
1623 0.76
1959 1.04
21
TER
0804 0.80
1244 0.31
1942 0.86
06
SEG
0253 0.32
0747 1.26
1117 0.55
1502 1.05
1706 0.92
2049 1.20
22
QUA
0025 0.34
0349 0.62
0506 0.61
0906 0.75
1402 0.36
2057 0.91
07
TER
0406 0.48
0838 1.32
1221 0.64
1546 1.07
1806 1.00
2129 1.29
23
QUI
0114 0.47
0402 0.63
0706 0.57
1121 0.83
1642 0.33
2153 1.04
08
QUA
0502 0.58
0917 1.30
1319 0.65
1632 0.98
1901 0.92
2257 1.32
24
SEX
0210 0.64
0357 0.68
0749 0.55
1217 1.06
1725 0.24
2314 1.21
09
QUI
0610 0.61
1012 1.20
1414 0.61
1751 0.81
1944 0.74
25
SÁB
0806 0.53
1304 1.24
1821 0.13
10
SEX
0014 1.36
0727 0.54
1136 1.10
1617 0.54
1812 0.58
2004 0.51
26
DOM
0016 1.38
0846 0.49
1349 1.30
1921 -0.03
11
SÁB
0106 1.39
0808 0.46
1244 1.09
1851 0.39
2034 0.32
27
SEG
0102 1.47
0917 0.41
1436 1.27
2006 -0.24
12
DOM
0159 1.43
0853 0.47
1332 1.16
2055 0.22
28
TER
0149 1.43
1036 0.32
1523 1.17
2053 -0.41
13
SEG
0249 1.53
0906 0.56
1429 1.31
2057 0.23
29
QUA
0236 1.35
1134 0.25
1602 1.08
2129 -0.47
14
TER
0334 1.66
0846 0.68
1527 1.49
2101 0.30
30
QUI
0332 1.28
0834 0.28
1025 0.35
1206 0.28
1640 1.02
2216 -0.40
15
QUA
0406 1.78
0847 0.74
1606 1.64
2114 0.40
31
SEX
0416 1.26
0847 0.28
1110 0.49
1255 0.44
1708 1.06
2323 -0.20
16
QUI
0446 1.80
0904 0.73
1646 1.67
2142 0.46
Fevereiro
HORA ALT(m) HORA ALT(m)
01
SÁB
0501 1.31
0906 0.32
1221 0.68
1327 0.67
1744 1.14
17
SEG
0542 1.07
1019 0.08
1727 1.11
2221 0.09
02
DOM
0014 0.07
0538 1.35
0946 0.39
1504 0.90
1816 1.25
18
TER
0604 0.88
1102 0.13
1801 1.04
2251 0.17
03
SEG
0101 0.36
0614 1.38
1012 0.45
1419 1.11
1601 1.04
1908 1.31
19
QUA
0308 0.79
0447 0.75
0612 0.77
1214 0.29
1844 1.03
2319 0.35
04
TER
0219 0.63
0702 1.34
1059 0.48
1502 1.17
1642 1.09
2004 1.31
20
QUI
0317 0.86
0701 0.71
0859 0.78
1344 0.46
2010 1.09
05
QUA
0157 0.81
0402 0.73
0755 1.23
1144 0.47
1529 1.07
1727 1.00
2102 1.23
21
SEX
0016 0.58
0334 0.91
0716 0.67
1108 0.88
1617 0.44
2112 1.18
06
QUI
0125 0.88
0240 0.89
0502 0.74
0849 1.08
1246 0.43
1610 0.89
1851 0.80
2210 1.12
22
SÁB
0119 0.77
0346 0.91
0749 0.59
1206 1.06
1712 0.26
2219 1.23
07
SEX
0255 0.91
0638 0.68
0938 0.94
1347 0.43
1642 0.68
1927 0.57
23
DOM
0806 0.46
1253 1.15
1808 0.02
2351 1.27
08
SÁB
0002 1.14
0746 0.59
1104 0.88
1459 0.50
1614 0.52
1959 0.37
24
SEG
0838 0.30
1327 1.15
1906 -0.25
09
DOM
0057 1.26
0814 0.57
1236 1.04
2017 0.28
25
TER
0049 1.29
0906 0.16
1412 1.12
1957 -0.48
10
SEG
0136 1.45
0851 0.64
1325 1.29
2047 0.28
26
QUA
0129 1.28
0936 0.12
1457 1.11
2042 -0.57
11
TER
0223 1.66
0857 0.75
1421 1.55
2101 0.33
27
QUI
0219 1.29
1034 0.19
1540 1.16
2117 -0.49
12
QUA
0304 1.82
0825 0.79
1512 1.74
2106 0.37
28
SEX
0312 1.34
0827 0.31
1612 1.27
2202 -0.26
13
QUI
0344 1.89
0832 0.70
1553 1.79
2112 0.37
14
SEX
0412 1.81
0857 0.53
1619 1.69
2127 0.31
15
SÁB
0449 1.61
0919 0.33
1651 1.50
2149 0.20
16
DOM
0510 1.34
0955 0.15
1704 1.28
2204 0.11
Março
HORA ALT(m) HORA ALT(m)
01
SÁB
0359 1.43
0829 0.38
1651 1.40
2244 0.05
17
SEG
0453 1.16
0940 -0.07
1646 1.25
2136 0.02
02
DOM
0440 1.50
0855 0.42
1714 1.49
2355 0.35
18
TER
0514 1.01
1008 -0.01
1704 1.22
2157 0.11
03
SEG
0510 1.50
0921 0.42
1755 1.49
19
QUA
0357 0.84
0547 0.91
1046 0.18
1742 1.24
2214 0.27
04
TER
0044 0.60
0551 1.40
0959 0.35
1416 1.11
1527 1.09
1831 1.39
2302 0.73
20
QUI
0240 0.98
0601 0.85
1147 0.40
1821 1.24
2251 0.46
05
QUA
0619 1.23
1031 0.28
1451 1.04
1608 0.98
1940 1.22
2317 0.76
21
SEX
0255 1.05
0653 0.77
0851 0.84
1340 0.51
1940 1.21
2327 0.63
06
QUI
0216 0.87
0406 0.80
0706 1.03
1110 0.23
1510 0.91
1704 0.82
2044 1.07
2359 0.78
22
SÁB
0304 1.04
0702 0.64
1021 0.85
1602 0.37
2057 1.18
07
SEX
0257 0.93
0514 0.78
0804 0.87
1204 0.28
1540 0.76
1817 0.65
2146 0.99
23
DOM
0047 0.73
0312 0.92
0727 0.46
1153 0.91
1701 0.08
2159 1.12
08
SÁB
0101 0.84
0310 0.97
0704 0.73
0904 0.83
1306 0.43
1601 0.67
1901 0.51
2346 1.09
24
SEG
0202 0.72
0314 0.76
0755 0.26
1225 0.95
1751 -0.21
2321 1.09
09
DOM
0202 0.97
0329 1.01
0753 0.72
1036 0.91
1417 0.66
1540 0.68
1940 0.44
25
TER
0810 0.12
1302 0.99
1846 -0.43
10
SEG
0029 1.32
0810 0.78
1227 1.21
2002 0.42
26
QUA
0023 1.15
0838 0.08
1342 1.07
1942 -0.52
11
TER
0108 1.58
0831 0.85
1314 1.52
2021 0.42
27
QUI
0108 1.26
0901 0.15
1423 1.22
2023 -0.45
12
QUA
0151 1.76
0823 0.84
1402 1.72
2042 0.39
28
SEX
0159 1.38
0859 0.32
1508 1.40
2104 -0.25
13
QUI
0229 1.82
0755 0.69
1444 1.77
2051 0.32
29
SÁB
0246 1.50
0740 0.45
1551 1.58
2144 0.04
14
SEX
0308 1.76
0814 0.45
1523 1.69
2057 0.20
30
DOM
0334 1.57
0804 0.48
1625 1.66
2231 0.32
15
SÁB
0347 1.59
0844 0.19
1553 1.53
2104 0.08
31
SEG
0410 1.55
0836 0.43
1701 1.64
2351 0.53
16
DOM
0417 1.36
0906 -0.01
1617 1.35
2114 0.01
Abril
HORA ALT(m) HORA ALT(m)
01
TER
0453 1.43
0904 0.31
1734 1.49
2210 0.64
17
QUI
0155 0.99
0353 0.90
0546 0.99
1040 0.29
1723 1.39
2157 0.42
02
QUA
0517 1.25
0942 0.18
1447 0.89
1814 1.29
2217 0.65
18
SEX
0159 1.06
0442 0.84
0636 0.87
1219 0.40
1808 1.31
2223 0.50
03
QUI
0301 0.79
0557 1.06
1010 0.10
1421 0.81
1557 0.76
1919 1.11
2246 0.66
19
SÁB
0212 1.04
0542 0.68
0829 0.79
1346 0.34
1921 1.16
2306 0.54
04
SEX
0210 0.92
0410 0.81
0621 0.92
1051 0.16
1455 0.77
1636 0.68
2019 1.04
2314 0.74
20
DOM
0240 0.92
0634 0.48
0925 0.71
1549 0.12
2038 1.05
05
SÁB
0253 1.04
0536 0.86
0736 0.87
1131 0.36
1506 0.78
1719 0.64
2114 1.08
21
SEG
0017 0.56
0301 0.75
0657 0.29
1059 0.70
1644 -0.15
2134 1.00
06
DOM
0019 0.90
0314 1.15
0706 0.89
0859 0.96
1253 0.64
1517 0.82
1825 0.64
2238 1.21
22
TER
0144 0.54
0306 0.60
0717 0.18
1157 0.80
1725 -0.33
2242 1.02
07
SEG
0134 1.08
0349 1.20
0744 0.95
1019 1.12
1459 0.91
1902 0.63
2359 1.43
23
QUA
0747 0.16
1232 0.97
1821 -0.37
2357 1.17
08
TER
0801 0.98
1208 1.39
1940 0.59
24
QUI
0802 0.25
1306 1.21
1919 -0.28
09
QUA
0040 1.60
0802 0.92
1259 1.58
1959 0.49
25
SEX
0047 1.36
0817 0.40
1349 1.44
2006 -0.11
10
QUI
0112 1.66
0742 0.72
1331 1.63
2010 0.35
26
SÁB
0127 1.51
0623 0.52
1436 1.63
2055 0.10
11
SEX
0155 1.60
0727 0.41
1410 1.57
2017 0.20
27
DOM
0212 1.57
0701 0.53
1525 1.72
2129 0.30
12
SÁB
0236 1.47
0753 0.11
1444 1.46
2023 0.08
28
SEG
0302 1.52
0736 0.44
1604 1.69
2225 0.46
13
DOM
0319 1.33
0825 -0.08
1517 1.36
2034 0.03
29
TER
0351 1.40
0816 0.30
1649 1.57
2301 0.58
2359 0.56
14
SEG
0359 1.21
0859 -0.15
1547 1.33
2049 0.07
30
QUA
0429 1.24
0855 0.16
1721 1.40
2151 0.60
15
TER
0438 1.13
0927 -0.06
1616 1.36
2102 0.17
16
QUA
0504 1.07
1002 0.10
1651 1.40
2125 0.31
DG6-62 Original
156
BARRA DE PARANAGUÁ - CANAL SUESTE (ESTADO DO PARANÁ) - 2025
Latitude 25° 27'.6 S Longitude 48° 09'.4 W Fuso UTC -03.0 horas
DHN 23 Componentes Nível Médio 0.78 m Carta 1821
Maio
HORA ALT(m) HORA ALT(m)
01
QUI
0053 0.68
0502 1.10
0923 0.09
1806 1.25
2202 0.62
17
SÁB
0110 0.92
0404 0.65
0644 0.80
1232 0.17
1802 1.21
2208 0.39
02
SEX
0302 0.82
0540 1.02
1001 0.14
1404 0.67
1506 0.65
1901 1.18
2219 0.70
18
DOM
0146 0.83
0449 0.48
0802 0.67
1336 0.05
1906 1.03
2255 0.37
03
SÁB
0202 1.06
0406 0.93
0608 1.03
1034 0.33
1423 0.77
1602 0.70
2001 1.21
2301 0.84
19
SEG
0210 0.71
0523 0.35
0859 0.62
1521 -0.09
2014 0.97
2349 0.41
04
DOM
0246 1.23
0514 1.07
0719 1.08
1117 0.60
1453 0.89
1647 0.78
2055 1.29
2353 1.00
20
TER
0251 0.62
0606 0.30
0944 0.67
1616 -0.19
2108 1.02
05
SEG
0310 1.32
0657 1.13
0847 1.19
1253 0.85
1502 0.97
1723 0.82
2146 1.35
21
QUA
0108 0.47
0308 0.59
0640 0.34
1051 0.84
1704 -0.18
2206 1.13
06
TER
0108 1.09
0351 1.27
0712 1.12
0949 1.27
1829 0.77
2259 1.39
22
QUI
0210 0.57
0344 0.60
0704 0.45
1157 1.12
1757 -0.04
2316 1.28
07
QUA
0401 1.08
0734 1.01
1142 1.34
1904 0.63
23
SEX
0738 0.57
1240 1.39
1857 0.11
08
QUI
0002 1.41
0512 0.77
1223 1.38
1936 0.45
24
SÁB
0010 1.43
0516 0.62
0757 0.64
1316 1.58
1957 0.23
09
SEX
0049 1.37
0601 0.43
1302 1.36
1944 0.28
25
DOM
0101 1.50
0555 0.56
1408 1.66
2046 0.33
10
SÁB
0123 1.30
0642 0.13
1331 1.32
1936 0.17
26
SEG
0147 1.44
0625 0.45
1502 1.64
2121 0.40
11
DOM
0210 1.24
0734 -0.07
1404 1.32
1938 0.14
27
TER
0234 1.32
0719 0.30
1555 1.57
2232 0.48
12
SEG
0257 1.22
0810 -0.13
1436 1.37
1953 0.20
28
QUA
0331 1.21
0808 0.18
1634 1.48
2119 0.57
13
TER
0349 1.23
0851 -0.07
1516 1.45
2014 0.31
29
QUI
0412 1.15
0851 0.14
1708 1.42
2121 0.64
14
QUA
0427 1.21
0921 0.04
1553 1.50
2040 0.40
30
SEX
0049 0.76
0459 1.17
0919 0.21
1753 1.40
2149 0.72
15
QUI
0504 1.14
1002 0.15
1636 1.48
2104 0.44
31
SÁB
0247 0.99
0529 1.23
1001 0.36
1834 1.41
2208 0.81
16
SEX
0042 0.95
0316 0.82
0547 0.99
1049 0.22
1712 1.38
2140 0.43
Junho
HORA ALT(m) HORA ALT(m)
01
DOM
0202 1.23
0355 1.16
0604 1.31
1029 0.58
1410 0.86
1521 0.85
1927 1.43
2251 0.91
17
TER
0202 0.63
0438 0.41
0812 0.71
1438 -0.06
1951 1.04
2325 0.39
02
SEG
0244 1.35
0431 1.27
0644 1.33
1117 0.76
1604 0.90
2012 1.41
2340 0.95
18
QUA
0251 0.69
0506 0.52
0901 0.88
1559 0.04
2047 1.16
03
TER
0310 1.33
0523 1.25
0808 1.30
1246 0.85
1501 0.96
1655 0.87
2102 1.33
19
QUI
0042 0.53
0316 0.77
0531 0.67
0946 1.08
1651 0.19
2131 1.27
04
QUA
0059 0.89
0402 1.13
0647 1.11
0904 1.23
1502 0.84
1723 0.75
2157 1.18
20
SEX
0142 0.63
0408 0.80
0625 0.77
1053 1.27
1738 0.34
2225 1.33
05
QUI
0206 0.75
1008 1.12
1836 0.58
2323 1.08
21
SÁB
0232 0.69
0702 0.78
1204 1.44
1847 0.42
2336 1.32
06
SEX
0453 0.48
1144 1.07
1917 0.43
22
DOM
0438 0.63
0751 0.68
1259 1.51
1955 0.42
07
SÁB
0017 1.07
0529 0.21
1223 1.11
1904 0.34
23
SEG
0036 1.27
0523 0.47
0704 0.53
0806 0.51
1347 1.50
2044 0.40
08
DOM
0104 1.12
0621 0.04
1301 1.22
1816 0.32
24
TER
0119 1.21
0614 0.32
1444 1.48
2117 0.43
09
SEG
0155 1.20
0719 -0.03
1329 1.36
1842 0.38
25
QUA
0216 1.16
0821 0.22
1538 1.50
2236 0.54
10
TER
0246 1.28
0802 -0.03
1406 1.49
1919 0.46
26
QUI
0317 1.20
0838 0.20
1614 1.55
2102 0.66
2349 0.71
11
QUA
0340 1.32
0847 0.00
1446 1.55
1947 0.51
2359 0.75
27
SEX
0404 1.32
0902 0.27
1657 1.62
2106 0.75
12
QUI
0417 1.26
0919 0.01
1536 1.51
2019 0.49
2312 0.78
28
SÁB
0449 1.45
0927 0.42
1725 1.66
2131 0.81
13
SEX
0104 0.73
0501 1.12
1004 -0.01
1621 1.39
2053 0.41
2349 0.74
29
DOM
0516 1.53
1001 0.56
1802 1.63
2202 0.81
14
SÁB
0244 0.61
0534 0.90
1112 -0.05
1704 1.24
2121 0.31
30
SEG
0553 1.52
1027 0.65
1842 1.50
2238 0.77
15
DOM
0021 0.67
0327 0.46
0619 0.72
1225 -0.12
1755 1.08
2201 0.25
16
SEG
0116 0.62
0404 0.37
0727 0.64
1317 -0.13
1847 1.00
2238 0.28
Julho
HORA ALT(m) HORA ALT(m)
01
TER
0357 1.27
0616 1.41
1108 0.66
1544 0.91
1934 1.31
2323 0.67
17
QUI
0255 0.92
0425 0.84
0816 1.15
1547 0.41
2008 1.27
2357 0.56
02
QUA
0402 1.13
0717 1.21
1157 0.62
1506 0.84
1614 0.81
2021 1.10
18
SEX
0321 0.97
0502 0.92
0902 1.27
1644 0.53
2101 1.27
03
QUI
0038 0.55
0821 1.04
1259 0.54
1525 0.71
1704 0.68
2108 0.92
19
SÁB
0101 0.58
0412 0.92
0521 0.90
1002 1.29
1732 0.58
2149 1.18
04
SEX
0147 0.45
0908 0.94
1351 0.51
1602 0.60
1753 0.59
1857 0.57
2229 0.84
20
DOM
0159 0.55
0659 0.75
1146 1.29
1857 0.55
2251 1.06
05
SÁB
0423 0.34
1008 0.94
1801 0.54
1942 0.51
21
SEG
0308 0.51
0602 0.57
0747 0.52
1244 1.31
1959 0.47
06
DOM
0004 0.95
0512 0.20
1140 1.07
1708 0.53
1821 0.55
2001 0.51
22
TER
0010 1.03
0521 0.38
0608 0.39
0810 0.32
1327 1.36
2042 0.46
07
SEG
0101 1.13
0608 0.13
1225 1.28
1901 0.59
2016 0.56
23
QUA
0108 1.10
0847 0.20
1423 1.46
2110 0.54
08
TER
0144 1.28
0706 0.07
1302 1.46
1817 0.60
1906 0.61
2036 0.60
24
QUI
0206 1.24
0906 0.20
1514 1.61
2104 0.69
09
QUA
0234 1.35
0757 -0.01
1344 1.53
1929 0.58
25
SEX
0304 1.44
0914 0.29
1555 1.76
2042 0.78
10
QUI
0325 1.32
0842 -0.12
1425 1.50
1944 0.50
2210 0.57
2349 0.54
26
SÁB
0355 1.64
0916 0.42
1627 1.83
2057 0.79
11
SEX
0404 1.20
0916 -0.23
1521 1.38
2017 0.38
2251 0.52
27
DOM
0429 1.73
0931 0.51
1701 1.80
2116 0.72
12
SÁB
0021 0.45
0446 1.02
1002 -0.31
1608 1.25
2046 0.26
2312 0.49
28
SEG
0501 1.70
0957 0.53
1729 1.62
2153 0.58
13
DOM
0114 0.40
0512 0.87
1051 -0.30
1657 1.16
2108 0.20
29
TER
0523 1.53
1012 0.47
1802 1.37
2219 0.43
14
SEG
0004 0.50
0238 0.43
0555 0.81
1206 -0.21
1738 1.11
2149 0.22
30
QUA
0553 1.31
1040 0.39
1834 1.09
2304 0.32
15
TER
0116 0.61
0321 0.52
0631 0.85
1301 -0.04
1821 1.14
2216 0.32
31
QUI
0610 1.09
1108 0.33
1508 0.78
1612 0.75
1940 0.87
16
QUA
0204 0.77
0401 0.67
0731 0.99
1408 0.21
1917 1.21
2302 0.45
Agosto
HORA ALT(m) HORA ALT(m)
01
SEX
0001 0.30
0712 0.94
1144 0.36
1525 0.76
1847 0.69
2053 0.77
17
DOM
0019 0.41
0347 0.84
0534 0.79
0931 1.14
1446 0.89
1749 0.65
2110 0.94
02
SÁB
0116 0.36
0831 0.93
1246 0.48
1601 0.77
1916 0.63
2212 0.79
18
SEG
0117 0.40
0410 0.65
0651 0.57
1125 1.10
1912 0.58
2216 0.87
03
DOM
0402 0.41
0919 1.03
1344 0.64
1614 0.79
1953 0.62
19
TER
0217 0.45
0408 0.51
0732 0.38
1223 1.21
2001 0.55
04
SEG
0002 1.00
0504 0.31
1025 1.17
1559 0.80
2008 0.61
20
QUA
0002 0.98
0802 0.26
1308 1.39
2029 0.63
05
TER
0053 1.20
0559 0.19
1153 1.33
2040 0.56
21
QUI
0102 1.24
0829 0.25
1357 1.60
2053 0.74
06
QUA
0129 1.30
0653 0.02
1246 1.43
2106 0.47
22
SEX
0157 1.51
0857 0.31
1442 1.79
2027 0.82
07
QUI
0216 1.29
0747 -0.20
1321 1.43
2129 0.36
23
SÁB
0246 1.73
0908 0.39
1521 1.89
2016 0.77
08
SEX
0301 1.20
0829 -0.40
1410 1.35
2201 0.28
2251 0.27
24
DOM
0332 1.83
0910 0.43
1559 1.86
2042 0.61
09
SÁB
0346 1.09
0906 -0.51
1502 1.26
2025 0.21
2347 0.26
25
SEG
0404 1.79
0916 0.40
1631 1.68
2104 0.40
10
DOM
0416 1.02
0949 -0.47
1555 1.22
2036 0.19
2308 0.38
26
TER
0438 1.61
0929 0.31
1702 1.43
2136 0.22
11
SEG
0006 0.36
0455 1.03
1032 -0.30
1640 1.24
2059 0.23
27
QUA
0501 1.40
0951 0.21
1727 1.15
2206 0.10
12
TER
0519 1.10
1146 -0.03
1714 1.29
2125 0.31
28
QUI
0517 1.20
1006 0.16
1759 0.94
2242 0.13
13
QUA
0559 1.20
1246 0.27
1759 1.32
2202 0.38
29
SEX
0549 1.09
1027 0.21
1455 0.88
1802 0.80
2329 0.27
14
QUI
0212 0.98
0325 0.96
0636 1.27
1327 0.54
1840 1.29
2238 0.44
30
SÁB
0621 1.06
1101 0.35
1506 0.97
1902 0.73
2040 0.77
15
SEX
0404 1.01
0742 1.29
1551 0.67
1932 1.20
2317 0.43
31
DOM
0104 0.45
0742 1.08
1138 0.56
1523 1.01
1916 0.70
2217 0.86
16
SÁB
0310 1.00
0455 0.95
0842 1.24
1359 0.85
1649 0.69
2025 1.07
DG6-62 Original
157
BARRA DE PARANAGUÁ - CANAL SUESTE (ESTADO DO PARANÁ) - 2025
Latitude 25° 27'.6 S Longitude 48° 09'.4 W Fuso UTC -03.0 horas
DHN 23 Componentes Nível Médio 0.78 m Carta 1821
Setembro
HORA ALT(m) HORA ALT(m)
01
SEG
0355 0.51
0857 1.16
1251 0.75
1544 0.99
1946 0.64
2357 1.05
17
QUA
0202 0.60
0327 0.64
0704 0.42
1202 1.28
1957 0.77
2359 1.16
02
TER
0457 0.32
0957 1.22
1402 0.84
1544 0.90
2002 0.51
18
QUI
0746 0.41
1249 1.53
2008 0.85
03
QUA
0034 1.15
0544 0.07
1119 1.25
2019 0.36
19
SEX
0055 1.48
0806 0.42
1321 1.74
2014 0.88
04
QUI
0108 1.18
0636 -0.21
1219 1.27
2046 0.20
20
SÁB
0134 1.72
0832 0.43
1404 1.84
1938 0.77
05
SEX
0149 1.13
0731 -0.46
1304 1.27
2102 0.11
21
DOM
0217 1.82
0847 0.40
1446 1.80
1951 0.53
06
SÁB
0231 1.10
0812 -0.60
1353 1.26
2101 0.12
22
SEG
0259 1.77
0849 0.32
1527 1.65
2021 0.27
07
DOM
0314 1.12
0857 -0.57
1440 1.28
2014 0.18
23
TER
0336 1.62
0853 0.21
1602 1.44
2055 0.05
08
SEG
0353 1.21
0931 -0.36
1532 1.35
2016 0.26
24
QUA
0402 1.45
0902 0.12
1640 1.22
2119 -0.05
09
TER
0425 1.33
1016 -0.05
1612 1.41
2042 0.34
25
QUI
0432 1.31
0914 0.10
1704 1.05
2157 -0.01
10
QUA
0501 1.43
1132 0.28
1657 1.42
2104 0.37
26
SEX
0457 1.25
0940 0.16
1406 0.93
1557 0.87
1731 0.93
2223 0.16
11
QUI
0529 1.45
1236 0.54
1727 1.34
2142 0.35
27
SÁB
0523 1.25
1002 0.28
1414 1.06
2317 0.38
12
SEX
0608 1.37
1204 0.74
1319 0.72
1804 1.19
2210 0.28
28
DOM
0604 1.25
1027 0.46
1440 1.14
1851 0.78
2029 0.83
13
SÁB
0225 0.97
0357 0.92
0710 1.22
1059 0.76
1349 0.84
1559 0.73
1847 1.00
2255 0.23
29
SEG
0106 0.52
0710 1.20
1106 0.61
1459 1.12
1901 0.67
2149 0.86
14
DOM
0257 0.85
0434 0.77
0814 1.09
1123 0.78
1417 0.90
1701 0.71
1951 0.86
2336 0.26
30
TER
0344 0.44
0831 1.17
1210 0.72
1508 0.99
1916 0.51
2338 0.92
15
SEG
0310 0.72
0516 0.61
0912 1.02
1240 0.83
1459 0.95
1829 0.69
2057 0.82
16
TER
0049 0.39
0329 0.63
0625 0.48
1042 1.06
1346 0.94
1512 1.00
1917 0.70
2202 0.90
Outubro
HORA ALT(m) HORA ALT(m)
01
QUA
0442 0.14
0929 1.12
1342 0.71
1510 0.78
1942 0.31
17
SEX
0717 0.61
1210 1.59
1955 0.97
02
QUI
0008 0.96
0523 -0.18
1040 1.08
1959 0.14
18
SÁB
0031 1.58
0751 0.54
1257 1.68
1902 0.82
03
SEX
0047 0.98
0616 -0.43
1157 1.12
2008 0.05
19
DOM
0108 1.68
0806 0.44
1329 1.64
1840 0.51
04
SÁB
0116 1.05
0708 -0.55
1249 1.21
2021 0.08
20
SEG
0147 1.64
0814 0.32
1412 1.53
1931 0.21
05
DOM
0157 1.17
0757 -0.52
1327 1.33
2021 0.20
21
TER
0221 1.54
0808 0.21
1457 1.38
2004 -0.02
06
SEG
0236 1.33
0840 -0.33
1414 1.43
1932 0.31
22
QUA
0257 1.44
0814 0.14
1544 1.26
2042 -0.12
07
TER
0323 1.49
0916 -0.05
1502 1.49
1946 0.38
23
QUI
0332 1.38
0829 0.15
1617 1.17
2110 -0.08
08
QUA
0401 1.59
0957 0.25
1551 1.48
2017 0.38
24
SEX
0401 1.39
0849 0.22
1659 1.10
2149 0.07
09
QUI
0442 1.59
1102 0.50
1629 1.37
2051 0.30
25
SÁB
0436 1.41
0906 0.32
1334 1.04
1547 0.94
1725 1.02
2219 0.26
10
SEX
0512 1.48
1002 0.63
1108 0.67
1244 0.64
1704 1.21
2117 0.20
26
DOM
0504 1.41
0940 0.42
1347 1.14
1631 0.88
1812 0.91
2331 0.40
11
SÁB
0559 1.30
1004 0.66
1214 0.77
1444 0.73
1742 1.02
2159 0.12
27
SEG
0553 1.33
1006 0.48
1402 1.12
1740 0.73
2008 0.81
12
DOM
0204 0.74
0321 0.71
0653 1.12
1019 0.67
1342 0.88
1602 0.73
1812 0.89
2227 0.15
28
TER
0110 0.37
0647 1.17
1049 0.52
1425 0.98
1827 0.53
2110 0.73
13
SEG
0221 0.70
0406 0.60
0802 1.05
1059 0.73
1416 1.00
1702 0.79
1917 0.85
2308 0.31
29
QUA
0317 0.20
0806 1.04
1138 0.53
1453 0.79
1849 0.33
2232 0.69
14
TER
0253 0.72
0457 0.57
0901 1.09
1140 0.88
1501 1.12
1838 0.87
2042 0.94
30
QUI
0416 -0.10
0908 0.98
1310 0.51
1502 0.59
1902 0.19
2340 0.76
15
QUA
0021 0.59
0302 0.79
0540 0.59
1002 1.21
1304 1.05
1521 1.19
1906 0.95
2146 1.12
31
SEX
0504 -0.32
1010 0.99
1921 0.14
16
QUI
0302 0.88
0640 0.62
1127 1.40
1416 1.17
1540 1.19
1942 1.01
2342 1.36
Novembro
HORA ALT(m) HORA ALT(m)
01
SÁB
0010 0.91
0553 -0.40
1125 1.10
1942 0.18
17
SEG
0046 1.40
0755 0.40
1304 1.33
1819 0.23
02
DOM
0051 1.13
0646 -0.34
1217 1.28
1953 0.29
18
TER
0112 1.37
0747 0.31
1351 1.27
1916 0.01
03
SEG
0121 1.37
0742 -0.18
1304 1.45
1904 0.41
19
QUA
0151 1.37
0723 0.26
1438 1.26
1955 -0.09
04
TER
0206 1.56
0827 0.02
1349 1.52
1846 0.43
20
QUI
0221 1.41
0732 0.28
1531 1.27
2034 -0.08
05
QUA
0253 1.65
0906 0.22
1432 1.48
1925 0.39
21
SEX
0257 1.47
0753 0.35
1610 1.27
2106 0.01
06
QUI
0346 1.65
0947 0.40
1525 1.36
1959 0.29
22
SÁB
0338 1.53
0821 0.42
1655 1.21
2149 0.12
07
SEX
0423 1.55
1146 0.52
1606 1.21
2038 0.17
23
DOM
0414 1.52
0853 0.44
1234 1.00
1504 0.90
1723 1.06
2225 0.18
08
SÁB
0504 1.41
0936 0.61
1106 0.67
1247 0.63
1653 1.08
2106 0.09
24
SEG
0457 1.42
0917 0.41
1304 0.97
1601 0.74
1812 0.87
2347 0.17
09
DOM
0549 1.27
0949 0.63
1212 0.80
1440 0.76
1719 1.00
2147 0.13
25
TER
0540 1.24
0959 0.35
1340 0.87
1634 0.56
1942 0.69
10
SEG
0636 1.19
1004 0.69
1340 0.99
1555 0.87
1801 1.02
2214 0.29
26
QUA
0104 0.06
0629 1.05
1031 0.31
1404 0.73
1712 0.40
2036 0.60
11
TER
0202 0.70
0344 0.63
0740 1.21
1040 0.82
1414 1.19
1644 1.02
1842 1.09
2301 0.54
27
QUI
0227 -0.05
0746 0.93
1119 0.33
1440 0.61
1744 0.31
2116 0.62
12
QUA
0223 0.84
0417 0.72
0829 1.29
1123 0.97
1501 1.32
1747 1.15
2010 1.20
28
SEX
0355 -0.17
0849 0.95
1247 0.40
1502 0.55
1816 0.32
2221 0.76
13
QUI
0006 0.82
0253 0.96
0506 0.79
0914 1.38
1249 1.08
1527 1.32
1855 1.17
2110 1.31
29
SÁB
0447 -0.19
0942 1.05
1359 0.49
1516 0.54
1838 0.39
2336 1.01
14
SEX
0257 1.01
0559 0.80
1017 1.40
1401 1.08
1604 1.17
1908 1.09
2234 1.36
30
DOM
0531 -0.09
1040 1.19
1853 0.48
15
SÁB
0655 0.70
1138 1.41
1702 0.88
1810 0.90
16
DOM
0001 1.40
0736 0.55
1221 1.38
1731 0.55
Dezembro
HORA ALT(m) HORA ALT(m)
01
SEG
0014 1.29
0629 0.05
1149 1.34
1901 0.55
17
QUA
0051 1.22
0702 0.47
0804 0.45
1340 1.20
1857 0.03
02
TER
0059 1.51
0736 0.18
1242 1.43
1757 0.50
18
QUI
0117 1.36
0621 0.47
1431 1.31
1949 -0.01
03
QUA
0140 1.61
0821 0.27
1321 1.41
1821 0.41
19
SEX
0157 1.50
0657 0.52
1523 1.38
2031 -0.01
04
QUI
0232 1.61
0906 0.33
1410 1.31
1921 0.29
20
SÁB
0231 1.58
0731 0.53
1146 0.78
1602 1.36
2106 -0.03
05
SEX
0329 1.55
1012 0.42
1504 1.19
2001 0.17
21
DOM
0317 1.56
0806 0.48
1112 0.80
1225 0.78
1646 1.22
2149 -0.06
06
SÁB
0410 1.48
1146 0.51
1557 1.15
2042 0.12
22
SEG
0401 1.46
0842 0.38
1149 0.75
1351 0.70
1712 1.01
2229 -0.11
07
DOM
0457 1.44
0914 0.62
1104 0.71
1223 0.68
1642 1.17
2106 0.18
23
TER
0447 1.30
0908 0.25
1227 0.67
1504 0.55
1755 0.79
2342 -0.15
08
SEG
0529 1.43
0929 0.70
1710 1.25
2146 0.33
24
QUA
0523 1.12
0947 0.17
1321 0.60
1555 0.44
1836 0.66
09
TER
0610 1.45
1001 0.79
1357 1.17
1510 1.14
1753 1.34
2212 0.53
25
QUI
0049 -0.16
0612 1.01
1016 0.17
1401 0.60
1614 0.43
1947 0.66
10
QUA
0246 0.80
0659 1.46
1027 0.88
1421 1.34
1604 1.27
1821 1.39
2257 0.72
26
SEX
0144 -0.08
0714 0.98
1102 0.27
1442 0.64
1651 0.51
2034 0.78
11
QUI
0214 0.96
0357 0.90
0753 1.45
1112 0.92
1502 1.38
1657 1.31
1938 1.37
2346 0.85
27
SÁB
0331 0.05
0814 1.06
1204 0.43
1506 0.71
1706 0.62
2112 0.98
12
SEX
0251 1.01
0442 0.92
0842 1.36
1221 0.90
1540 1.24
1719 1.21
2044 1.29
28
DOM
0425 0.17
0906 1.18
1308 0.56
1549 0.75
1721 0.71
2214 1.17
13
SÁB
0102 0.86
0304 0.96
0525 0.84
0921 1.22
1329 0.79
2129 1.17
29
SEG
0516 0.30
1002 1.24
1408 0.64
1612 0.72
2347 1.34
14
DOM
0204 0.80
0306 0.83
0653 0.69
1036 1.08
1546 0.63
2253 1.08
30
TER
0625 0.39
1108 1.24
1701 0.62
1806 0.63
1923 0.63
15
SEG
0740 0.53
1202 1.05
1710 0.34
31
QUA
0040 1.44
0740 0.38
1212 1.22
1851 0.48
1959 0.45
16
TER
0004 1.11
0801 0.44
1257 1.11
1804 0.14
DG6-62 Original
