158
BARRA DE PARANAGUÁ - CANAL DA GALHETA (ESTADO DO PARANÁ) - 2025
Latitude 25° 34' S Longitude 48° 19' W Fuso UTC -03.0 horas
APPA 75 Componentes Nível Médio 0.79 m Carta 1821
Janeiro
HORA ALT(m) HORA ALT(m)
01
QUA
0402 1.54
0859 0.50
1653 1.24
2253 0.03
17
SEX
0542 1.46
1002 0.36
1712 1.24
2225 0.22
02
QUI
0447 1.54
0921 0.50
1740 1.19
2346 0.06
18
SÁB
0614 1.37
1032 0.35
1742 1.20
2301 0.28
03
SEX
0531 1.51
0957 0.51
1829 1.13
19
DOM
0653 1.27
1108 0.38
1823 1.14
2321 0.38
04
SÁB
0042 0.13
0612 1.45
1021 0.52
1417 0.92
1604 0.88
1919 1.08
20
SEG
0727 1.15
1149 0.45
1904 1.08
05
DOM
0146 0.22
0659 1.35
1101 0.53
1455 0.96
1706 0.85
2014 1.04
21
TER
0001 0.50
0808 1.04
1231 0.53
2006 1.02
06
SEG
0255 0.31
0746 1.22
1132 0.56
1519 0.96
1802 0.80
2117 1.01
22
QUA
0036 0.63
0908 0.95
1353 0.61
2110 0.99
07
TER
0402 0.40
0834 1.08
1216 0.60
1559 0.92
1849 0.73
2246 1.03
23
QUI
0155 0.75
0359 0.76
0642 0.70
1053 0.94
1706 0.58
2240 1.00
08
QUA
0512 0.48
0934 0.97
1316 0.65
1629 0.84
1917 0.63
24
SEX
0727 0.63
1204 1.02
1823 0.43
09
QUI
0002 1.11
0640 0.52
1057 0.93
1451 0.69
1657 0.74
1959 0.52
25
SÁB
0002 1.10
0804 0.55
1301 1.12
1908 0.27
10
SEX
0101 1.21
0757 0.51
1214 0.98
2032 0.41
26
DOM
0059 1.22
0842 0.50
1347 1.22
1953 0.12
11
SÁB
0146 1.31
0853 0.50
1317 1.06
2104 0.31
27
SEG
0144 1.34
0914 0.47
1429 1.30
2031 0.01
12
DOM
0223 1.40
0936 0.51
1408 1.15
2142 0.23
28
TER
0225 1.45
0946 0.46
1510 1.37
2114 -0.07
13
SEG
0302 1.47
1001 0.53
1455 1.22
2206 0.18
29
QUA
0306 1.54
0949 0.49
1557 1.41
2157 -0.10
14
TER
0347 1.51
0934 0.55
1532 1.26
2231 0.17
30
QUI
0351 1.59
0901 0.48
1640 1.41
2244 -0.09
15
QUA
0421 1.53
0906 0.48
1604 1.28
2229 0.17
31
SEX
0432 1.60
0912 0.44
1719 1.38
2332 -0.01
16
QUI
0502 1.51
0927 0.41
1642 1.27
2212 0.18
Fevereiro
HORA ALT(m) HORA ALT(m)
01
SÁB
0512 1.55
0938 0.40
1802 1.33
17
SEG
0614 1.27
1046 0.27
1746 1.27
2247 0.33
02
DOM
0021 0.12
0555 1.46
1006 0.36
1846 1.24
18
TER
0653 1.14
1116 0.35
1829 1.18
2306 0.45
03
SEG
0117 0.30
0636 1.31
1040 0.36
1512 0.95
1606 0.94
1927 1.13
19
QUA
0731 1.00
1201 0.45
1916 1.09
2327 0.59
04
TER
0229 0.48
0714 1.14
1110 0.39
1529 0.96
1742 0.88
2019 1.01
20
QUI
0344 0.86
0557 0.80
0829 0.89
1314 0.56
2016 1.01
2353 0.73
05
QUA
0402 0.63
0802 0.98
1155 0.46
1559 0.93
1838 0.76
2201 0.93
21
SEX
0331 0.90
0653 0.69
1021 0.87
1625 0.58
2131 0.97
06
QUI
0601 0.67
0902 0.85
1247 0.57
1617 0.86
1912 0.62
22
SÁB
0010 0.87
0255 0.94
0721 0.59
1151 0.97
1757 0.42
07
SEX
0044 1.03
0719 0.61
1042 0.82
1402 0.68
1632 0.76
1953 0.48
23
DOM
0102 1.03
0202 1.04
0757 0.49
1240 1.10
1849 0.22
08
SÁB
0116 1.16
0808 0.54
1217 0.93
2016 0.36
24
SEG
0046 1.19
0819 0.42
1323 1.24
1927 0.05
09
DOM
0149 1.28
0844 0.50
1314 1.07
2046 0.25
25
TER
0127 1.35
0851 0.38
1408 1.37
2008 -0.09
10
SEG
0216 1.40
0901 0.48
1359 1.20
2106 0.17
26
QUA
0208 1.49
0919 0.38
1453 1.48
2051 -0.17
11
TER
0253 1.49
0855 0.45
1438 1.31
2125 0.13
27
QUI
0249 1.58
0932 0.40
1532 1.54
2134 -0.17
12
QUA
0321 1.55
0834 0.38
1508 1.38
2127 0.10
28
SEX
0327 1.63
0832 0.39
1610 1.57
2223 -0.10
13
QUI
0359 1.58
0849 0.30
1544 1.41
2119 0.10
14
SEX
0434 1.56
0912 0.24
1612 1.41
2129 0.11
15
SÁB
0506 1.50
0942 0.21
1646 1.39
2159 0.16
16
DOM
0546 1.40
1010 0.22
1717 1.34
2216 0.23
Março
HORA ALT(m) HORA ALT(m)
01
SÁB
0406 1.60
0846 0.32
1655 1.55
2302 0.05
17
SEG
0502 1.37
0946 0.15
1651 1.44
2147 0.22
02
DOM
0447 1.51
0906 0.26
1734 1.46
2340 0.25
18
TER
0538 1.23
1014 0.21
1727 1.36
2208 0.31
03
SEG
0525 1.37
0940 0.23
1810 1.33
2247 0.46
19
QUA
0608 1.08
1053 0.31
1801 1.26
2231 0.42
04
TER
0604 1.20
1008 0.24
1857 1.17
2257 0.62
20
QUI
0310 0.95
0502 0.90
0653 0.94
1131 0.42
1847 1.17
2257 0.55
05
QUA
0649 1.01
1049 0.31
1512 0.92
1702 0.86
1953 1.00
2302 0.75
21
SEX
0304 0.97
0606 0.78
0806 0.82
1331 0.53
1946 1.07
2310 0.69
06
QUI
0206 0.92
0525 0.77
0742 0.85
1125 0.43
1536 0.88
1808 0.73
2116 0.88
2246 0.87
22
SÁB
0302 1.00
0646 0.65
1010 0.83
1553 0.52
2053 1.02
2342 0.85
07
SEX
0232 1.05
0653 0.67
0901 0.75
1221 0.59
1555 0.82
1859 0.58
23
DOM
0249 1.03
0706 0.53
1131 0.96
1719 0.35
2225 1.05
08
SÁB
0238 1.10
0727 0.58
1116 0.81
1406 0.71
1540 0.73
1923 0.44
24
SEG
0002 1.02
0217 1.09
0731 0.43
1216 1.13
1812 0.15
09
DOM
0127 1.17
0757 0.52
1216 0.98
1951 0.33
25
TER
0021 1.20
0757 0.36
1301 1.30
1901 -0.03
10
SEG
0132 1.29
0806 0.48
1259 1.15
2004 0.24
26
QUA
0106 1.37
0819 0.32
1342 1.44
1944 -0.14
11
TER
0201 1.41
0804 0.42
1332 1.28
2014 0.18
27
QUI
0142 1.50
0840 0.32
1421 1.56
2023 -0.17
12
QUA
0225 1.51
0755 0.32
1404 1.39
2016 0.12
28
SEX
0219 1.58
0829 0.34
1502 1.64
2110 -0.12
13
QUI
0259 1.57
0804 0.22
1440 1.46
2019 0.09
29
SÁB
0301 1.59
0801 0.29
1546 1.66
2151 0.02
14
SEX
0327 1.58
0821 0.14
1510 1.50
2032 0.08
30
DOM
0340 1.53
0810 0.21
1625 1.61
2238 0.21
15
SÁB
0359 1.55
0849 0.11
1544 1.51
2059 0.10
31
SEG
0416 1.41
0840 0.17
1706 1.51
2142 0.41
16
DOM
0432 1.47
0914 0.11
1617 1.49
2117 0.15
Abril
HORA ALT(m) HORA ALT(m)
01
TER
0455 1.25
0906 0.16
1753 1.36
2157 0.54
17
QUI
0525 1.03
1031 0.30
1747 1.33
2208 0.43
02
QUA
0536 1.06
0946 0.22
1840 1.18
2210 0.65
18
SEX
0244 1.01
1140 0.41
1831 1.25
2232 0.55
03
QUI
0147 0.94
0436 0.86
0614 0.89
1019 0.33
1604 0.78
1929 1.01
2238 0.75
19
SÁB
0247 1.03
0610 0.75
0801 0.78
1353 0.46
1917 1.17
2301 0.68
04
SEX
0208 1.08
0606 0.74
0717 0.76
1104 0.48
1502 0.78
1719 0.67
2049 0.89
2247 0.86
20
DOM
0251 1.05
0627 0.63
1004 0.83
1532 0.41
2017 1.12
2323 0.83
05
SÁB
0236 1.13
0653 0.64
0910 0.73
1227 0.64
1514 0.73
1808 0.56
21
SEG
0244 1.05
0653 0.53
1108 0.98
1647 0.27
2129 1.11
06
DOM
0242 1.10
0712 0.57
1110 0.87
1847 0.46
22
TER
0002 0.99
0216 1.07
0706 0.44
1157 1.16
1742 0.11
2312 1.19
07
SEG
0044 1.12
0729 0.53
1157 1.05
1904 0.38
23
QUA
0731 0.38
1229 1.32
1829 -0.01
08
TER
0102 1.25
0725 0.48
1227 1.20
1914 0.31
24
QUI
0021 1.32
0753 0.34
1308 1.46
1916 -0.07
09
QUA
0125 1.37
0712 0.36
1257 1.32
1916 0.24
25
SEX
0108 1.42
0808 0.33
1351 1.57
2002 -0.04
10
QUI
0159 1.47
0717 0.23
1327 1.42
1919 0.19
26
SÁB
0151 1.47
0740 0.33
1436 1.63
2051 0.07
11
SEX
0225 1.52
0734 0.12
1359 1.49
1936 0.16
27
DOM
0231 1.46
0721 0.25
1517 1.64
2151 0.24
12
SÁB
0257 1.54
0801 0.06
1438 1.53
2001 0.15
28
SEG
0308 1.40
0746 0.18
1602 1.59
2159 0.45
2253 0.43
13
DOM
0325 1.50
0821 0.05
1516 1.54
2019 0.17
29
TER
0351 1.29
0810 0.16
1653 1.50
2104 0.56
14
SEG
0357 1.43
0853 0.07
1553 1.52
2053 0.21
30
QUA
0427 1.14
0851 0.19
1740 1.36
2125 0.63
15
TER
0425 1.32
0917 0.12
1631 1.47
2114 0.26
16
QUA
0455 1.18
0957 0.20
1706 1.41
2146 0.34
DG6-62 Original
159
BARRA DE PARANAGUÁ - CANAL DA GALHETA (ESTADO DO PARANÁ) - 2025
Latitude 25° 34' S Longitude 48° 19' W Fuso UTC -03.0 horas
APPA 75 Componentes Nível Médio 0.79 m Carta 1821
Maio
HORA ALT(m) HORA ALT(m)
01
QUI
0502 0.99
0923 0.27
1823 1.22
2201 0.68
17
SÁB
0217 1.01
1234 0.34
1817 1.35
2225 0.55
02
SEX
0144 1.03
0549 0.86
1006 0.39
1457 0.64
1912 1.09
2236 0.73
18
DOM
0229 1.03
0551 0.77
0755 0.81
1351 0.34
1904 1.30
2259 0.65
03
SÁB
0210 1.11
0704 0.77
1106 0.52
1429 0.64
1606 0.61
2010 0.99
2310 0.80
19
SEG
0244 1.03
0608 0.68
0936 0.86
1506 0.29
2001 1.24
2327 0.77
04
DOM
0246 1.11
0636 0.68
0916 0.78
1319 0.62
1444 0.62
1701 0.57
2136 0.96
20
TER
0251 1.01
0627 0.60
1036 0.99
1610 0.21
2059 1.19
05
SEG
0004 0.88
0301 1.02
0659 0.64
1042 0.91
1738 0.52
2319 1.03
21
QUA
0010 0.88
0246 0.97
0651 0.53
1119 1.14
1706 0.13
2206 1.17
06
TER
0702 0.61
1119 1.05
1751 0.48
22
QUI
0706 0.48
1201 1.29
1801 0.11
2331 1.19
07
QUA
0010 1.15
0646 0.53
1151 1.18
1744 0.42
23
SEX
0732 0.43
1240 1.41
1857 0.13
08
QUI
0055 1.26
0632 0.37
1219 1.29
1812 0.37
24
SÁB
0032 1.25
0751 0.39
1323 1.49
1957 0.21
09
SEX
0123 1.35
0647 0.23
1249 1.38
1831 0.33
25
DOM
0123 1.29
0732 0.37
1410 1.53
2108 0.32
10
SÁB
0159 1.41
0714 0.12
1325 1.44
1901 0.31
26
SEG
0208 1.29
0702 0.30
1501 1.54
2214 0.43
11
DOM
0227 1.43
0740 0.07
1408 1.48
1925 0.31
27
TER
0253 1.26
0725 0.25
1553 1.52
2304 0.56
12
SEG
0259 1.42
0808 0.06
1451 1.50
1959 0.31
28
QUA
0332 1.20
0802 0.24
1642 1.46
2057 0.69
2210 0.73
2340 0.71
13
TER
0329 1.36
0836 0.08
1534 1.49
2023 0.33
29
QUI
0410 1.11
0846 0.27
1202 0.44
1725 1.39
2119 0.68
14
QUA
0359 1.28
0910 0.13
1612 1.47
2101 0.36
30
SEX
0451 1.02
0923 0.34
1259 0.46
1810 1.31
2202 0.65
15
QUI
0431 1.15
0953 0.21
1655 1.44
2127 0.41
31
SÁB
0201 1.00
0542 0.93
1014 0.41
1901 1.22
2242 0.63
16
SEX
0457 1.02
1051 0.29
1738 1.40
2201 0.47
Junho
HORA ALT(m) HORA ALT(m)
01
DOM
0225 1.06
0653 0.87
1116 0.49
1944 1.14
2316 0.64
17
TER
0247 0.99
0542 0.79
0846 0.93
1444 0.23
1938 1.32
2327 0.63
02
SEG
0302 1.05
0612 0.81
0806 0.86
1347 0.54
2025 1.06
18
QUA
0302 0.97
0606 0.73
0951 0.99
1544 0.23
2023 1.23
03
TER
0004 0.69
0340 0.95
0642 0.77
0927 0.91
1446 0.54
2123 1.02
19
QUI
0008 0.69
0321 0.91
0632 0.67
1047 1.09
1642 0.26
2117 1.12
04
QUA
0116 0.75
0401 0.81
0646 0.73
1027 1.00
1536 0.54
2257 1.02
20
SEX
0108 0.75
0344 0.83
0659 0.60
1136 1.20
1744 0.33
2234 1.04
05
QUI
0549 0.62
1106 1.10
1621 0.53
21
SÁB
0725 0.52
1217 1.29
1857 0.39
06
SEX
0004 1.10
0555 0.45
1144 1.20
1704 0.52
22
DOM
0002 1.05
0759 0.44
1308 1.36
2019 0.44
07
SÁB
0055 1.19
0629 0.30
1217 1.29
1742 0.52
23
SEG
0106 1.10
0836 0.37
1402 1.41
2134 0.46
08
DOM
0129 1.26
0702 0.19
1259 1.35
1825 0.51
24
TER
0159 1.16
0919 0.32
1457 1.45
2223 0.49
09
SEG
0204 1.32
0734 0.12
1344 1.39
1908 0.50
25
QUA
0246 1.19
1008 0.28
1546 1.47
2302 0.56
10
TER
0242 1.33
0808 0.09
1431 1.42
1946 0.49
26
QUI
0323 1.20
0821 0.29
0914 0.30
1059 0.27
1627 1.47
2306 0.66
11
QUA
0310 1.32
0840 0.09
1514 1.45
2017 0.47
27
SEX
0402 1.18
0904 0.29
1008 0.32
1140 0.29
1710 1.46
2125 0.61
12
QUI
0351 1.26
0923 0.11
1601 1.47
2057 0.46
28
SÁB
0444 1.14
0938 0.31
1108 0.35
1212 0.34
1757 1.42
2202 0.52
13
SEX
0423 1.17
1017 0.15
1646 1.48
2125 0.46
29
DOM
0519 1.08
1014 0.35
1834 1.35
2232 0.46
14
SÁB
0506 1.07
1123 0.19
1725 1.47
2201 0.48
30
SEG
0321 1.05
0551 1.03
1104 0.40
1908 1.26
2308 0.45
15
DOM
0217 0.96
0401 0.93
0604 0.98
1232 0.22
1808 1.45
2225 0.52
16
SEG
0223 0.98
0504 0.86
0723 0.92
1340 0.23
1855 1.40
2301 0.56
Julho
HORA ALT(m) HORA ALT(m)
01
TER
0344 1.04
0655 0.98
1157 0.48
1949 1.16
2351 0.49
17
QUI
0316 0.97
0549 0.86
0847 1.00
1521 0.38
2001 1.18
2353 0.51
02
QUA
0416 0.98
0616 0.93
0801 0.96
1317 0.54
2023 1.06
18
SEX
0344 0.93
0619 0.77
1004 1.02
1629 0.48
2051 1.02
03
QUI
0034 0.57
0508 0.86
0617 0.86
0904 0.97
1416 0.60
2116 0.99
19
SÁB
0032 0.58
0402 0.86
0659 0.65
1125 1.09
1759 0.56
2157 0.90
04
SEX
0231 0.65
1008 1.02
1510 0.64
2301 0.97
20
DOM
0146 0.67
0414 0.76
0725 0.53
1221 1.18
1936 0.55
2353 0.90
05
SÁB
0527 0.53
1106 1.10
1606 0.68
1902 0.68
21
SEG
0801 0.39
1312 1.27
2046 0.50
06
DOM
0016 1.04
0619 0.38
1155 1.18
2002 0.64
22
TER
0106 1.01
0834 0.28
1402 1.36
2134 0.48
07
SEG
0106 1.14
0701 0.24
1236 1.25
2049 0.60
23
QUA
0157 1.13
0908 0.20
1451 1.43
2206 0.48
08
TER
0149 1.23
0738 0.14
1321 1.31
2125 0.56
24
QUI
0240 1.23
0944 0.16
1527 1.48
2225 0.52
09
QUA
0225 1.29
0810 0.07
1412 1.37
2146 0.55
25
SEX
0310 1.30
1016 0.17
1608 1.52
2136 0.53
10
QUI
0302 1.33
0846 0.03
1502 1.43
2116 0.54
26
SÁB
0349 1.32
0917 0.19
1653 1.52
2119 0.43
11
SEX
0344 1.31
0925 0.02
1549 1.49
2102 0.49
27
DOM
0419 1.30
0923 0.21
1727 1.48
2149 0.34
12
SÁB
0421 1.27
1014 0.04
1631 1.53
2123 0.45
28
SEG
0447 1.26
0959 0.25
1802 1.41
2216 0.29
13
DOM
0504 1.21
1110 0.08
1712 1.54
2153 0.43
29
TER
0516 1.20
1019 0.32
1840 1.31
2255 0.29
14
SEG
0553 1.14
1216 0.14
1757 1.52
2216 0.42
30
QUA
0519 1.14
1101 0.41
1910 1.19
2321 0.35
15
TER
0644 1.08
1319 0.20
1836 1.44
2249 0.43
31
QUI
0502 1.07
1131 0.52
1951 1.07
16
QUA
0301 0.98
0459 0.92
0740 1.02
1419 0.28
1914 1.32
2314 0.45
Agosto
HORA ALT(m) HORA ALT(m)
01
SEX
0002 0.45
0757 0.99
1216 0.64
2032 0.96
17
DOM
0001 0.52
0349 0.87
0655 0.62
1236 1.04
1859 0.62
2144 0.78
02
SÁB
0055 0.57
0904 0.97
1332 0.75
1610 0.81
1827 0.76
2155 0.89
18
SEG
0057 0.67
0349 0.79
0717 0.46
1301 1.16
1957 0.54
03
DOM
0459 0.58
1023 1.01
1604 0.83
1921 0.69
2353 0.95
19
TER
0019 0.87
0753 0.31
1321 1.27
2034 0.48
04
SEG
0606 0.41
1131 1.09
2002 0.61
20
QUA
0108 1.05
0814 0.20
1359 1.37
2102 0.46
05
TER
0051 1.08
0651 0.24
1217 1.19
2038 0.54
21
QUI
0149 1.21
0840 0.13
1431 1.46
2119 0.44
06
QUA
0131 1.21
0723 0.10
1306 1.29
2106 0.49
22
SEX
0219 1.34
0849 0.10
1504 1.53
2104 0.42
07
QUI
0212 1.32
0801 -0.02
1357 1.38
2136 0.46
23
SÁB
0253 1.42
0836 0.10
1544 1.55
2040 0.33
08
SEX
0253 1.40
0832 -0.08
1446 1.47
2140 0.46
24
DOM
0321 1.46
0840 0.10
1614 1.54
2102 0.24
09
SÁB
0329 1.44
0910 -0.10
1529 1.54
2057 0.44
25
SEG
0351 1.46
0901 0.12
1655 1.49
2123 0.18
10
DOM
0406 1.44
0947 -0.06
1610 1.58
2106 0.38
26
TER
0417 1.42
0917 0.17
1729 1.40
2159 0.17
11
SEG
0447 1.40
1036 0.02
1653 1.57
2125 0.33
27
QUA
0442 1.36
0951 0.25
1802 1.28
2225 0.20
12
TER
0525 1.33
1140 0.15
1732 1.50
2157 0.29
28
QUI
0514 1.27
1010 0.35
1840 1.15
2301 0.27
13
QUA
0604 1.24
1255 0.30
1810 1.38
2221 0.29
29
SEX
0540 1.16
1042 0.48
1912 1.01
2331 0.39
14
QUI
0651 1.12
1402 0.46
1853 1.22
2255 0.32
30
SÁB
0651 1.05
1104 0.61
1517 0.91
1747 0.83
2002 0.90
15
SEX
0316 0.97
0512 0.92
0751 1.01
1521 0.61
1936 1.04
2323 0.40
31
DOM
0016 0.52
0808 0.97
1127 0.75
1523 0.94
1844 0.73
2136 0.83
16
SÁB
0332 0.94
0610 0.78
0923 0.93
1716 0.68
2021 0.88
DG6-62 Original
160
BARRA DE PARANAGUÁ - CANAL DA GALHETA (ESTADO DO PARANÁ) - 2025
Latitude 25° 34' S Longitude 48° 19' W Fuso UTC -03.0 horas
APPA 75 Componentes Nível Médio 0.79 m Carta 1821
Setembro
HORA ALT(m) HORA ALT(m)
01
SEG
0423 0.59
0929 0.96
1202 0.88
1521 0.96
1912 0.63
2327 0.91
17
QUA
0016 0.94
0725 0.27
1312 1.29
2004 0.47
02
TER
0544 0.41
1104 1.04
1347 1.02
1947 0.54
18
QUI
0057 1.13
0749 0.18
1334 1.39
2014 0.43
03
QUA
0029 1.07
0625 0.21
1206 1.17
2008 0.46
19
SEX
0125 1.29
0801 0.13
1404 1.48
2002 0.37
04
QUI
0114 1.24
0702 0.03
1251 1.31
2036 0.41
20
SÁB
0155 1.42
0757 0.11
1438 1.53
1955 0.26
05
SEX
0153 1.38
0740 -0.11
1332 1.43
2057 0.38
21
DOM
0223 1.50
0757 0.08
1506 1.55
2012 0.16
06
SÁB
0229 1.50
0812 -0.18
1419 1.53
2114 0.38
22
SEG
0251 1.55
0808 0.07
1544 1.52
2032 0.11
07
DOM
0304 1.57
0846 -0.18
1501 1.58
2025 0.35
23
TER
0319 1.55
0825 0.10
1614 1.46
2104 0.09
08
SEG
0344 1.59
0921 -0.10
1544 1.58
2034 0.29
24
QUA
0351 1.52
0855 0.14
1651 1.35
2131 0.11
09
TER
0417 1.56
0946 0.05
1621 1.52
2059 0.22
25
QUI
0423 1.46
0914 0.22
1723 1.23
2204 0.16
10
QUA
0457 1.48
1008 0.25
1702 1.41
2121 0.20
26
SEX
0455 1.36
0946 0.32
1757 1.09
2236 0.25
11
QUI
0540 1.34
1006 0.44
1746 1.24
2157 0.20
27
SÁB
0536 1.25
1006 0.44
1451 0.97
1657 0.92
1838 0.95
2312 0.36
12
SEX
0619 1.18
1014 0.62
1402 0.70
1823 1.06
2225 0.27
28
DOM
0625 1.13
1029 0.57
1455 1.01
1802 0.81
1940 0.84
13
SÁB
0302 0.91
0431 0.89
0714 1.00
1025 0.77
1312 0.92
1647 0.77
1908 0.89
2301 0.38
29
SEG
0012 0.50
0727 1.03
1057 0.70
1459 1.03
1836 0.70
2123 0.80
14
DOM
0302 0.89
0549 0.72
1001 0.88
1351 1.06
1814 0.68
2008 0.76
2336 0.55
30
TER
0342 0.54
0844 0.99
1116 0.85
1459 1.04
1902 0.59
2312 0.90
15
SEG
0312 0.84
0627 0.55
1408 1.14
1906 0.58
2301 0.74
16
TER
0053 0.73
0301 0.78
0702 0.39
1332 1.19
1946 0.51
Outubro
HORA ALT(m) HORA ALT(m)
01
QUA
0502 0.37
1008 1.03
1201 1.00
1416 1.05
1917 0.50
17
SEX
0023 1.15
0712 0.28
1302 1.34
1921 0.44
02
QUI
0010 1.08
0557 0.17
1134 1.17
1946 0.42
18
SÁB
0057 1.30
0719 0.24
1332 1.42
1910 0.31
03
SEX
0051 1.26
0636 -0.01
1221 1.32
2002 0.37
19
DOM
0123 1.41
0716 0.20
1404 1.48
1923 0.18
04
SÁB
0125 1.42
0712 -0.14
1306 1.44
2023 0.34
20
SEG
0151 1.49
0719 0.17
1440 1.49
1947 0.10
05
DOM
0202 1.56
0753 -0.18
1347 1.52
2027 0.33
21
TER
0223 1.55
0738 0.16
1508 1.47
2014 0.06
06
SEG
0240 1.65
0825 -0.14
1431 1.55
1953 0.29
22
QUA
0255 1.57
0802 0.17
1544 1.41
2046 0.07
07
TER
0314 1.68
0853 0.00
1512 1.52
2002 0.22
23
QUI
0331 1.55
0823 0.21
1612 1.31
2117 0.10
08
QUA
0357 1.64
0912 0.19
1553 1.42
2023 0.17
24
SEX
0404 1.50
0857 0.27
1647 1.19
2155 0.16
09
QUI
0438 1.54
0910 0.37
1634 1.28
2059 0.16
25
SÁB
0446 1.42
0917 0.34
1719 1.06
2231 0.24
10
SEX
0517 1.39
0921 0.54
1714 1.11
2127 0.21
26
DOM
0525 1.33
0951 0.44
1419 1.02
1757 0.93
2323 0.34
11
SÁB
0604 1.21
0947 0.67
1244 0.91
1531 0.85
1801 0.94
2204 0.30
27
SEG
0606 1.23
1012 0.54
1434 1.05
1801 0.81
1916 0.82
12
DOM
0702 1.03
1002 0.77
1325 1.07
1721 0.76
1859 0.80
2247 0.44
28
TER
0053 0.44
0701 1.15
1046 0.67
1449 1.06
1821 0.71
2104 0.80
13
SEG
0229 0.77
0459 0.65
0825 0.90
1010 0.88
1402 1.14
1817 0.66
2012 0.73
2338 0.61
29
QUA
0257 0.45
0802 1.09
1110 0.80
1455 1.04
1844 0.62
2238 0.89
14
TER
0240 0.75
0551 0.51
1423 1.14
1901 0.58
2301 0.81
30
QUI
0423 0.33
0910 1.09
1201 0.94
1440 1.01
1901 0.54
2340 1.06
15
QUA
0625 0.41
1221 1.12
1919 0.54
2355 0.99
31
SEX
0517 0.16
1032 1.16
1916 0.47
16
QUI
0657 0.33
1231 1.23
1936 0.51
Novembro
HORA ALT(m) HORA ALT(m)
01
SÁB
0019 1.23
0604 0.02
1142 1.27
1938 0.41
17
SEG
0051 1.32
0634 0.38
1336 1.35
1901 0.20
02
DOM
0059 1.40
0653 -0.05
1231 1.36
1957 0.37
18
TER
0123 1.41
0649 0.35
1408 1.38
1934 0.12
03
SEG
0136 1.53
0734 -0.05
1317 1.42
2012 0.35
19
QUA
0159 1.47
0714 0.33
1447 1.38
2010 0.08
04
TER
0212 1.62
0816 0.05
1402 1.43
1919 0.30
20
QUI
0236 1.51
0742 0.33
1517 1.35
2044 0.08
05
QUA
0257 1.66
0851 0.21
1449 1.39
1934 0.24
21
SEX
0314 1.52
0808 0.34
1555 1.28
2125 0.10
06
QUI
0340 1.63
1002 0.42
1531 1.30
2002 0.21
22
SÁB
0355 1.50
0842 0.37
1629 1.19
2210 0.14
07
SEX
0421 1.54
0846 0.56
1021 0.62
1612 1.18
2040 0.23
23
DOM
0434 1.46
0910 0.40
1706 1.08
2251 0.19
08
SÁB
0508 1.41
0902 0.65
1251 0.81
1659 1.05
2114 0.28
24
SEG
0514 1.41
0946 0.45
1412 1.00
1610 0.95
1755 0.97
2346 0.25
09
DOM
0601 1.26
0936 0.72
1244 0.97
1547 0.87
1751 0.93
2202 0.37
25
TER
0559 1.35
1012 0.52
1423 1.02
1719 0.86
1902 0.89
10
SEG
0657 1.12
1006 0.76
1338 1.07
1710 0.80
1855 0.84
2257 0.48
26
QUA
0057 0.32
0646 1.29
1047 0.61
1446 1.02
1801 0.79
2027 0.86
11
TER
0153 0.62
0353 0.57
0759 1.01
1055 0.81
1419 1.10
1804 0.72
2008 0.80
2359 0.60
27
QUI
0225 0.34
0734 1.23
1117 0.70
1501 1.00
1816 0.72
2146 0.91
12
QUA
0208 0.65
0455 0.53
0921 0.96
1153 0.87
1459 1.04
1844 0.68
2155 0.85
28
SEX
0346 0.28
0831 1.18
1206 0.80
1506 0.94
1838 0.66
2255 1.01
13
QUI
0538 0.50
1051 1.01
1453 0.92
1902 0.65
2302 0.97
29
SÁB
0447 0.20
0934 1.16
1447 0.87
1859 0.59
2349 1.16
14
SEX
0612 0.47
1144 1.11
1902 0.61
2351 1.09
30
DOM
0540 0.15
1049 1.17
1916 0.52
15
SÁB
0640 0.44
1217 1.21
1827 0.49
16
DOM
0019 1.21
0642 0.41
1301 1.29
1832 0.33
Dezembro
HORA ALT(m) HORA ALT(m)
01
SEG
0029 1.30
0634 0.14
1155 1.21
1947 0.45
17
QUA
0101 1.28
0746 0.54
1349 1.27
1936 0.17
02
TER
0112 1.43
0731 0.19
1251 1.24
2023 0.39
18
QUI
0140 1.36
0734 0.52
1427 1.30
2014 0.11
03
QUA
0159 1.52
0834 0.28
1344 1.25
2114 0.34
19
SEX
0221 1.43
0749 0.50
1504 1.31
2053 0.07
04
QUI
0246 1.57
0946 0.39
1434 1.24
2206 0.30
20
SÁB
0302 1.47
0812 0.47
1546 1.29
2134 0.06
05
SEX
0327 1.56
1049 0.51
1517 1.21
2006 0.31
2106 0.33
2301 0.27
21
DOM
0344 1.50
0842 0.44
1623 1.24
2217 0.06
06
SÁB
0412 1.52
1140 0.64
1602 1.17
2202 0.34
2346 0.29
22
SEG
0421 1.51
0910 0.43
1706 1.17
2255 0.08
07
DOM
0502 1.45
0904 0.71
1106 0.79
1219 0.78
1653 1.10
2301 0.37
23
TER
0504 1.50
0944 0.43
1755 1.10
2342 0.13
08
SEG
0027 0.33
0553 1.36
0940 0.69
1314 0.91
1442 0.90
1744 1.04
2214 0.38
24
QUA
0547 1.47
1012 0.45
1602 0.95
1844 1.03
09
TER
0004 0.41
0117 0.41
0638 1.25
1012 0.65
1404 0.99
1631 0.91
1832 0.98
2304 0.43
25
QUI
0042 0.20
0627 1.41
1046 0.50
1501 0.98
1706 0.91
1938 0.98
10
QUA
0719 1.15
1102 0.63
1457 1.02
1742 0.88
1921 0.93
2351 0.51
26
SEX
0155 0.26
0710 1.33
1116 0.55
1516 0.96
1751 0.87
2034 0.97
11
QUI
0810 1.06
1151 0.65
1538 0.98
1814 0.84
2023 0.92
27
SÁB
0306 0.30
0801 1.23
1159 0.62
1542 0.92
1808 0.81
2142 0.99
12
SEX
0051 0.58
0306 0.62
0434 0.61
0910 1.00
1251 0.69
1621 0.88
1851 0.80
2129 0.94
28
DOM
0414 0.32
0857 1.13
1253 0.68
1601 0.85
1844 0.72
2306 1.06
13
SÁB
0359 0.64
0517 0.62
1027 1.00
1457 0.69
2244 1.00
29
SEG
0521 0.35
1001 1.05
1410 0.71
1612 0.76
1906 0.61
14
DOM
0608 0.62
1134 1.06
1659 0.56
2342 1.09
30
TER
0012 1.18
0640 0.37
1119 1.02
1951 0.49
15
SEG
0657 0.59
1221 1.14
1806 0.41
31
QUA
0104 1.30
0755 0.39
1234 1.06
2031 0.37
16
TER
0021 1.19
0729 0.56
1306 1.21
1853 0.27
DG6-62 Original
