44
TERMINAL DA ALUMAR (ESTADO DO MARANHÃO) - 2025
Latitude 02° 30' S Longitude 44° 21' W Fuso UTC -03.0 horas
ALUMAR 75 Componentes Nível Médio 3.42 m Carta 414
Janeiro
HORA ALT(m) HORA ALT(m)
01
QUA
0216 0.70
0831 5.57
1429 1.05
2038 5.91
17
SEX
0338 0.78
0942 5.66
1546 0.95
2149 5.81
02
QUI
0259 0.65
0908 5.62
1508 1.00
2117 5.93
18
SÁB
0404 0.90
1010 5.62
1614 1.02
2221 5.68
03
SEX
0340 0.68
0951 5.64
1555 1.00
2201 5.90
19
DOM
0438 1.06
1046 5.53
1651 1.12
2255 5.49
04
SÁB
0417 0.76
1031 5.61
1638 1.05
2247 5.80
20
SEG
0508 1.24
1119 5.38
1729 1.29
2332 5.24
05
DOM
0502 0.88
1114 5.56
1723 1.12
2334 5.65
21
TER
0549 1.46
1201 5.21
1814 1.47
06
SEG
0553 1.05
1204 5.50
1817 1.20
22
QUA
0019 4.97
0638 1.69
1255 5.04
1912 1.63
07
TER
0029 5.46
0647 1.23
1302 5.44
1919 1.28
23
QUI
0125 4.74
0744 1.86
1404 4.96
2025 1.69
08
QUA
0138 5.29
0751 1.39
1412 5.41
2034 1.31
24
SEX
0251 4.67
0901 1.86
1521 5.04
2144 1.57
09
QUI
0257 5.20
0902 1.45
1525 5.46
2149 1.22
25
SÁB
0410 4.81
1010 1.72
1631 5.24
2253 1.34
10
SEX
0412 5.24
1014 1.40
1636 5.58
2301 1.04
26
DOM
0514 5.04
1112 1.52
1727 5.46
2351 1.09
11
SÁB
0521 5.36
1119 1.27
1738 5.72
27
SEG
0608 5.27
1204 1.31
1814 5.68
12
DOM
0002 0.84
0619 5.49
1217 1.13
1832 5.84
28
TER
0042 0.87
0657 5.48
1255 1.12
1902 5.90
13
SEG
0101 0.67
0708 5.59
1308 1.01
1919 5.91
29
QUA
0123 0.66
0740 5.69
1340 0.91
1947 6.11
14
TER
0149 0.59
0755 5.65
1355 0.94
2002 5.95
30
QUI
0204 0.46
0817 5.90
1419 0.70
2029 6.29
15
QUA
0227 0.60
0834 5.67
1434 0.92
2044 5.93
31
SEX
0251 0.32
0859 6.06
1502 0.52
2110 6.39
16
QUI
0302 0.66
0906 5.68
1508 0.92
2116 5.89
Fevereiro
HORA ALT(m) HORA ALT(m)
01
SÁB
0325 0.29
0938 6.12
1546 0.48
2153 6.35
17
SEG
0402 0.90
1006 5.73
1614 0.88
2217 5.63
02
DOM
0404 0.36
1014 6.07
1623 0.54
2234 6.16
18
TER
0429 1.08
1036 5.55
1649 1.05
2251 5.37
03
SEG
0449 0.57
1057 5.93
1708 0.70
2316 5.88
19
QUA
0501 1.30
1106 5.34
1725 1.28
2329 5.06
04
TER
0529 0.87
1144 5.71
1801 0.94
20
QUI
0544 1.58
1155 5.09
1816 1.53
05
QUA
0008 5.52
0619 1.21
1240 5.45
1901 1.22
21
SEX
0027 4.75
0642 1.88
1304 4.89
1929 1.73
06
QUI
0114 5.16
0721 1.55
1351 5.25
2012 1.43
22
SÁB
0153 4.57
0804 2.03
1432 4.88
2059 1.70
07
SEX
0238 4.94
0844 1.75
1508 5.19
2138 1.44
23
DOM
0325 4.68
0936 1.91
1553 5.12
2219 1.44
08
SÁB
0404 4.95
1004 1.70
1627 5.31
2259 1.24
24
SEG
0444 4.99
1049 1.59
1659 5.46
2323 1.09
09
DOM
0517 5.14
1116 1.49
1734 5.51
25
TER
0544 5.35
1147 1.25
1753 5.80
10
SEG
0001 0.98
0616 5.35
1212 1.25
1829 5.70
26
QUA
0016 0.77
0632 5.68
1236 0.91
1844 6.12
11
TER
0053 0.78
0702 5.53
1302 1.04
1910 5.84
27
QUI
0102 0.46
0714 5.99
1317 0.58
1927 6.40
12
QUA
0134 0.68
0742 5.66
1344 0.91
1951 5.94
28
SEX
0149 0.21
0759 6.27
1402 0.27
2010 6.63
13
QUI
0208 0.63
0810 5.76
1414 0.81
2021 6.00
14
SEX
0244 0.65
0844 5.84
1451 0.74
2053 6.02
15
SÁB
0308 0.70
0910 5.88
1516 0.73
2121 5.97
16
DOM
0338 0.79
0940 5.84
1549 0.77
2151 5.84
Março
HORA ALT(m) HORA ALT(m)
01
SÁB
0227 0.05
0838 6.44
1447 0.08
2055 6.71
17
SEG
0304 0.75
0906 5.94
1516 0.65
2121 5.83
02
DOM
0306 -0.01
0914 6.49
1527 0.04
2138 6.61
18
TER
0329 0.88
0934 5.79
1547 0.77
2151 5.60
03
SEG
0349 0.12
0957 6.38
1608 0.15
2217 6.34
19
QUA
0357 1.05
0959 5.59
1614 0.96
2217 5.33
04
TER
0427 0.41
1036 6.12
1655 0.44
2302 5.94
20
QUI
0423 1.28
1027 5.35
1651 1.19
2255 5.04
05
QUA
0508 0.80
1119 5.78
1744 0.82
2355 5.48
21
SEX
0502 1.56
1110 5.10
1738 1.48
2349 4.76
06
QUI
0601 1.25
1217 5.40
1846 1.22
22
SÁB
0559 1.88
1217 4.87
1847 1.72
07
SEX
0101 5.06
0704 1.68
1334 5.11
2002 1.49
23
DOM
0110 4.59
0719 2.09
1351 4.84
2017 1.73
08
SÁB
0227 4.83
0832 1.88
1502 5.06
2131 1.47
24
SEG
0246 4.71
0859 1.96
1514 5.10
2146 1.45
09
DOM
0359 4.91
1002 1.75
1623 5.23
2249 1.23
25
TER
0402 5.07
1014 1.56
1625 5.51
2253 1.05
10
SEG
0510 5.16
1108 1.45
1727 5.48
2347 0.97
26
QUA
0506 5.50
1114 1.11
1723 5.92
2347 0.68
11
TER
0602 5.42
1202 1.16
1816 5.69
27
QUI
0559 5.90
1206 0.67
1814 6.27
12
QUA
0031 0.81
0646 5.60
1246 0.96
1857 5.83
28
SEX
0036 0.37
0647 6.23
1257 0.29
1902 6.56
13
QUI
0106 0.71
0716 5.73
1317 0.81
1929 5.92
29
SÁB
0117 0.11
0731 6.49
1344 -0.01
1953 6.74
14
SEX
0146 0.68
0747 5.86
1355 0.68
1959 6.00
30
DOM
0202 -0.06
0810 6.65
1425 -0.18
2038 6.75
15
SÁB
0210 0.67
0810 5.95
1421 0.62
2025 6.02
31
SEG
0249 -0.06
0855 6.64
1506 -0.19
2117 6.59
16
DOM
0242 0.70
0842 5.99
1453 0.59
2055 5.98
Abril
HORA ALT(m) HORA ALT(m)
01
TER
0325 0.12
0936 6.44
1553 0.02
2202 6.27
17
QUI
0327 1.15
0931 5.52
1551 0.98
2157 5.21
02
QUA
0406 0.43
1016 6.13
1638 0.38
2249 5.84
18
SEX
0401 1.35
1001 5.31
1625 1.21
2234 4.97
03
QUI
0453 0.86
1102 5.74
1727 0.81
2342 5.40
19
SÁB
0440 1.60
1044 5.10
1710 1.44
2325 4.79
04
SEX
0544 1.32
1202 5.35
1829 1.22
20
DOM
0531 1.85
1147 4.93
1814 1.64
05
SÁB
0051 5.04
0651 1.70
1319 5.09
1949 1.45
21
SEG
0040 4.72
0649 2.00
1312 4.92
1942 1.64
06
DOM
0212 4.90
0814 1.84
1447 5.07
2108 1.42
22
TER
0204 4.88
0816 1.86
1440 5.16
2102 1.40
07
SEG
0336 5.01
0940 1.67
1604 5.26
2217 1.22
23
QUA
0319 5.22
0936 1.48
1551 5.55
2208 1.05
08
TER
0444 5.26
1046 1.38
1704 5.48
2312 1.03
24
QUI
0425 5.62
1040 1.02
1653 5.93
2306 0.71
09
QUA
0534 5.48
1134 1.13
1753 5.65
2359 0.92
25
SEX
0521 6.00
1136 0.59
1749 6.24
10
QUI
0612 5.65
1212 0.93
1827 5.74
26
SÁB
0001 0.43
0612 6.31
1225 0.24
1840 6.46
11
SEX
0036 0.87
0646 5.76
1251 0.80
1901 5.82
27
DOM
0051 0.22
0701 6.53
1314 -0.03
1927 6.57
12
SÁB
0106 0.82
0712 5.86
1319 0.70
1929 5.86
28
SEG
0138 0.12
0749 6.62
1402 -0.17
2014 6.54
13
DOM
0140 0.81
0742 5.94
1355 0.62
1959 5.87
29
TER
0219 0.14
0832 6.56
1453 -0.11
2102 6.37
14
SEG
0204 0.80
0808 5.95
1421 0.61
2029 5.80
30
QUA
0304 0.29
0914 6.35
1536 0.12
2151 6.06
15
TER
0234 0.87
0840 5.87
1453 0.66
2059 5.66
16
QUA
0301 0.97
0904 5.72
1517 0.80
2125 5.44
DG6-62 Original
45
TERMINAL DA ALUMAR (ESTADO DO MARANHÃO) - 2025
Latitude 02° 30' S Longitude 44° 21' W Fuso UTC -03.0 horas
ALUMAR 75 Componentes Nível Médio 3.42 m Carta 414
Maio
HORA ALT(m) HORA ALT(m)
01
QUI
0349 0.60
1001 6.04
1619 0.46
2236 5.71
17
SÁB
0346 1.41
0951 5.33
1608 1.20
2223 5.02
02
SEX
0432 0.96
1049 5.69
1710 0.83
2329 5.38
18
DOM
0423 1.58
1032 5.20
1659 1.36
2312 4.95
03
SÁB
0521 1.33
1147 5.37
1808 1.18
19
SEG
0514 1.71
1129 5.11
1757 1.47
04
DOM
0031 5.14
0625 1.62
1259 5.16
1917 1.40
20
TER
0014 4.98
0619 1.76
1242 5.12
1904 1.47
05
SEG
0142 5.05
0744 1.74
1412 5.11
2031 1.43
21
QUA
0125 5.12
0740 1.65
1359 5.27
2016 1.33
06
TER
0253 5.11
0859 1.63
1523 5.21
2136 1.35
22
QUI
0236 5.37
0855 1.37
1512 5.52
2125 1.12
07
QUA
0357 5.28
1002 1.42
1623 5.35
2229 1.24
23
SEX
0344 5.66
1001 1.02
1616 5.78
2227 0.90
08
QUI
0449 5.45
1055 1.22
1710 5.46
2312 1.16
24
SÁB
0446 5.95
1102 0.67
1716 5.99
2325 0.71
09
SEX
0531 5.58
1138 1.05
1753 5.54
2355 1.09
25
DOM
0544 6.18
1201 0.39
1812 6.14
10
SÁB
0604 5.69
1212 0.92
1827 5.58
26
SEG
0019 0.55
0636 6.35
1255 0.18
1906 6.21
11
DOM
0029 1.06
0640 5.76
1251 0.82
1901 5.61
27
TER
0110 0.46
0725 6.41
1347 0.09
1959 6.19
12
SEG
0102 1.02
0708 5.81
1321 0.77
1934 5.60
28
QUA
0202 0.45
0812 6.37
1436 0.14
2049 6.07
13
TER
0136 1.03
0744 5.80
1357 0.75
2006 5.55
29
QUI
0249 0.56
0901 6.22
1519 0.30
2136 5.87
14
QUA
0204 1.06
0812 5.74
1427 0.80
2040 5.44
30
SEX
0332 0.77
0947 5.99
1606 0.56
2221 5.65
15
QUI
0238 1.15
0846 5.63
1501 0.89
2110 5.30
31
SÁB
0414 1.00
1032 5.73
1655 0.85
2306 5.46
16
SEX
0306 1.26
0914 5.48
1532 1.04
2147 5.14
Junho
HORA ALT(m) HORA ALT(m)
01
DOM
0502 1.23
1119 5.49
1744 1.12
2359 5.31
17
TER
0504 1.42
1114 5.41
1738 1.24
2353 5.31
02
SEG
0557 1.44
1216 5.29
1838 1.34
18
QUA
0602 1.43
1214 5.36
1836 1.28
03
TER
0055 5.21
0657 1.58
1319 5.15
1938 1.48
19
QUI
0051 5.37
0704 1.40
1323 5.35
1940 1.28
04
QUA
0153 5.17
0801 1.63
1425 5.08
2038 1.53
20
SEX
0155 5.46
0814 1.30
1436 5.39
2047 1.25
05
QUI
0255 5.21
0904 1.55
1527 5.10
2134 1.51
21
SÁB
0304 5.59
0927 1.14
1547 5.49
2155 1.18
06
SEX
0351 5.29
1002 1.41
1621 5.17
2223 1.44
22
DOM
0412 5.74
1038 0.92
1655 5.60
2259 1.07
07
SÁB
0442 5.41
1055 1.25
1708 5.24
2308 1.36
23
SEG
0514 5.91
1142 0.70
1755 5.72
08
DOM
0523 5.51
1140 1.11
1755 5.31
2355 1.29
24
TER
0001 0.95
0612 6.06
1242 0.51
1853 5.81
09
SEG
0604 5.60
1217 1.00
1834 5.34
25
QUA
0057 0.82
0706 6.16
1334 0.38
1947 5.86
10
TER
0034 1.26
0646 5.64
1301 0.93
1910 5.36
26
QUI
0151 0.74
0759 6.20
1421 0.35
2036 5.86
11
QUA
0108 1.25
0717 5.66
1338 0.92
1951 5.35
27
SEX
0236 0.74
0847 6.14
1506 0.42
2117 5.80
12
QUI
0149 1.25
0757 5.66
1410 0.91
2027 5.33
28
SÁB
0316 0.80
0927 6.01
1553 0.59
2201 5.72
13
SEX
0221 1.27
0831 5.64
1449 0.95
2102 5.31
29
DOM
0359 0.90
1006 5.85
1629 0.82
2240 5.61
14
SÁB
0259 1.28
0904 5.60
1523 1.01
2142 5.28
30
SEG
0440 1.05
1049 5.66
1706 1.03
2317 5.50
15
DOM
0338 1.34
0946 5.54
1602 1.08
2217 5.26
16
SEG
0416 1.38
1027 5.47
1649 1.17
2302 5.27
Julho
HORA ALT(m) HORA ALT(m)
01
TER
0517 1.19
1129 5.46
1751 1.24
17
QUI
0546 1.11
1153 5.53
1808 1.15
02
QUA
0001 5.39
0602 1.36
1216 5.23
1834 1.45
18
SEX
0021 5.52
0644 1.22
1255 5.34
1906 1.31
03
QUI
0047 5.26
0657 1.52
1310 5.03
1927 1.62
19
SÁB
0123 5.43
0751 1.31
1408 5.19
2014 1.45
04
SEX
0142 5.15
0757 1.62
1414 4.89
2025 1.70
20
DOM
0238 5.39
0904 1.30
1527 5.15
2129 1.50
05
SÁB
0242 5.12
0902 1.60
1521 4.87
2127 1.69
21
SEG
0353 5.46
1021 1.17
1642 5.24
2246 1.42
06
DOM
0346 5.18
1004 1.46
1623 4.95
2225 1.60
22
TER
0502 5.62
1134 0.94
1749 5.40
2353 1.23
07
SEG
0444 5.30
1102 1.28
1719 5.07
2319 1.49
23
QUA
0604 5.82
1234 0.70
1847 5.57
08
TER
0534 5.43
1157 1.12
1808 5.18
24
QUI
0051 1.01
0701 5.99
1323 0.52
1936 5.71
09
QUA
0008 1.40
0619 5.55
1242 1.01
1857 5.27
25
SEX
0140 0.84
0749 6.10
1408 0.43
2017 5.80
10
QUI
0057 1.33
0702 5.65
1321 0.93
1938 5.34
26
SÁB
0219 0.73
0829 6.13
1453 0.46
2059 5.85
11
SEX
0136 1.26
0742 5.74
1402 0.86
2014 5.43
27
DOM
0301 0.68
0904 6.09
1525 0.59
2132 5.83
12
SÁB
0212 1.17
0817 5.82
1442 0.82
2053 5.53
28
SEG
0336 0.73
0942 5.99
1601 0.73
2204 5.79
13
DOM
0255 1.08
0859 5.89
1516 0.80
2129 5.59
29
TER
0406 0.80
1012 5.83
1631 0.93
2238 5.69
14
SEG
0332 1.03
0938 5.88
1557 0.82
2206 5.63
30
QUA
0446 0.95
1047 5.61
1702 1.12
2310 5.54
15
TER
0410 1.01
1016 5.82
1638 0.90
2247 5.63
31
QUI
0517 1.13
1123 5.34
1742 1.36
2349 5.34
16
QUA
0457 1.03
1101 5.70
1719 1.01
2331 5.59
Agosto
HORA ALT(m) HORA ALT(m)
01
SEX
0601 1.35
1206 5.05
1821 1.59
17
DOM
0104 5.31
0732 1.38
1359 4.98
2001 1.67
02
SÁB
0034 5.14
0651 1.57
1302 4.79
1917 1.80
18
SEG
0225 5.18
0859 1.44
1523 4.96
2121 1.72
03
DOM
0134 4.99
0759 1.70
1417 4.66
2029 1.89
19
TER
0351 5.27
1019 1.26
1644 5.13
2244 1.53
04
SEG
0247 4.96
0917 1.64
1540 4.73
2146 1.80
20
QUA
0504 5.51
1131 0.97
1749 5.38
2349 1.24
05
TER
0402 5.11
1031 1.42
1649 4.94
2253 1.61
21
QUI
0604 5.77
1223 0.70
1840 5.60
06
QUA
0504 5.35
1131 1.16
1747 5.17
2349 1.40
22
SEX
0042 0.97
0655 5.98
1308 0.54
1919 5.76
07
QUI
0559 5.58
1219 0.94
1836 5.38
23
SÁB
0121 0.77
0734 6.09
1353 0.48
1957 5.87
08
SEX
0038 1.21
0646 5.79
1304 0.76
1917 5.56
24
DOM
0202 0.63
0806 6.15
1423 0.52
2029 5.93
09
SÁB
0119 1.02
0725 5.97
1349 0.63
1959 5.73
25
SEG
0238 0.58
0842 6.13
1459 0.58
2059 5.96
10
DOM
0202 0.83
0804 6.14
1423 0.54
2036 5.88
26
TER
0306 0.56
0908 6.05
1523 0.71
2129 5.91
11
SEG
0244 0.67
0847 6.24
1502 0.47
2112 5.98
27
QUA
0338 0.63
0940 5.90
1555 0.85
2159 5.80
12
TER
0317 0.57
0925 6.23
1544 0.51
2151 5.99
28
QUI
0406 0.76
1008 5.67
1619 1.05
2227 5.61
13
QUA
0401 0.55
1004 6.11
1619 0.64
2229 5.91
29
SEX
0440 0.97
1042 5.37
1653 1.29
2259 5.37
14
QUI
0444 0.67
1049 5.87
1702 0.84
2308 5.76
30
SÁB
0512 1.22
1117 5.04
1729 1.57
2340 5.11
15
SEX
0527 0.87
1136 5.56
1751 1.12
31
DOM
0559 1.51
1210 4.73
1821 1.85
16
SÁB
0001 5.54
0621 1.14
1238 5.22
1849 1.43
DG6-62 Original
46
TERMINAL DA ALUMAR (ESTADO DO MARANHÃO) - 2025
Latitude 02° 30' S Longitude 44° 21' W Fuso UTC -03.0 horas
ALUMAR 75 Componentes Nível Médio 3.42 m Carta 414
Setembro
HORA ALT(m) HORA ALT(m)
01
SEG
0038 4.88
0702 1.75
1327 4.54
1938 2.04
17
QUA
0349 5.28
1014 1.19
1636 5.28
2238 1.41
02
TER
0201 4.80
0832 1.78
1459 4.63
2104 1.96
18
QUI
0501 5.59
1116 0.88
1734 5.56
2336 1.09
03
QUA
0325 4.99
0957 1.51
1616 4.94
2221 1.66
19
SEX
0555 5.84
1204 0.67
1817 5.75
04
QUI
0438 5.34
1101 1.14
1716 5.30
2321 1.31
20
SÁB
0019 0.85
0638 5.99
1249 0.59
1857 5.86
05
SEX
0534 5.70
1155 0.82
1806 5.62
21
DOM
0101 0.69
0710 6.05
1319 0.60
1927 5.92
06
SÁB
0010 0.98
0619 6.01
1240 0.58
1853 5.87
22
SEG
0138 0.61
0744 6.07
1355 0.63
1957 5.97
07
DOM
0059 0.69
0704 6.26
1319 0.40
1932 6.08
23
TER
0204 0.55
0808 6.05
1419 0.69
2023 5.99
08
SEG
0142 0.45
0749 6.44
1402 0.26
2010 6.24
24
QUA
0238 0.54
0840 5.99
1451 0.75
2055 5.95
09
TER
0219 0.25
0829 6.51
1444 0.23
2053 6.31
25
QUI
0304 0.57
0906 5.85
1514 0.88
2121 5.81
10
QUA
0302 0.15
0908 6.45
1519 0.31
2131 6.24
26
SEX
0334 0.71
0938 5.61
1544 1.05
2151 5.60
11
QUI
0346 0.22
0953 6.24
1601 0.50
2208 6.07
27
SÁB
0402 0.90
1006 5.32
1610 1.29
2217 5.35
12
SEX
0425 0.44
1036 5.89
1646 0.81
2255 5.80
28
DOM
0436 1.17
1042 5.00
1649 1.57
2257 5.08
13
SÁB
0510 0.75
1125 5.49
1731 1.19
2347 5.48
29
SEG
0514 1.47
1131 4.71
1738 1.88
2355 4.84
14
DOM
0608 1.13
1231 5.12
1832 1.57
30
TER
0616 1.76
1247 4.53
1853 2.11
15
SEG
0059 5.20
0723 1.42
1357 4.92
1953 1.79
16
TER
0223 5.11
0855 1.44
1521 5.01
2119 1.72
Outubro
HORA ALT(m) HORA ALT(m)
01
QUA
0116 4.74
0747 1.85
1417 4.64
2023 2.04
17
SEX
0438 5.60
1051 0.91
1704 5.66
2306 1.02
02
QUI
0249 4.94
0916 1.58
1538 5.01
2147 1.67
18
SÁB
0529 5.78
1136 0.79
1749 5.80
2355 0.84
03
SEX
0402 5.35
1023 1.17
1640 5.44
2249 1.22
19
DOM
0608 5.87
1212 0.77
1823 5.85
04
SÁB
0501 5.78
1116 0.79
1731 5.81
2342 0.82
20
SEG
0032 0.75
0646 5.87
1251 0.80
1855 5.88
05
DOM
0553 6.14
1204 0.49
1816 6.11
21
TER
0104 0.69
0710 5.85
1317 0.84
1921 5.90
06
SEG
0027 0.47
0640 6.40
1253 0.29
1901 6.34
22
QUA
0138 0.66
0742 5.83
1349 0.86
1951 5.92
07
TER
0112 0.18
0723 6.56
1336 0.17
1946 6.47
23
QUI
0204 0.63
0808 5.78
1414 0.91
2019 5.87
08
QUA
0201 -0.02
0806 6.60
1416 0.15
2027 6.49
24
SEX
0236 0.67
0842 5.67
1446 0.99
2051 5.75
09
QUI
0246 -0.05
0855 6.48
1501 0.25
2108 6.37
25
SÁB
0302 0.76
0910 5.48
1510 1.14
2119 5.56
10
SEX
0325 0.08
0938 6.21
1544 0.52
2155 6.13
26
DOM
0334 0.94
0942 5.24
1544 1.34
2151 5.35
11
SÁB
0410 0.35
1023 5.84
1625 0.87
2242 5.80
27
SEG
0406 1.16
1016 4.99
1617 1.59
2227 5.12
12
DOM
0501 0.72
1116 5.44
1714 1.26
2336 5.45
28
TER
0449 1.42
1102 4.78
1706 1.84
2319 4.93
13
SEG
0601 1.12
1223 5.12
1817 1.60
29
QUA
0546 1.67
1208 4.67
1814 2.02
14
TER
0049 5.20
0712 1.38
1344 5.02
1942 1.75
30
QUI
0036 4.85
0702 1.77
1334 4.77
1942 1.97
15
QUA
0210 5.16
0838 1.37
1502 5.15
2102 1.60
31
SEX
0202 4.99
0829 1.60
1451 5.10
2102 1.63
16
QUI
0331 5.34
0953 1.15
1608 5.42
2212 1.30
Novembro
HORA ALT(m) HORA ALT(m)
01
SÁB
0317 5.32
0940 1.24
1555 5.50
2206 1.19
17
SEG
0536 5.55
1138 1.06
1747 5.71
2359 0.92
02
DOM
0421 5.71
1038 0.89
1651 5.88
2302 0.78
18
TER
0610 5.56
1210 1.06
1817 5.73
03
SEG
0517 6.04
1129 0.61
1742 6.17
2359 0.42
19
QUA
0036 0.87
0647 5.55
1249 1.07
1853 5.75
04
TER
0608 6.29
1216 0.40
1829 6.38
20
QUI
0108 0.83
0716 5.54
1316 1.09
1921 5.75
05
QUA
0049 0.15
0659 6.43
1304 0.27
1916 6.50
21
SEX
0144 0.81
0751 5.51
1351 1.10
1957 5.73
06
QUI
0140 -0.02
0749 6.46
1357 0.24
2004 6.52
22
SÁB
0212 0.82
0819 5.45
1417 1.16
2027 5.66
07
SEX
0223 -0.06
0838 6.35
1442 0.35
2053 6.39
23
DOM
0246 0.88
0853 5.36
1453 1.24
2059 5.56
08
SÁB
0310 0.06
0923 6.11
1525 0.58
2140 6.14
24
SEG
0314 0.99
0925 5.23
1523 1.38
2132 5.42
09
DOM
0401 0.33
1012 5.80
1610 0.88
2227 5.84
25
TER
0353 1.13
1001 5.10
1602 1.52
2208 5.29
10
SEG
0451 0.68
1104 5.49
1702 1.20
2321 5.54
26
QUA
0431 1.31
1044 4.99
1651 1.67
2259 5.17
11
TER
0546 1.04
1204 5.25
1802 1.47
27
QUI
0519 1.47
1140 4.95
1751 1.76
2359 5.10
12
QUA
0027 5.31
0651 1.29
1312 5.16
1910 1.60
28
SEX
0623 1.56
1246 5.02
1901 1.73
13
QUI
0140 5.22
0801 1.36
1423 5.23
2025 1.54
29
SÁB
0112 5.12
0740 1.51
1359 5.21
2014 1.53
14
SEX
0255 5.28
0908 1.28
1527 5.39
2132 1.35
30
DOM
0232 5.27
0851 1.33
1506 5.49
2125 1.23
15
SÁB
0359 5.41
1006 1.16
1621 5.55
2229 1.16
16
DOM
0453 5.51
1057 1.08
1706 5.66
2316 1.01
Dezembro
HORA ALT(m) HORA ALT(m)
01
SEG
0344 5.50
0955 1.10
1608 5.77
2227 0.91
17
QUA
0544 5.20
1140 1.35
1749 5.52
02
TER
0447 5.74
1055 0.88
1704 6.02
2327 0.61
18
QUI
0006 1.07
0621 5.26
1217 1.30
1827 5.57
03
QUA
0546 5.95
1151 0.69
1801 6.22
19
SEX
0051 0.99
0701 5.31
1259 1.26
1904 5.61
04
QUI
0023 0.35
0640 6.10
1246 0.54
1857 6.37
20
SÁB
0125 0.95
0738 5.34
1334 1.26
1942 5.64
05
SEX
0117 0.14
0732 6.18
1336 0.46
1949 6.42
21
DOM
0201 0.92
0810 5.36
1406 1.24
2014 5.66
06
SÁB
0210 0.04
0823 6.17
1423 0.47
2040 6.37
22
SEG
0234 0.93
0846 5.37
1442 1.25
2049 5.65
07
DOM
0302 0.08
0912 6.06
1510 0.58
2127 6.21
23
TER
0304 0.95
0914 5.35
1514 1.27
2121 5.61
08
SEG
0351 0.28
1001 5.88
1601 0.77
2212 5.99
24
QUA
0344 1.01
0951 5.33
1557 1.30
2201 5.56
09
TER
0434 0.58
1049 5.66
1647 1.01
2301 5.74
25
QUI
0417 1.10
1027 5.31
1640 1.36
2244 5.47
10
QUA
0517 0.88
1136 5.46
1736 1.23
2353 5.49
26
SEX
0502 1.19
1112 5.30
1729 1.40
2332 5.38
11
QUI
0608 1.16
1229 5.32
1831 1.41
27
SÁB
0557 1.30
1206 5.30
1827 1.42
12
SEX
0051 5.28
0706 1.38
1327 5.25
1932 1.50
28
DOM
0034 5.27
0657 1.38
1310 5.33
1934 1.40
13
SÁB
0155 5.14
0808 1.50
1429 5.25
2038 1.50
29
SEG
0147 5.20
0802 1.41
1423 5.40
2047 1.30
14
DOM
0302 5.08
0910 1.52
1527 5.30
2140 1.42
30
TER
0306 5.23
0914 1.37
1536 5.55
2159 1.12
15
SEG
0402 5.10
1004 1.47
1619 5.37
2234 1.31
31
QUA
0421 5.35
1023 1.25
1644 5.74
2306 0.89
16
TER
0457 5.15
1055 1.41
1706 5.45
2321 1.19
DG6-62 Original
