47
TERMINAL DA PONTA DA MADEIRA (ESTADO DO MARANHÃO) - 2025
Latitude 02° 33'.9 S Longitude 44° 22'.7 W Fuso UTC -03.0 horas
CV 115 Componentes Nível Médio 3.23 m Carta 413
Janeiro
HORA ALT(m) HORA ALT(m)
01
QUA
0155 0.53
0804 5.41
1402 0.84
2014 5.73
17
SEX
0312 0.70
0923 5.33
1519 0.97
2134 5.46
02
QUI
0234 0.50
0847 5.47
1447 0.81
2057 5.76
18
SÁB
0346 0.88
0957 5.25
1557 1.08
2206 5.31
03
SEX
0310 0.52
0925 5.48
1527 0.82
2140 5.72
19
DOM
0412 1.06
1029 5.13
1629 1.23
2244 5.11
04
SÁB
0353 0.60
1006 5.46
1610 0.87
2221 5.62
20
SEG
0451 1.27
1108 4.99
1708 1.38
2325 4.88
05
DOM
0436 0.74
1053 5.39
1701 0.95
2310 5.47
21
TER
0529 1.51
1157 4.82
1801 1.56
06
SEG
0523 0.92
1146 5.29
1759 1.06
22
QUA
0017 4.64
0623 1.75
1255 4.66
1901 1.70
07
TER
0008 5.27
0621 1.12
1247 5.18
1902 1.16
23
QUI
0125 4.44
0734 1.92
1401 4.59
2010 1.74
08
QUA
0117 5.07
0729 1.29
1357 5.11
2012 1.20
24
SEX
0240 4.37
0849 1.93
1504 4.64
2119 1.64
09
QUI
0234 4.96
0844 1.36
1506 5.11
2129 1.15
25
SÁB
0349 4.45
0953 1.80
1604 4.79
2223 1.43
10
SEX
0351 4.95
0955 1.32
1614 5.17
2242 1.00
26
DOM
0447 4.64
1046 1.59
1659 5.03
2317 1.15
11
SÁB
0501 5.04
1059 1.23
1716 5.28
2344 0.82
27
SEG
0540 4.90
1136 1.32
1747 5.32
12
DOM
0601 5.15
1157 1.10
1810 5.41
28
TER
0008 0.84
0625 5.20
1221 1.03
1834 5.62
13
SEG
0038 0.67
0653 5.26
1247 0.99
1901 5.52
29
QUA
0057 0.55
0706 5.49
1306 0.74
1917 5.88
14
TER
0121 0.56
0736 5.34
1329 0.91
1946 5.60
30
QUI
0142 0.33
0753 5.72
1355 0.52
2002 6.05
15
QUA
0202 0.51
0812 5.38
1408 0.85
2021 5.62
31
SEX
0219 0.22
0832 5.84
1440 0.41
2047 6.09
16
QUI
0244 0.58
0851 5.38
1449 0.88
2059 5.58
Fevereiro
HORA ALT(m) HORA ALT(m)
01
SÁB
0301 0.20
0908 5.87
1516 0.41
2125 6.01
17
SEG
0342 0.90
0951 5.38
1555 0.94
2204 5.30
02
DOM
0340 0.34
0949 5.79
1601 0.50
2206 5.83
18
TER
0406 1.10
1021 5.20
1627 1.14
2244 5.03
03
SEG
0416 0.55
1029 5.63
1646 0.68
2253 5.56
19
QUA
0444 1.38
1102 4.95
1706 1.38
2323 4.72
04
TER
0501 0.82
1114 5.41
1734 0.93
2344 5.22
20
QUI
0519 1.70
1151 4.69
1759 1.65
05
QUA
0551 1.16
1208 5.15
1834 1.20
21
SEX
0017 4.42
0614 2.00
1251 4.49
1904 1.84
06
QUI
0047 4.88
0655 1.48
1319 4.91
1947 1.40
22
SÁB
0134 4.23
0736 2.17
1406 4.46
2027 1.85
07
SEX
0208 4.65
0814 1.68
1444 4.82
2110 1.42
23
DOM
0259 4.28
0902 2.07
1517 4.64
2146 1.62
08
SÁB
0338 4.64
0938 1.66
1602 4.91
2231 1.25
24
SEG
0408 4.55
1012 1.75
1623 4.99
2251 1.24
09
DOM
0455 4.82
1051 1.47
1710 5.12
2336 0.99
25
TER
0508 4.95
1108 1.33
1719 5.41
2347 0.82
10
SEG
0557 5.07
1149 1.23
1804 5.35
26
QUA
0601 5.38
1202 0.88
1810 5.82
11
TER
0023 0.77
0642 5.26
1236 1.03
1853 5.53
27
QUI
0036 0.45
0647 5.76
1253 0.48
1901 6.14
12
QUA
0106 0.62
0717 5.40
1314 0.86
1929 5.63
28
SEX
0116 0.17
0729 6.03
1340 0.21
1946 6.30
13
QUI
0147 0.57
0755 5.49
1355 0.76
2002 5.69
14
SEX
0214 0.58
0821 5.53
1423 0.74
2034 5.68
15
SÁB
0247 0.64
0851 5.54
1457 0.74
2102 5.62
16
DOM
0310 0.74
0917 5.49
1521 0.82
2134 5.49
Março
HORA ALT(m) HORA ALT(m)
01
SÁB
0201 0.02
0806 6.16
1417 0.08
2027 6.29
17
SEG
0244 0.72
0847 5.64
1457 0.66
2104 5.55
02
DOM
0244 0.06
0849 6.15
1501 0.09
2106 6.15
18
TER
0306 0.86
0916 5.51
1523 0.81
2136 5.34
03
SEG
0316 0.24
0925 6.00
1546 0.27
2151 5.88
19
QUA
0338 1.08
0949 5.31
1557 1.01
2208 5.08
04
TER
0359 0.50
1004 5.76
1625 0.56
2232 5.52
20
QUI
0404 1.34
1021 5.06
1631 1.27
2247 4.80
05
QUA
0440 0.88
1051 5.45
1712 0.91
2321 5.12
21
SEX
0444 1.64
1102 4.81
1714 1.53
2334 4.53
06
QUI
0525 1.29
1144 5.09
1810 1.28
22
SÁB
0529 1.93
1201 4.61
1814 1.76
07
SEX
0025 4.73
0629 1.69
1255 4.78
1927 1.57
23
DOM
0044 4.36
0644 2.13
1317 4.55
1940 1.82
08
SÁB
0153 4.50
0757 1.91
1425 4.67
2059 1.59
24
SEG
0212 4.41
0817 2.05
1442 4.74
2104 1.60
09
DOM
0325 4.56
0923 1.83
1553 4.84
2216 1.36
25
TER
0331 4.72
0938 1.69
1553 5.13
2216 1.20
10
SEG
0444 4.85
1038 1.54
1701 5.14
2314 1.06
26
QUA
0436 5.16
1044 1.19
1655 5.57
2314 0.77
11
TER
0540 5.17
1132 1.22
1753 5.43
27
QUI
0531 5.61
1140 0.70
1749 5.97
12
QUA
0002 0.82
0617 5.40
1214 0.95
1834 5.61
28
SEX
0004 0.39
0617 5.97
1227 0.30
1838 6.23
13
QUI
0046 0.69
0657 5.55
1255 0.76
1906 5.72
29
SÁB
0055 0.14
0702 6.21
1312 0.03
1923 6.34
14
SEX
0114 0.62
0723 5.63
1325 0.66
1940 5.75
30
DOM
0140 0.06
0746 6.29
1401 -0.10
2006 6.29
15
SÁB
0149 0.61
0753 5.68
1359 0.59
2006 5.74
31
SEG
0216 0.11
0825 6.24
1447 -0.02
2053 6.10
16
DOM
0212 0.64
0817 5.69
1425 0.61
2036 5.67
Abril
HORA ALT(m) HORA ALT(m)
01
TER
0259 0.29
0904 6.06
1525 0.21
2136 5.79
17
QUI
0308 1.15
0921 5.32
1532 0.99
2147 5.05
02
QUA
0340 0.61
0947 5.78
1608 0.53
2219 5.42
18
SEX
0344 1.37
0959 5.14
1606 1.18
2223 4.86
03
QUI
0419 0.99
1032 5.43
1659 0.93
2312 5.03
19
SÁB
0417 1.58
1038 4.97
1653 1.38
2312 4.71
04
SEX
0508 1.41
1127 5.06
1759 1.33
20
DOM
0508 1.78
1134 4.84
1751 1.56
05
SÁB
0017 4.70
0614 1.79
1242 4.77
1910 1.61
21
SEG
0017 4.63
0619 1.90
1247 4.82
1906 1.60
06
DOM
0142 4.56
0740 1.96
1408 4.70
2038 1.63
22
TER
0140 4.73
0746 1.80
1408 4.99
2027 1.42
07
SEG
0304 4.68
0902 1.83
1531 4.89
2151 1.41
23
QUA
0257 5.02
0902 1.45
1521 5.31
2142 1.09
08
TER
0414 4.98
1010 1.51
1636 5.20
2247 1.14
24
QUI
0402 5.39
1010 1.01
1627 5.66
2242 0.75
09
QUA
0506 5.30
1102 1.17
1725 5.48
2329 0.92
25
SEX
0459 5.74
1106 0.59
1723 5.94
2336 0.48
10
QUI
0549 5.53
1147 0.90
1804 5.66
26
SÁB
0549 6.00
1202 0.25
1814 6.10
11
SEX
0006 0.76
0621 5.66
1221 0.71
1842 5.72
27
DOM
0023 0.32
0636 6.15
1255 0.05
1902 6.14
12
SÁB
0044 0.70
0655 5.73
1259 0.59
1910 5.73
28
SEG
0108 0.26
0719 6.19
1344 -0.02
1953 6.06
13
DOM
0112 0.67
0721 5.74
1331 0.56
1942 5.68
29
TER
0157 0.31
0804 6.14
1425 0.05
2040 5.89
14
SEG
0147 0.71
0753 5.72
1401 0.56
2010 5.59
30
QUA
0242 0.48
0851 5.98
1510 0.23
2125 5.64
15
TER
0212 0.81
0819 5.64
1431 0.66
2044 5.44
16
QUA
0246 0.96
0853 5.50
1501 0.80
2112 5.25
DG6-62 Original
48
TERMINAL DA PONTA DA MADEIRA (ESTADO DO MARANHÃO) - 2025
Latitude 02° 33'.9 S Longitude 44° 22'.7 W Fuso UTC -03.0 horas
CV 115 Componentes Nível Médio 3.23 m Carta 413
Maio
HORA ALT(m) HORA ALT(m)
01
QUI
0321 0.75
0936 5.73
1559 0.54
2214 5.35
17
SÁB
0327 1.34
0944 5.25
1555 1.07
2212 4.99
02
SEX
0406 1.07
1025 5.43
1649 0.91
2308 5.06
18
DOM
0406 1.44
1025 5.18
1638 1.18
2301 4.96
03
SÁB
0501 1.42
1121 5.12
1744 1.28
19
SEG
0501 1.52
1117 5.13
1734 1.27
04
DOM
0008 4.84
0601 1.71
1229 4.88
1849 1.53
20
TER
0001 4.96
0604 1.55
1223 5.12
1842 1.30
05
SEG
0117 4.75
0710 1.84
1346 4.81
2001 1.60
21
QUA
0110 5.06
0716 1.44
1340 5.20
1955 1.22
06
TER
0229 4.85
0825 1.75
1457 4.94
2104 1.47
22
QUI
0221 5.25
0829 1.21
1453 5.38
2102 1.04
07
QUA
0331 5.07
0931 1.49
1559 5.17
2201 1.25
23
SEX
0327 5.48
0940 0.91
1559 5.57
2206 0.84
08
QUI
0423 5.33
1021 1.19
1649 5.40
2247 1.05
24
SÁB
0427 5.69
1042 0.63
1659 5.71
2302 0.70
09
SEX
0506 5.53
1106 0.92
1732 5.54
2327 0.91
25
DOM
0521 5.83
1140 0.41
1757 5.78
2359 0.61
10
SÁB
0547 5.65
1151 0.74
1808 5.59
26
SEG
0612 5.91
1234 0.27
1849 5.78
11
DOM
0004 0.83
0619 5.68
1227 0.65
1846 5.56
27
TER
0051 0.59
0701 5.95
1321 0.20
1940 5.74
12
SEG
0044 0.83
0655 5.67
1302 0.61
1917 5.49
28
QUA
0138 0.62
0751 5.93
1410 0.21
2029 5.66
13
TER
0114 0.88
0727 5.62
1340 0.65
1955 5.40
29
QUI
0221 0.70
0840 5.85
1501 0.32
2117 5.54
14
QUA
0153 0.96
0801 5.54
1410 0.72
2025 5.29
30
SEX
0308 0.83
0927 5.70
1549 0.55
2206 5.39
15
QUI
0221 1.09
0834 5.44
1447 0.83
2101 5.17
31
SÁB
0359 1.05
1016 5.49
1632 0.85
2257 5.20
16
SEX
0255 1.21
0906 5.34
1516 0.95
2136 5.06
Junho
HORA ALT(m) HORA ALT(m)
01
DOM
0446 1.30
1106 5.25
1717 1.16
2349 5.04
17
TER
0451 1.18
1102 5.40
1714 1.00
2340 5.26
02
SEG
0536 1.52
1202 5.04
1810 1.41
18
QUA
0547 1.19
1201 5.34
1812 1.08
03
TER
0044 4.94
0634 1.65
1302 4.91
1908 1.54
19
QUI
0040 5.27
0651 1.16
1308 5.28
1917 1.13
04
QUA
0142 4.96
0736 1.64
1406 4.91
2010 1.53
20
SEX
0147 5.32
0759 1.09
1421 5.27
2027 1.13
05
QUI
0240 5.07
0840 1.49
1510 5.01
2108 1.40
21
SÁB
0255 5.39
0906 0.97
1532 5.30
2136 1.09
06
SEX
0334 5.23
0938 1.28
1606 5.15
2201 1.25
22
DOM
0359 5.47
1014 0.82
1642 5.35
2240 1.03
07
SÁB
0423 5.37
1027 1.07
1657 5.26
2249 1.13
23
SEG
0459 5.55
1117 0.68
1744 5.41
2338 0.98
08
DOM
0508 5.45
1114 0.91
1742 5.30
2331 1.08
24
TER
0557 5.62
1216 0.54
1840 5.46
09
SEG
0551 5.48
1159 0.81
1819 5.29
25
QUA
0032 0.92
0653 5.69
1310 0.42
1932 5.51
10
TER
0010 1.06
0629 5.48
1240 0.77
1859 5.28
26
QUI
0121 0.86
0744 5.75
1402 0.36
2017 5.54
11
QUA
0053 1.07
0704 5.49
1317 0.74
1938 5.26
27
SEX
0208 0.82
0831 5.77
1451 0.41
2104 5.54
12
QUI
0129 1.09
0744 5.49
1357 0.74
2012 5.25
28
SÁB
0259 0.85
0914 5.72
1527 0.57
2149 5.47
13
SEX
0204 1.11
0817 5.49
1434 0.77
2051 5.25
29
DOM
0342 0.97
0959 5.58
1606 0.78
2229 5.35
14
SÁB
0246 1.13
0859 5.48
1506 0.81
2127 5.24
30
SEG
0419 1.12
1042 5.38
1647 1.04
2310 5.21
15
DOM
0319 1.16
0936 5.46
1547 0.86
2204 5.24
16
SEG
0402 1.17
1016 5.44
1627 0.92
2249 5.25
Julho
HORA ALT(m) HORA ALT(m)
01
TER
0502 1.28
1123 5.17
1725 1.28
2355 5.09
17
QUI
0523 0.96
1136 5.40
1746 1.02
02
QUA
0549 1.43
1210 4.97
1812 1.48
18
SEX
0006 5.35
0621 1.06
1238 5.19
1846 1.22
03
QUI
0047 5.01
0642 1.52
1308 4.83
1910 1.60
19
SÁB
0112 5.23
0729 1.15
1353 5.02
1957 1.37
04
SEX
0144 4.98
0744 1.53
1414 4.78
2014 1.62
20
DOM
0225 5.17
0846 1.17
1512 4.97
2108 1.42
05
SÁB
0244 5.01
0847 1.45
1517 4.81
2114 1.57
21
SEG
0338 5.20
1001 1.08
1629 5.03
2219 1.36
06
DOM
0340 5.07
0947 1.33
1617 4.87
2208 1.48
22
TER
0449 5.30
1108 0.91
1738 5.18
2325 1.24
07
SEG
0432 5.14
1042 1.19
1710 4.95
2301 1.41
23
QUA
0551 5.45
1208 0.71
1834 5.34
08
TER
0517 5.21
1131 1.06
1757 5.04
2347 1.32
24
QUI
0021 1.09
0646 5.60
1302 0.54
1919 5.48
09
QUA
0602 5.32
1216 0.92
1838 5.14
25
SEX
0112 0.93
0732 5.72
1351 0.46
2002 5.57
10
QUI
0029 1.22
0644 5.44
1301 0.77
1916 5.27
26
SÁB
0201 0.82
0812 5.78
1427 0.49
2044 5.60
11
SEX
0108 1.08
0723 5.58
1342 0.66
1957 5.41
27
DOM
0240 0.80
0855 5.76
1502 0.57
2116 5.57
12
SÁB
0153 0.96
0804 5.70
1417 0.58
2036 5.51
28
SEG
0312 0.84
0929 5.65
1538 0.75
2153 5.50
13
DOM
0232 0.88
0846 5.76
1457 0.55
2112 5.56
29
TER
0351 0.94
1002 5.49
1606 0.94
2225 5.37
14
SEG
0308 0.83
0923 5.76
1534 0.61
2151 5.57
30
QUA
0423 1.09
1040 5.27
1642 1.18
2302 5.21
15
TER
0353 0.82
1002 5.70
1608 0.69
2229 5.53
31
QUI
0502 1.25
1119 5.03
1717 1.42
2347 5.03
16
QUA
0438 0.87
1047 5.58
1655 0.83
2312 5.46
Agosto
HORA ALT(m) HORA ALT(m)
01
SEX
0549 1.43
1208 4.78
1810 1.68
17
DOM
0044 5.07
0706 1.34
1332 4.75
1932 1.68
02
SÁB
0042 4.86
0647 1.60
1314 4.56
1916 1.88
18
SEG
0202 4.94
0831 1.43
1502 4.72
2059 1.72
03
DOM
0147 4.75
0755 1.69
1427 4.47
2029 1.95
19
TER
0327 5.00
0957 1.28
1623 4.91
2214 1.56
04
SEG
0253 4.74
0904 1.65
1538 4.52
2134 1.88
20
QUA
0444 5.21
1104 1.01
1729 5.18
2319 1.31
05
TER
0353 4.83
1008 1.49
1638 4.68
2229 1.72
21
QUI
0546 5.46
1202 0.75
1819 5.43
06
QUA
0446 5.02
1102 1.26
1727 4.90
2317 1.49
22
SEX
0012 1.05
0634 5.67
1251 0.58
1902 5.60
07
QUI
0532 5.26
1153 0.99
1810 5.18
23
SÁB
0101 0.85
0712 5.79
1325 0.52
1940 5.67
08
SEX
0004 1.21
0616 5.55
1238 0.72
1853 5.46
24
DOM
0140 0.75
0753 5.84
1402 0.52
2010 5.71
09
SÁB
0051 0.92
0701 5.82
1316 0.49
1932 5.70
25
SEG
0210 0.70
0823 5.80
1432 0.61
2044 5.69
10
DOM
0134 0.68
0746 6.00
1359 0.33
2010 5.87
26
TER
0247 0.72
0857 5.71
1501 0.72
2110 5.63
11
SEG
0212 0.52
0825 6.07
1440 0.31
2051 5.92
27
QUA
0312 0.80
0925 5.55
1527 0.90
2142 5.50
12
TER
0257 0.46
0904 6.02
1512 0.39
2127 5.86
28
QUI
0347 0.93
0959 5.33
1559 1.11
2214 5.32
13
QUA
0338 0.53
0946 5.86
1553 0.56
2204 5.73
29
SEX
0417 1.13
1034 5.05
1631 1.40
2255 5.07
14
QUI
0416 0.67
1025 5.61
1632 0.82
2247 5.54
30
SÁB
0501 1.38
1117 4.74
1712 1.73
2344 4.80
15
SEX
0502 0.87
1112 5.31
1716 1.11
2338 5.30
31
DOM
0551 1.67
1214 4.44
1808 2.06
16
SÁB
0559 1.12
1212 4.99
1816 1.44
DG6-62 Original
49
TERMINAL DA PONTA DA MADEIRA (ESTADO DO MARANHÃO) - 2025
Latitude 02° 33'.9 S Longitude 44° 22'.7 W Fuso UTC -03.0 horas
CV 115 Componentes Nível Médio 3.23 m Carta 413
Setembro
HORA ALT(m) HORA ALT(m)
01
SEG
0046 4.59
0657 1.87
1332 4.28
1929 2.24
17
QUA
0317 4.95
0947 1.36
1612 4.97
2206 1.58
02
TER
0159 4.54
0816 1.89
1453 4.34
2051 2.16
18
QUI
0432 5.25
1053 1.04
1712 5.31
2306 1.23
03
QUA
0306 4.68
0931 1.69
1559 4.59
2157 1.88
19
SEX
0527 5.56
1142 0.78
1759 5.58
2357 0.94
04
QUI
0408 4.98
1032 1.36
1653 4.95
2251 1.50
20
SÁB
0610 5.77
1219 0.62
1836 5.72
05
SEX
0501 5.36
1121 0.98
1740 5.35
2340 1.08
21
DOM
0036 0.75
0651 5.86
1259 0.55
1906 5.80
06
SÁB
0551 5.74
1206 0.61
1821 5.72
22
SEG
0108 0.63
0721 5.86
1329 0.57
1938 5.80
07
DOM
0025 0.69
0636 6.05
1253 0.32
1902 6.01
23
TER
0146 0.60
0755 5.81
1401 0.62
2004 5.78
08
SEG
0108 0.38
0717 6.23
1336 0.18
1946 6.16
24
QUA
0212 0.62
0821 5.69
1425 0.74
2034 5.70
09
TER
0155 0.20
0801 6.26
1410 0.17
2021 6.16
25
QUI
0246 0.71
0853 5.53
1457 0.90
2102 5.56
10
QUA
0238 0.21
0844 6.13
1455 0.30
2101 6.05
26
SEX
0310 0.87
0921 5.30
1521 1.13
2136 5.34
11
QUI
0316 0.34
0923 5.87
1531 0.57
2142 5.83
27
SÁB
0346 1.08
0959 5.04
1555 1.41
2210 5.09
12
SEX
0401 0.57
1006 5.54
1608 0.89
2221 5.54
28
DOM
0417 1.35
1036 4.74
1629 1.74
2257 4.83
13
SÁB
0449 0.89
1057 5.17
1659 1.27
2314 5.22
29
SEG
0502 1.63
1125 4.47
1716 2.04
2353 4.61
14
DOM
0544 1.24
1201 4.80
1759 1.66
30
TER
0602 1.86
1236 4.31
1829 2.25
15
SEG
0025 4.92
0657 1.52
1325 4.59
1919 1.91
16
TER
0155 4.81
0823 1.58
1457 4.67
2053 1.86
Outubro
HORA ALT(m) HORA ALT(m)
01
QUA
0104 4.56
0721 1.92
1401 4.39
1959 2.17
17
SEX
0408 5.27
1021 1.12
1644 5.38
2242 1.18
02
QUI
0221 4.72
0846 1.72
1512 4.69
2114 1.83
18
SÁB
0502 5.55
1106 0.86
1725 5.62
2325 0.89
03
SEX
0329 5.07
0953 1.34
1612 5.11
2216 1.37
19
DOM
0546 5.73
1149 0.71
1802 5.77
04
SÁB
0427 5.49
1049 0.91
1702 5.54
2306 0.89
20
SEG
0004 0.68
0619 5.80
1221 0.64
1836 5.82
05
DOM
0519 5.87
1138 0.55
1749 5.91
2359 0.47
21
TER
0044 0.58
0655 5.79
1257 0.62
1904 5.82
06
SEG
0606 6.14
1219 0.29
1832 6.15
22
QUA
0112 0.55
0723 5.70
1327 0.69
1934 5.76
07
TER
0047 0.19
0655 6.27
1304 0.16
1914 6.26
23
QUI
0149 0.59
0755 5.58
1359 0.80
2002 5.67
08
QUA
0132 0.07
0740 6.22
1351 0.19
1957 6.24
24
SEX
0216 0.70
0825 5.41
1425 0.98
2036 5.51
09
QUI
0212 0.09
0823 6.05
1431 0.37
2038 6.08
25
SÁB
0249 0.87
0859 5.21
1457 1.19
2106 5.32
10
SEX
0301 0.24
0906 5.77
1508 0.63
2119 5.83
26
DOM
0316 1.07
0931 4.99
1523 1.43
2144 5.12
11
SÁB
0347 0.54
0955 5.43
1557 0.98
2206 5.51
27
SEG
0353 1.27
1006 4.79
1601 1.65
2221 4.94
12
DOM
0436 0.91
1049 5.06
1647 1.39
2304 5.17
28
TER
0431 1.48
1055 4.62
1649 1.86
2312 4.80
13
SEG
0532 1.29
1157 4.76
1751 1.75
29
QUA
0525 1.66
1155 4.53
1753 2.00
14
TER
0017 4.89
0647 1.56
1316 4.63
1908 1.93
30
QUI
0021 4.76
0636 1.72
1312 4.61
1912 1.93
15
QUA
0144 4.81
0808 1.59
1440 4.75
2034 1.84
31
SEX
0140 4.88
0757 1.58
1427 4.87
2031 1.63
16
QUI
0302 4.97
0923 1.40
1549 5.05
2147 1.53
Novembro
HORA ALT(m) HORA ALT(m)
01
SÁB
0251 5.17
0908 1.27
1531 5.24
2138 1.20
17
SEG
0510 5.50
1108 0.89
1725 5.64
2332 0.75
02
DOM
0355 5.51
1008 0.91
1625 5.61
2238 0.77
18
TER
0553 5.57
1149 0.79
1802 5.70
03
SEG
0451 5.80
1102 0.61
1716 5.89
2331 0.43
19
QUA
0010 0.63
0627 5.55
1223 0.78
1836 5.69
04
TER
0544 5.98
1153 0.41
1802 6.08
20
QUI
0049 0.61
0701 5.49
1301 0.82
1908 5.63
05
QUA
0019 0.20
0634 6.04
1242 0.34
1849 6.15
21
SEX
0123 0.65
0734 5.38
1334 0.93
1942 5.55
06
QUI
0108 0.09
0719 5.98
1325 0.37
1934 6.11
22
SÁB
0159 0.73
0806 5.26
1404 1.06
2014 5.45
07
SEX
0201 0.10
0806 5.84
1408 0.49
2019 5.99
23
DOM
0229 0.86
0842 5.14
1438 1.21
2049 5.33
08
SÁB
0249 0.25
0859 5.63
1459 0.70
2108 5.79
24
SEG
0301 0.99
0914 5.02
1506 1.34
2123 5.23
09
DOM
0336 0.51
0949 5.37
1547 1.01
2201 5.52
25
TER
0334 1.12
0951 4.93
1546 1.45
2202 5.15
10
SEG
0423 0.84
1046 5.10
1638 1.34
2259 5.22
26
QUA
0410 1.22
1031 4.88
1629 1.55
2249 5.09
11
TER
0517 1.18
1146 4.88
1738 1.63
27
QUI
0501 1.32
1123 4.85
1725 1.60
2347 5.05
12
QUA
0002 4.98
0621 1.46
1255 4.77
1849 1.79
28
SEX
0601 1.39
1227 4.89
1836 1.56
13
QUI
0114 4.86
0736 1.57
1402 4.83
2001 1.75
29
SÁB
0057 5.06
0708 1.37
1340 5.03
1949 1.38
14
SEX
0229 4.92
0844 1.49
1506 5.03
2106 1.52
30
DOM
0208 5.17
0823 1.23
1449 5.25
2101 1.11
15
SÁB
0334 5.12
0942 1.29
1602 5.28
2202 1.22
16
DOM
0427 5.34
1027 1.07
1647 5.50
2251 0.95
Dezembro
HORA ALT(m) HORA ALT(m)
01
SEG
0317 5.34
0931 1.03
1549 5.48
2204 0.81
17
QUA
0523 5.19
1114 1.08
1734 5.42
2346 0.84
02
TER
0423 5.50
1031 0.83
1647 5.68
2304 0.55
18
QUI
0602 5.22
1159 1.03
1810 5.44
03
QUA
0521 5.62
1125 0.70
1740 5.81
19
SEX
0025 0.78
0644 5.21
1238 1.03
1849 5.46
04
QUI
0001 0.36
0616 5.67
1216 0.63
1831 5.88
20
SÁB
0104 0.75
0716 5.21
1312 1.03
1921 5.47
05
SEX
0057 0.25
0708 5.67
1306 0.60
1919 5.90
21
DOM
0144 0.75
0753 5.22
1351 1.05
2001 5.49
06
SÁB
0151 0.22
0801 5.63
1359 0.63
2008 5.87
22
SEG
0214 0.77
0827 5.22
1423 1.08
2036 5.48
07
DOM
0240 0.28
0851 5.55
1449 0.74
2101 5.77
23
TER
0251 0.80
0901 5.22
1459 1.10
2108 5.47
08
SEG
0323 0.44
0942 5.42
1536 0.92
2153 5.60
24
QUA
0321 0.85
0936 5.21
1534 1.13
2147 5.44
09
TER
0408 0.69
1029 5.25
1621 1.15
2244 5.36
25
QUI
0357 0.90
1012 5.20
1614 1.15
2227 5.38
10
QUA
0459 1.00
1117 5.07
1712 1.38
2334 5.11
26
SEX
0438 0.98
1057 5.18
1702 1.19
2316 5.29
11
QUI
0549 1.31
1212 4.92
1808 1.57
27
SÁB
0527 1.10
1149 5.13
1802 1.22
12
SEX
0032 4.91
0644 1.52
1310 4.86
1908 1.64
28
DOM
0016 5.17
0627 1.22
1255 5.10
1908 1.22
13
SÁB
0136 4.81
0747 1.59
1410 4.92
2014 1.57
29
SEG
0127 5.07
0740 1.28
1404 5.13
2023 1.16
14
DOM
0244 4.85
0849 1.51
1510 5.06
2114 1.37
30
TER
0246 5.04
0855 1.25
1516 5.23
2140 1.01
15
SEG
0344 4.97
0944 1.35
1602 5.22
2210 1.15
31
QUA
0359 5.11
1002 1.15
1621 5.36
2249 0.81
16
TER
0436 5.10
1031 1.19
1651 5.35
2301 0.96
DG6-62 Original
