53
PORTO DE LUÍS CORREIA (ESTADO DO PIAUÍ) - 2025
Latitude 02° 51'.2 S Longitude 41° 38'.6 W Fuso UTC -03.0 horas
INPH 61 Componentes Nível Médio 1.72 m Carta 515
Janeiro
HORA ALT(m) HORA ALT(m)
01
QUA
0553 2.79
1151 0.55
1801 3.15
17
SEX
0108 0.32
0712 2.81
1314 0.60
1925 2.94
02
QUI
0025 0.27
0634 2.84
1234 0.55
1844 3.15
18
SÁB
0147 0.47
0751 2.71
1353 0.70
2002 2.77
03
SEX
0106 0.29
0719 2.85
1321 0.57
1931 3.08
19
DOM
0221 0.65
0827 2.59
1429 0.82
2044 2.58
04
SÁB
0151 0.37
0806 2.82
1410 0.62
2021 2.97
20
SEG
0259 0.81
0906 2.47
1508 0.94
2129 2.39
05
DOM
0240 0.48
0859 2.77
1504 0.69
2117 2.82
21
TER
0338 0.97
0953 2.37
1557 1.05
2225 2.23
06
SEG
0332 0.62
0957 2.70
1602 0.77
2221 2.66
22
QUA
0427 1.10
1051 2.29
1659 1.13
2331 2.12
07
TER
0431 0.76
1101 2.65
1710 0.82
2331 2.55
23
QUI
0531 1.18
1201 2.28
1827 1.12
08
QUA
0540 0.85
1208 2.64
1831 0.79
24
SEX
0046 2.09
0647 1.17
1308 2.35
1949 0.99
09
QUI
0044 2.49
0649 0.86
1316 2.70
1946 0.66
25
SÁB
0159 2.16
0755 1.08
1406 2.49
2046 0.80
10
SEX
0151 2.52
0757 0.81
1414 2.80
2046 0.49
26
DOM
0255 2.30
0849 0.94
1457 2.67
2129 0.61
11
SÁB
0253 2.60
0855 0.71
1508 2.93
2138 0.34
27
SEG
0340 2.47
0934 0.77
1542 2.87
2208 0.42
12
DOM
0346 2.71
0946 0.60
1601 3.05
2223 0.22
28
TER
0417 2.66
1014 0.59
1621 3.07
2249 0.25
13
SEG
0432 2.81
1032 0.51
1647 3.14
2306 0.15
29
QUA
0455 2.85
1057 0.42
1702 3.24
2329 0.12
14
TER
0514 2.88
1114 0.47
1729 3.18
2353 0.14
30
QUI
0534 3.01
1140 0.29
1746 3.34
15
QUA
0557 2.90
1157 0.46
1808 3.16
31
SEX
0008 0.05
0612 3.11
1221 0.22
1827 3.35
16
QUI
0032 0.21
0636 2.88
1236 0.51
1847 3.08
Fevereiro
HORA ALT(m) HORA ALT(m)
01
SÁB
0047 0.06
0655 3.13
1304 0.21
1910 3.27
17
SEG
0138 0.54
0736 2.73
1347 0.61
1951 2.63
02
DOM
0129 0.15
0738 3.08
1351 0.28
1959 3.09
18
TER
0206 0.69
0808 2.59
1421 0.74
2029 2.42
03
SEG
0212 0.31
0825 2.95
1440 0.42
2051 2.84
19
QUA
0242 0.87
0847 2.45
1502 0.89
2119 2.21
04
TER
0259 0.53
0917 2.77
1534 0.60
2153 2.59
20
QUI
0317 1.05
0938 2.30
1555 1.04
2229 2.05
05
QUA
0353 0.76
1021 2.60
1642 0.77
2304 2.38
21
SEX
0414 1.21
1051 2.21
1717 1.14
2355 1.98
06
QUI
0501 0.96
1144 2.50
1806 0.85
22
SÁB
0547 1.29
1219 2.24
1912 1.07
07
SEX
0025 2.29
0625 1.04
1301 2.52
1936 0.77
23
DOM
0119 2.06
0721 1.20
1331 2.40
2017 0.86
08
SÁB
0146 2.32
0749 0.98
1406 2.64
2042 0.60
24
SEG
0225 2.25
0823 0.99
1427 2.63
2104 0.61
09
DOM
0249 2.46
0853 0.82
1504 2.80
2131 0.42
25
TER
0310 2.50
0910 0.74
1514 2.90
2146 0.37
10
SEG
0340 2.63
0942 0.66
1555 2.96
2212 0.28
26
QUA
0349 2.77
0955 0.47
1559 3.15
2223 0.16
11
TER
0419 2.79
1023 0.51
1636 3.09
2255 0.19
27
QUI
0427 3.03
1038 0.22
1640 3.36
2302 -0.01
12
QUA
0459 2.91
1102 0.40
1712 3.16
2331 0.16
28
SEX
0504 3.23
1117 0.03
1721 3.47
2344 -0.09
13
QUI
0532 2.97
1138 0.35
1747 3.16
14
SEX
0004 0.19
0604 2.98
1210 0.36
1817 3.10
15
SÁB
0038 0.27
0634 2.93
1246 0.41
1849 2.98
16
DOM
0106 0.39
0704 2.85
1314 0.49
1919 2.82
Março
HORA ALT(m) HORA ALT(m)
01
SÁB
0546 3.34
1201 -0.08
1802 3.47
17
SEG
0031 0.38
0625 2.94
1244 0.36
1844 2.81
02
DOM
0021 -0.07
0625 3.34
1246 -0.07
1847 3.33
18
TER
0059 0.50
0657 2.83
1312 0.47
1914 2.63
03
SEG
0102 0.05
0708 3.24
1329 0.05
1934 3.09
19
QUA
0127 0.65
0727 2.68
1347 0.62
1951 2.43
04
TER
0146 0.26
0755 3.04
1416 0.26
2027 2.79
20
QUI
0159 0.83
0804 2.52
1423 0.79
2040 2.22
05
QUA
0227 0.53
0846 2.80
1508 0.52
2129 2.49
21
SEX
0236 1.02
0855 2.36
1514 0.97
2151 2.06
06
QUI
0317 0.82
0949 2.56
1616 0.76
2246 2.27
22
SÁB
0325 1.21
1006 2.25
1631 1.10
2314 2.01
07
SEX
0431 1.07
1121 2.41
1751 0.90
23
DOM
0459 1.31
1136 2.26
1827 1.07
08
SÁB
0012 2.19
0616 1.15
1249 2.43
1931 0.82
24
SEG
0036 2.11
0647 1.22
1253 2.42
1944 0.86
09
DOM
0134 2.27
0746 1.04
1359 2.56
2031 0.65
25
TER
0142 2.33
0753 0.97
1353 2.66
2031 0.61
10
SEG
0234 2.44
0846 0.85
1455 2.74
2114 0.48
26
QUA
0232 2.61
0846 0.67
1444 2.94
2112 0.35
11
TER
0319 2.64
0929 0.66
1540 2.90
2155 0.35
27
QUI
0314 2.91
0929 0.35
1531 3.20
2155 0.13
12
QUA
0359 2.81
1004 0.48
1616 3.03
2229 0.27
28
SEX
0357 3.17
1012 0.07
1614 3.38
2234 -0.03
13
QUI
0431 2.93
1042 0.36
1649 3.09
2301 0.23
29
SÁB
0436 3.37
1057 -0.14
1659 3.47
2316 -0.09
14
SEX
0501 3.01
1112 0.29
1717 3.10
2332 0.24
30
DOM
0517 3.46
1142 -0.23
1744 3.43
2357 -0.05
15
SÁB
0529 3.03
1144 0.27
1747 3.05
31
SEG
0601 3.43
1225 -0.19
1827 3.26
16
DOM
0002 0.29
0557 3.01
1212 0.29
1814 2.95
Abril
HORA ALT(m) HORA ALT(m)
01
TER
0038 0.10
0644 3.28
1308 -0.03
1914 3.01
17
QUI
0059 0.70
0702 2.72
1323 0.58
1934 2.41
02
QUA
0119 0.33
0731 3.06
1359 0.21
2008 2.71
18
SEX
0132 0.87
0746 2.58
1404 0.74
2025 2.25
03
QUI
0204 0.61
0825 2.80
1453 0.50
2114 2.44
19
SÁB
0212 1.04
0838 2.45
1457 0.90
2134 2.15
04
SEX
0259 0.90
0934 2.55
1602 0.76
2234 2.26
20
DOM
0308 1.19
0947 2.37
1608 1.01
2251 2.16
05
SÁB
0419 1.12
1102 2.42
1736 0.89
2357 2.23
21
SEG
0436 1.25
1102 2.39
1742 0.99
2359 2.28
06
DOM
0602 1.16
1227 2.43
1908 0.84
22
TER
0606 1.14
1214 2.52
1857 0.83
07
SEG
0106 2.33
0727 1.04
1338 2.55
2004 0.71
23
QUA
0101 2.48
0716 0.90
1317 2.72
1953 0.61
08
TER
0204 2.49
0821 0.86
1431 2.69
2051 0.58
24
QUI
0153 2.74
0812 0.60
1412 2.95
2038 0.39
09
QUA
0251 2.65
0904 0.67
1512 2.82
2123 0.48
25
SEX
0242 3.00
0902 0.29
1502 3.15
2121 0.20
10
QUI
0325 2.80
0944 0.52
1549 2.91
2157 0.41
26
SÁB
0325 3.22
0951 0.03
1551 3.28
2204 0.08
11
SEX
0359 2.92
1012 0.39
1617 2.95
2227 0.37
27
DOM
0408 3.38
1036 -0.15
1638 3.32
2249 0.05
12
SÁB
0427 2.99
1046 0.31
1649 2.96
2259 0.35
28
SEG
0455 3.43
1121 -0.21
1723 3.26
2334 0.11
13
DOM
0457 3.02
1114 0.27
1716 2.93
2327 0.38
29
TER
0540 3.38
1206 -0.16
1810 3.12
14
SEG
0523 3.01
1147 0.28
1747 2.85
2359 0.45
30
QUA
0017 0.25
0625 3.25
1255 -0.00
1902 2.90
15
TER
0557 2.95
1216 0.34
1817 2.73
16
QUA
0027 0.56
0627 2.85
1249 0.44
1853 2.58
DG6-62 Original
54
PORTO DE LUÍS CORREIA (ESTADO DO PIAUÍ) - 2025
Latitude 02° 51'.2 S Longitude 41° 38'.6 W Fuso UTC -03.0 horas
INPH 61 Componentes Nível Médio 1.72 m Carta 515
Maio
HORA ALT(m) HORA ALT(m)
01
QUI
0102 0.46
0717 3.05
1346 0.24
1959 2.67
17
SÁB
0121 0.90
0738 2.69
1357 0.70
2021 2.39
02
SEX
0155 0.69
0816 2.82
1444 0.50
2104 2.48
18
DOM
0208 1.01
0829 2.60
1447 0.81
2121 2.36
03
SÁB
0253 0.92
0923 2.63
1551 0.73
2216 2.37
19
SEG
0306 1.09
0929 2.55
1551 0.88
2223 2.39
04
DOM
0408 1.08
1042 2.50
1710 0.86
2327 2.35
20
TER
0416 1.10
1036 2.55
1702 0.88
2323 2.49
05
SEG
0534 1.12
1159 2.48
1829 0.87
21
QUA
0531 1.00
1144 2.62
1810 0.80
06
TER
0031 2.41
0653 1.04
1302 2.53
1927 0.82
22
QUI
0019 2.64
0642 0.82
1247 2.73
1910 0.66
07
QUA
0125 2.51
0749 0.90
1357 2.60
2010 0.74
23
SEX
0116 2.81
0744 0.59
1346 2.87
2004 0.51
08
QUI
0210 2.63
0834 0.76
1440 2.67
2047 0.67
24
SÁB
0210 2.99
0840 0.34
1440 2.99
2055 0.39
09
SEX
0249 2.74
0908 0.62
1514 2.73
2119 0.60
25
DOM
0301 3.15
0931 0.12
1531 3.07
2142 0.31
10
SÁB
0321 2.84
0946 0.50
1549 2.77
2153 0.55
26
SEG
0349 3.27
1019 -0.02
1621 3.10
2229 0.28
11
DOM
0355 2.91
1017 0.41
1619 2.78
2223 0.53
27
TER
0438 3.32
1106 -0.08
1710 3.07
2316 0.32
12
SEG
0427 2.95
1053 0.35
1653 2.77
2259 0.54
28
QUA
0525 3.29
1157 -0.04
1801 2.99
13
TER
0501 2.96
1125 0.35
1727 2.73
2331 0.59
29
QUI
0006 0.41
0616 3.21
1246 0.09
1853 2.87
14
QUA
0536 2.92
1159 0.39
1804 2.65
30
SEX
0057 0.55
0710 3.07
1338 0.27
1949 2.73
15
QUI
0006 0.67
0612 2.86
1234 0.47
1844 2.56
31
SÁB
0149 0.70
0806 2.91
1431 0.49
2049 2.61
16
SEX
0044 0.78
0653 2.78
1312 0.58
1927 2.46
Junho
HORA ALT(m) HORA ALT(m)
01
DOM
0244 0.86
0904 2.74
1527 0.69
2149 2.53
17
TER
0257 0.89
0908 2.75
1529 0.74
2153 2.64
02
SEG
0344 0.99
1008 2.60
1627 0.84
2247 2.48
18
QUA
0355 0.90
1008 2.69
1627 0.79
2249 2.67
03
TER
0447 1.06
1114 2.51
1731 0.94
2342 2.47
19
QUI
0459 0.87
1114 2.65
1729 0.82
2347 2.72
04
QUA
0555 1.07
1216 2.47
1829 0.97
20
SEX
0608 0.79
1219 2.66
1834 0.79
05
QUI
0032 2.50
0659 1.00
1310 2.47
1919 0.95
21
SÁB
0047 2.79
0717 0.65
1323 2.70
1936 0.73
06
SEX
0121 2.55
0753 0.90
1359 2.49
2002 0.89
22
DOM
0147 2.89
0821 0.47
1423 2.77
2032 0.64
07
SÁB
0206 2.63
0838 0.78
1442 2.53
2044 0.83
23
SEG
0246 3.01
0917 0.29
1517 2.85
2125 0.56
08
DOM
0249 2.72
0916 0.65
1521 2.57
2119 0.76
24
TER
0338 3.12
1008 0.15
1612 2.92
2217 0.51
09
SEG
0327 2.80
0957 0.54
1559 2.61
2159 0.72
25
QUA
0429 3.20
1059 0.07
1702 2.96
2308 0.48
10
TER
0406 2.86
1034 0.47
1638 2.64
2236 0.70
26
QUI
0517 3.24
1147 0.07
1753 2.97
2359 0.49
11
QUA
0444 2.91
1108 0.43
1716 2.66
2314 0.71
27
SEX
0608 3.22
1234 0.15
1842 2.94
12
QUI
0521 2.93
1147 0.43
1755 2.66
2355 0.74
28
SÁB
0047 0.55
0657 3.14
1319 0.29
1929 2.86
13
SEX
0602 2.94
1223 0.46
1836 2.65
29
DOM
0134 0.64
0746 3.01
1406 0.47
2016 2.77
14
SÁB
0036 0.78
0644 2.92
1304 0.52
1919 2.64
30
SEG
0217 0.75
0834 2.84
1455 0.66
2104 2.66
15
DOM
0117 0.82
0727 2.88
1347 0.59
2006 2.63
16
SEG
0204 0.86
0816 2.82
1434 0.66
2059 2.62
Julho
HORA ALT(m) HORA ALT(m)
01
TER
0302 0.87
0923 2.67
1540 0.85
2153 2.57
17
QUI
0327 0.72
0942 2.74
1553 0.78
2214 2.75
02
QUA
0353 0.99
1016 2.50
1625 1.00
2242 2.50
18
SEX
0429 0.80
1047 2.59
1653 0.91
2316 2.70
03
QUI
0446 1.08
1116 2.37
1717 1.10
2332 2.46
19
SÁB
0544 0.83
1201 2.51
1802 0.98
04
SEX
0551 1.10
1217 2.31
1816 1.14
20
DOM
0025 2.70
0702 0.77
1310 2.52
1917 0.96
05
SÁB
0025 2.46
0702 1.06
1316 2.30
1914 1.12
21
SEG
0136 2.76
0812 0.62
1416 2.60
2023 0.87
06
DOM
0123 2.50
0802 0.95
1410 2.34
2006 1.05
22
TER
0238 2.88
0910 0.45
1514 2.72
2119 0.75
07
SEG
0216 2.58
0855 0.81
1459 2.41
2055 0.97
23
QUA
0334 3.03
1002 0.29
1606 2.86
2212 0.63
08
TER
0304 2.69
0938 0.68
1544 2.51
2140 0.89
24
QUI
0423 3.16
1051 0.18
1655 2.98
2301 0.53
09
QUA
0349 2.81
1016 0.56
1625 2.61
2219 0.81
25
SEX
0508 3.24
1134 0.16
1740 3.04
2347 0.48
10
QUI
0427 2.92
1055 0.47
1702 2.71
2302 0.73
26
SÁB
0553 3.26
1214 0.20
1817 3.05
11
SEX
0506 3.02
1132 0.41
1740 2.80
2344 0.67
27
DOM
0029 0.49
0634 3.20
1255 0.31
1857 3.00
12
SÁB
0546 3.10
1208 0.38
1817 2.87
28
SEG
0106 0.54
0714 3.07
1332 0.48
1934 2.90
13
DOM
0023 0.63
0625 3.13
1249 0.38
1857 2.92
29
TER
0146 0.64
0753 2.89
1408 0.66
2012 2.78
14
SEG
0104 0.60
0708 3.11
1329 0.43
1940 2.92
30
QUA
0219 0.77
0832 2.69
1447 0.85
2053 2.64
15
TER
0151 0.61
0755 3.03
1412 0.52
2027 2.89
31
QUI
0259 0.90
0914 2.49
1523 1.03
2138 2.52
16
QUA
0236 0.65
0846 2.90
1459 0.64
2117 2.82
Agosto
HORA ALT(m) HORA ALT(m)
01
SEX
0342 1.04
1006 2.31
1606 1.18
2227 2.42
17
DOM
0523 0.90
1151 2.38
1744 1.17
02
SÁB
0440 1.15
1114 2.18
1706 1.29
2329 2.37
18
SEG
0014 2.60
0657 0.87
1308 2.41
1916 1.14
03
DOM
0604 1.18
1232 2.15
1827 1.32
19
TER
0131 2.67
0810 0.72
1414 2.55
2023 0.99
04
SEG
0040 2.38
0732 1.10
1346 2.21
1940 1.25
20
QUA
0234 2.83
0904 0.53
1508 2.73
2116 0.81
05
TER
0146 2.48
0834 0.94
1442 2.34
2034 1.12
21
QUI
0327 3.01
0953 0.37
1557 2.91
2202 0.63
06
QUA
0242 2.63
0917 0.77
1525 2.50
2119 0.97
22
SEX
0412 3.16
1034 0.26
1638 3.05
2247 0.51
07
QUI
0325 2.82
0959 0.60
1602 2.68
2201 0.80
23
SÁB
0455 3.25
1110 0.23
1712 3.13
2323 0.44
08
SEX
0404 3.00
1034 0.45
1638 2.86
2242 0.64
24
DOM
0531 3.26
1147 0.26
1747 3.14
09
SÁB
0444 3.17
1108 0.33
1712 3.02
2321 0.50
25
SEG
0001 0.42
0604 3.19
1219 0.36
1817 3.10
10
DOM
0521 3.29
1146 0.25
1749 3.15
26
TER
0036 0.47
0638 3.07
1253 0.50
1849 3.00
11
SEG
0002 0.38
0602 3.33
1223 0.24
1827 3.20
27
QUA
0106 0.55
0708 2.89
1321 0.67
1919 2.87
12
TER
0046 0.33
0646 3.29
1302 0.30
1908 3.18
28
QUI
0140 0.67
0744 2.69
1355 0.84
1957 2.72
13
QUA
0127 0.36
0731 3.15
1344 0.43
1955 3.08
29
SEX
0212 0.82
0819 2.48
1425 1.03
2036 2.57
14
QUI
0212 0.45
0819 2.94
1429 0.62
2044 2.93
30
SÁB
0251 0.98
0908 2.27
1504 1.21
2127 2.42
15
SEX
0302 0.61
0916 2.70
1517 0.84
2142 2.76
31
DOM
0342 1.14
1019 2.11
1602 1.38
2238 2.32
16
SÁB
0402 0.79
1027 2.48
1619 1.05
2253 2.63
DG6-62 Original
55
PORTO DE LUÍS CORREIA (ESTADO DO PIAUÍ) - 2025
Latitude 02° 51'.2 S Longitude 41° 38'.6 W Fuso UTC -03.0 horas
INPH 61 Componentes Nível Médio 1.72 m Carta 515
Setembro
HORA ALT(m) HORA ALT(m)
01
SEG
0508 1.25
1155 2.06
1736 1.46
2357 2.33
17
QUA
0123 2.66
0802 0.74
1406 2.61
2017 0.99
02
TER
0701 1.19
1317 2.16
1910 1.38
18
QUI
0225 2.83
0853 0.57
1457 2.81
2104 0.78
03
QUA
0108 2.44
0806 1.01
1414 2.35
2008 1.19
19
SEX
0314 3.00
0934 0.44
1536 2.97
2147 0.61
04
QUI
0208 2.63
0851 0.81
1455 2.57
2057 0.97
20
SÁB
0357 3.12
1006 0.36
1610 3.10
2223 0.49
05
SEX
0257 2.86
0927 0.60
1529 2.81
2136 0.72
21
DOM
0431 3.18
1044 0.33
1644 3.16
2259 0.41
06
SÁB
0336 3.10
1002 0.40
1604 3.05
2214 0.48
22
SEG
0502 3.17
1112 0.35
1712 3.18
2331 0.39
07
DOM
0416 3.29
1040 0.24
1640 3.25
2257 0.28
23
TER
0532 3.11
1144 0.42
1740 3.14
08
SEG
0457 3.42
1116 0.15
1717 3.38
2340 0.15
24
QUA
0001 0.42
0601 2.99
1210 0.53
1808 3.06
09
TER
0538 3.44
1155 0.14
1759 3.42
25
QUI
0032 0.49
0631 2.84
1240 0.68
1840 2.93
10
QUA
0021 0.11
0619 3.35
1234 0.23
1840 3.35
26
SEX
0104 0.60
0702 2.66
1308 0.84
1912 2.78
11
QUI
0104 0.17
0706 3.16
1314 0.41
1923 3.19
27
SÁB
0138 0.76
0742 2.45
1344 1.04
1951 2.61
12
SEX
0151 0.33
0757 2.89
1401 0.66
2014 2.96
28
DOM
0214 0.93
0829 2.25
1419 1.23
2044 2.44
13
SÁB
0244 0.56
0859 2.61
1451 0.94
2119 2.74
29
SEG
0304 1.11
0944 2.10
1512 1.41
2159 2.34
14
DOM
0347 0.80
1016 2.39
1601 1.18
2244 2.58
30
TER
0423 1.24
1116 2.07
1649 1.51
2317 2.34
15
SEG
0514 0.95
1149 2.33
1744 1.29
16
TER
0008 2.56
0657 0.90
1304 2.43
1916 1.18
Outubro
HORA ALT(m) HORA ALT(m)
01
QUA
0614 1.21
1238 2.19
1834 1.41
17
SEX
0206 2.80
0827 0.65
1431 2.83
2047 0.78
02
QUI
0029 2.46
0725 1.04
1331 2.41
1936 1.19
18
SÁB
0255 2.91
0904 0.56
1506 2.96
2121 0.63
03
SEX
0131 2.66
0810 0.82
1412 2.66
2023 0.91
19
DOM
0332 2.98
0940 0.50
1542 3.06
2157 0.51
04
SÁB
0219 2.90
0851 0.58
1451 2.93
2104 0.61
20
SEG
0404 3.01
1008 0.46
1610 3.11
2229 0.44
05
DOM
0304 3.13
0929 0.37
1529 3.19
2149 0.34
21
TER
0434 3.00
1040 0.47
1640 3.13
2301 0.40
06
SEG
0349 3.32
1006 0.20
1608 3.39
2231 0.12
22
QUA
0502 2.95
1106 0.50
1708 3.11
2334 0.41
07
TER
0431 3.42
1047 0.12
1649 3.50
2314 -0.01
23
QUI
0534 2.86
1138 0.59
1742 3.04
08
QUA
0514 3.41
1125 0.14
1731 3.51
2359 -0.02
24
SEX
0004 0.47
0604 2.74
1206 0.71
1812 2.93
09
QUI
0601 3.29
1206 0.25
1814 3.40
25
SÁB
0040 0.58
0640 2.59
1240 0.87
1847 2.80
10
SEX
0046 0.08
0649 3.07
1251 0.46
1902 3.21
26
DOM
0114 0.71
0721 2.43
1312 1.04
1927 2.65
11
SÁB
0134 0.28
0742 2.81
1338 0.73
1959 2.96
27
SEG
0155 0.87
0812 2.27
1357 1.22
2019 2.51
12
DOM
0229 0.54
0847 2.56
1436 1.00
2112 2.73
28
TER
0242 1.03
0919 2.17
1453 1.36
2129 2.42
13
SEG
0336 0.78
1010 2.39
1555 1.21
2238 2.60
29
QUA
0349 1.14
1040 2.17
1614 1.42
2244 2.42
14
TER
0506 0.92
1138 2.38
1736 1.27
2359 2.59
30
QUI
0519 1.13
1151 2.29
1744 1.34
2351 2.51
15
QUA
0640 0.89
1251 2.50
1902 1.15
31
SEX
0632 1.00
1247 2.49
1853 1.12
16
QUI
0108 2.68
0742 0.77
1347 2.67
2001 0.96
Novembro
HORA ALT(m) HORA ALT(m)
01
SÁB
0051 2.67
0723 0.81
1332 2.73
1947 0.84
17
SEG
0304 2.76
0904 0.67
1510 2.92
2131 0.60
02
DOM
0147 2.87
0810 0.60
1414 2.98
2036 0.54
18
TER
0340 2.78
0936 0.63
1544 2.98
2202 0.50
03
SEG
0238 3.05
0855 0.41
1459 3.21
2123 0.27
19
QUA
0410 2.78
1008 0.60
1616 3.02
2240 0.45
04
TER
0323 3.20
0938 0.26
1544 3.38
2208 0.06
20
QUI
0444 2.76
1042 0.60
1649 3.02
2312 0.44
05
QUA
0410 3.27
1019 0.20
1627 3.47
2257 -0.05
21
SEX
0517 2.72
1112 0.65
1723 2.99
2349 0.47
06
QUI
0457 3.25
1102 0.22
1712 3.47
2344 -0.05
22
SÁB
0553 2.65
1149 0.74
1759 2.92
07
SEX
0546 3.15
1147 0.33
1801 3.38
23
DOM
0023 0.54
0631 2.57
1221 0.86
1836 2.84
08
SÁB
0032 0.05
0636 2.98
1234 0.51
1851 3.21
24
SEG
0101 0.64
0714 2.47
1302 0.98
1917 2.74
09
DOM
0121 0.24
0734 2.78
1329 0.73
1951 3.00
25
TER
0140 0.75
0801 2.39
1347 1.10
2004 2.65
10
SEG
0217 0.47
0842 2.60
1431 0.95
2101 2.80
26
QUA
0225 0.86
0855 2.35
1442 1.18
2102 2.58
11
TER
0323 0.70
0955 2.49
1544 1.11
2217 2.67
27
QUI
0319 0.94
0955 2.35
1546 1.21
2204 2.54
12
QUA
0442 0.85
1106 2.48
1704 1.17
2332 2.62
28
SEX
0427 0.97
1059 2.42
1655 1.15
2308 2.56
13
QUI
0559 0.89
1214 2.54
1827 1.11
29
SÁB
0536 0.93
1159 2.55
1806 1.01
14
SEX
0040 2.63
0702 0.85
1310 2.64
1929 0.98
30
DOM
0014 2.63
0638 0.82
1255 2.73
1912 0.79
15
SÁB
0138 2.67
0751 0.80
1357 2.75
2014 0.84
16
DOM
0225 2.72
0831 0.74
1436 2.84
2057 0.71
Dezembro
HORA ALT(m) HORA ALT(m)
01
SEG
0114 2.73
0732 0.68
1346 2.92
2010 0.54
17
QUA
0316 2.52
0908 0.79
1521 2.80
2146 0.60
02
TER
0212 2.86
0823 0.54
1434 3.10
2102 0.30
18
QUI
0357 2.57
0947 0.73
1601 2.88
2221 0.51
03
QUA
0304 2.97
0912 0.41
1523 3.25
2153 0.11
19
SEX
0432 2.61
1023 0.69
1638 2.93
2259 0.46
04
QUI
0357 3.05
1001 0.34
1612 3.35
2244 -0.01
20
SÁB
0508 2.64
1101 0.68
1712 2.97
2336 0.44
05
SEX
0447 3.07
1049 0.32
1702 3.39
2332 -0.03
21
DOM
0546 2.66
1138 0.70
1749 2.98
06
SÁB
0538 3.04
1138 0.37
1753 3.35
22
SEG
0012 0.45
0621 2.65
1214 0.74
1825 2.96
07
DOM
0021 0.03
0631 2.96
1229 0.48
1846 3.24
23
TER
0049 0.49
0659 2.64
1255 0.79
1902 2.91
08
SEG
0112 0.17
0725 2.85
1321 0.63
1942 3.08
24
QUA
0125 0.55
0740 2.62
1336 0.83
1946 2.84
09
TER
0204 0.36
0821 2.73
1416 0.78
2042 2.90
25
QUI
0206 0.62
0823 2.59
1423 0.88
2034 2.75
10
QUA
0301 0.57
0919 2.62
1514 0.93
2146 2.73
26
SEX
0251 0.71
0912 2.57
1514 0.91
2129 2.66
11
QUI
0359 0.76
1021 2.54
1616 1.04
2251 2.59
27
SÁB
0344 0.79
1008 2.55
1612 0.93
2232 2.57
12
SEX
0501 0.90
1123 2.50
1725 1.09
2355 2.50
28
DOM
0444 0.85
1110 2.57
1721 0.90
2340 2.52
13
SÁB
0602 0.98
1223 2.51
1838 1.06
29
SEG
0551 0.87
1216 2.64
1840 0.79
14
DOM
0055 2.45
0659 0.98
1314 2.56
1938 0.96
30
TER
0049 2.54
0659 0.82
1319 2.76
1951 0.61
15
SEG
0149 2.45
0747 0.94
1401 2.64
2023 0.84
31
QUA
0157 2.61
0802 0.72
1419 2.92
2051 0.39
16
TER
0236 2.47
0829 0.87
1442 2.72
2104 0.71
DG6-62 Original
