65
PORTO DE AREIA BRANCA - TERMISA (ESTADO DO RIO GRANDE DO NORTE) - 2025
Latitude 04° 27' S Longitude 37° 02'.2 W Fuso UTC -03.0 horas
DHN 27 Componentes Nível Médio 1.88 m Carta 703
Janeiro
HORA ALT(m) HORA ALT(m)
01
QUA
0510 3.10
1116 0.66
1727 3.37
2353 0.42
17
SEX
0036 0.50
0651 2.97
1244 0.79
1857 3.12
02
QUI
0602 3.15
1206 0.63
1817 3.40
18
SÁB
0108 0.70
0725 2.90
1316 0.92
1931 3.03
03
SEX
0040 0.41
0653 3.18
1255 0.60
1908 3.38
19
DOM
0140 0.86
0759 2.85
1351 1.01
2010 2.95
04
SÁB
0123 0.43
0740 3.16
1338 0.62
1957 3.28
20
SEG
0216 0.99
0838 2.80
1432 1.08
2057 2.82
05
DOM
0208 0.54
0825 3.05
1423 0.72
2046 3.09
21
TER
0257 1.12
0921 2.70
1519 1.18
2149 2.62
06
SEG
0255 0.71
0916 2.91
1514 0.87
2144 2.91
22
QUA
0347 1.27
1016 2.55
1623 1.29
2257 2.41
07
TER
0351 0.90
1016 2.82
1621 0.97
2253 2.81
23
QUI
0459 1.41
1131 2.42
1808 1.31
08
QUA
0501 1.00
1123 2.85
1744 0.95
24
SEX
0027 2.32
0657 1.39
1301 2.48
1949 1.10
09
QUI
0002 2.85
0617 0.97
1229 2.98
1901 0.79
25
SÁB
0151 2.46
0804 1.18
1401 2.71
2032 0.82
10
SEX
0108 2.97
0725 0.84
1331 3.14
2002 0.58
26
DOM
0234 2.69
0844 0.94
1440 2.98
2104 0.58
11
SÁB
0208 3.08
0823 0.70
1427 3.26
2059 0.40
27
SEG
0304 2.91
0910 0.74
1510 3.23
2134 0.42
12
DOM
0304 3.15
0916 0.58
1519 3.33
2151 0.27
28
TER
0336 3.09
0944 0.59
1547 3.41
2208 0.30
13
SEG
0359 3.18
1006 0.49
1612 3.37
2238 0.19
29
QUA
0412 3.22
1019 0.48
1625 3.51
2251 0.23
14
TER
0449 3.17
1055 0.46
1701 3.36
2319 0.20
30
QUI
0457 3.30
1104 0.39
1712 3.56
2336 0.18
15
QUA
0534 3.13
1134 0.51
1744 3.30
31
SEX
0546 3.36
1153 0.31
1804 3.59
16
QUI
0002 0.31
0614 3.06
1210 0.63
1821 3.21
Fevereiro
HORA ALT(m) HORA ALT(m)
01
SÁB
0019 0.15
0631 3.40
1236 0.27
1851 3.55
17
SEG
0059 0.79
0706 2.99
1312 0.82
1925 3.00
02
DOM
0104 0.20
0716 3.37
1319 0.33
1936 3.43
18
TER
0129 0.89
0742 2.91
1351 0.89
2006 2.84
03
SEG
0146 0.37
0759 3.25
1402 0.51
2021 3.21
19
QUA
0206 1.01
0821 2.78
1431 1.01
2055 2.61
04
TER
0225 0.65
0846 3.07
1449 0.77
2114 2.96
20
QUI
0247 1.19
0912 2.59
1523 1.20
2157 2.35
05
QUA
0314 0.95
0944 2.88
1551 1.01
2219 2.75
21
SEX
0342 1.42
1023 2.40
1651 1.38
2331 2.20
06
QUI
0421 1.19
1053 2.78
1714 1.12
2342 2.67
22
SÁB
0527 1.58
1208 2.38
1914 1.29
07
SEX
0553 1.24
1208 2.80
1851 1.01
23
DOM
0119 2.34
0738 1.38
1331 2.64
2010 0.97
08
SÁB
0101 2.73
0719 1.10
1321 2.91
2002 0.76
24
SEG
0210 2.65
0819 1.05
1414 2.99
2044 0.65
09
DOM
0206 2.85
0821 0.88
1423 3.05
2057 0.51
25
TER
0244 2.96
0851 0.72
1451 3.30
2112 0.37
10
SEG
0302 2.97
0912 0.66
1516 3.19
2144 0.31
26
QUA
0312 3.22
0921 0.44
1525 3.52
2149 0.16
11
TER
0353 3.08
0959 0.50
1604 3.30
2223 0.20
27
QUI
0351 3.39
1001 0.22
1606 3.65
2227 0.03
12
QUA
0434 3.16
1038 0.42
1646 3.37
2302 0.20
28
SEX
0432 3.49
1046 0.09
1655 3.70
2310 -0.03
13
QUI
0510 3.19
1112 0.44
1719 3.37
2336 0.31
14
SEX
0546 3.16
1146 0.54
1753 3.31
15
SÁB
0004 0.49
0612 3.10
1212 0.66
1821 3.22
16
DOM
0031 0.66
0638 3.04
1240 0.76
1851 3.12
Março
HORA ALT(m) HORA ALT(m)
01
SÁB
0517 3.55
1129 0.02
1742 3.70
2359 -0.01
17
SEG
0559 3.10
1206 0.63
1814 3.08
02
DOM
0606 3.58
1214 0.04
1829 3.65
18
TER
0019 0.76
0625 3.04
1240 0.69
1849 2.95
03
SEG
0042 0.12
0651 3.53
1301 0.18
1914 3.50
19
QUA
0055 0.85
0702 2.96
1316 0.77
1929 2.80
04
TER
0121 0.37
0734 3.38
1342 0.44
2001 3.25
20
QUI
0129 0.98
0742 2.84
1401 0.92
2016 2.61
05
QUA
0202 0.71
0817 3.14
1427 0.77
2053 2.94
21
SEX
0208 1.16
0829 2.68
1447 1.14
2114 2.39
06
QUI
0249 1.06
0914 2.88
1527 1.07
2202 2.66
22
SÁB
0259 1.40
0938 2.49
1601 1.36
2247 2.24
07
SEX
0359 1.34
1029 2.69
1659 1.21
2329 2.52
23
DOM
0425 1.60
1117 2.44
1814 1.37
08
SÁB
0540 1.40
1157 2.65
1851 1.09
24
SEG
0034 2.36
0651 1.46
1255 2.65
1936 1.05
09
DOM
0101 2.57
0721 1.21
1317 2.75
2001 0.82
25
TER
0136 2.67
0749 1.06
1347 3.00
2012 0.66
10
SEG
0206 2.73
0819 0.94
1417 2.94
2051 0.56
26
QUA
0212 3.02
0823 0.64
1423 3.33
2046 0.30
11
TER
0257 2.91
0904 0.69
1506 3.13
2129 0.36
27
QUI
0247 3.31
0859 0.26
1502 3.58
2119 0.04
12
QUA
0336 3.08
0944 0.50
1549 3.29
2206 0.26
28
SEX
0321 3.52
0938 0.02
1546 3.70
2201 -0.09
13
QUI
0410 3.21
1016 0.40
1621 3.39
2240 0.27
29
SÁB
0404 3.63
1019 -0.10
1629 3.74
2247 -0.09
14
SEX
0446 3.26
1049 0.40
1657 3.40
2306 0.37
30
DOM
0455 3.68
1106 -0.11
1717 3.72
2332 0.01
15
SÁB
0510 3.25
1114 0.47
1721 3.32
2332 0.52
31
SEG
0542 3.67
1157 -0.02
1808 3.64
16
DOM
0534 3.18
1142 0.56
1747 3.21
2357 0.65
Abril
HORA ALT(m) HORA ALT(m)
01
TER
0016 0.20
0627 3.59
1242 0.18
1859 3.46
17
QUI
0025 0.89
0634 2.97
1259 0.75
1908 2.76
02
QUA
0101 0.48
0712 3.41
1325 0.47
1947 3.18
18
SEX
0106 1.01
0717 2.91
1342 0.89
1959 2.65
03
QUI
0146 0.82
0801 3.13
1414 0.79
2044 2.85
19
SÁB
0151 1.17
0808 2.80
1431 1.08
2059 2.52
04
SEX
0234 1.15
0901 2.84
1517 1.06
2157 2.58
20
DOM
0242 1.35
0914 2.66
1536 1.26
2212 2.41
05
SÁB
0346 1.38
1014 2.63
1649 1.19
2319 2.47
21
SEG
0359 1.49
1042 2.58
1710 1.29
2342 2.46
06
DOM
0527 1.42
1142 2.58
1834 1.08
22
TER
0547 1.38
1206 2.71
1842 1.04
07
SEG
0044 2.53
0706 1.24
1301 2.69
1944 0.87
23
QUA
0049 2.71
0704 1.00
1306 2.99
1932 0.65
08
TER
0147 2.70
0802 0.99
1359 2.88
2029 0.66
24
QUI
0134 3.04
0751 0.55
1353 3.30
2010 0.29
09
QUA
0232 2.89
0846 0.75
1446 3.08
2106 0.50
25
SEX
0212 3.35
0829 0.18
1434 3.54
2053 0.05
10
QUI
0310 3.08
0917 0.57
1521 3.25
2142 0.41
26
SÁB
0255 3.57
0910 -0.05
1517 3.66
2134 -0.03
11
SEX
0344 3.21
0953 0.44
1559 3.34
2208 0.40
27
DOM
0340 3.68
0959 -0.12
1606 3.69
2219 0.02
12
SÁB
0410 3.27
1019 0.40
1625 3.32
2238 0.46
28
SEG
0427 3.71
1049 -0.07
1701 3.64
2308 0.15
13
DOM
0438 3.24
1049 0.43
1653 3.22
2301 0.57
29
TER
0517 3.67
1138 0.05
1753 3.53
14
SEG
0501 3.17
1112 0.49
1714 3.09
2321 0.68
30
QUA
0001 0.35
0608 3.55
1227 0.24
1846 3.34
15
TER
0521 3.09
1142 0.57
1746 2.96
2353 0.78
16
QUA
0555 3.03
1214 0.65
1821 2.85
DG6-62 Original
66
PORTO DE AREIA BRANCA - TERMISA (ESTADO DO RIO GRANDE DO NORTE) - 2025
Latitude 04° 27' S Longitude 37° 02'.2 W Fuso UTC -03.0 horas
DHN 27 Componentes Nível Médio 1.88 m Carta 703
Maio
HORA ALT(m) HORA ALT(m)
01
QUI
0047 0.60
0659 3.35
1316 0.49
1940 3.07
17
SÁB
0057 1.02
0710 3.02
1332 0.84
1951 2.78
02
SEX
0132 0.88
0751 3.08
1408 0.75
2040 2.79
18
DOM
0144 1.10
0802 2.97
1421 0.94
2046 2.71
03
SÁB
0225 1.13
0851 2.83
1510 0.98
2147 2.59
19
SEG
0232 1.19
0859 2.86
1516 1.06
2146 2.62
04
DOM
0332 1.31
1001 2.66
1625 1.09
2257 2.51
20
TER
0336 1.25
1006 2.75
1625 1.10
2255 2.62
05
SEG
0455 1.35
1110 2.63
1749 1.09
21
QUA
0457 1.18
1119 2.77
1744 0.97
06
TER
0004 2.56
0619 1.26
1219 2.69
1901 0.99
22
QUI
0001 2.77
0614 0.91
1227 2.95
1847 0.69
07
QUA
0104 2.68
0725 1.09
1321 2.83
1955 0.86
23
SEX
0057 3.04
0712 0.55
1319 3.21
1938 0.41
08
QUI
0157 2.85
0812 0.89
1412 2.98
2036 0.73
24
SÁB
0142 3.33
0801 0.24
1406 3.42
2021 0.22
09
SEX
0236 3.01
0853 0.69
1455 3.11
2110 0.62
25
DOM
0227 3.54
0849 0.07
1457 3.53
2108 0.17
10
SÁB
0310 3.13
0923 0.53
1527 3.16
2142 0.56
26
SEG
0314 3.64
0940 0.02
1549 3.54
2201 0.23
11
DOM
0342 3.18
0957 0.43
1559 3.14
2206 0.57
27
TER
0406 3.64
1031 0.06
1644 3.47
2255 0.33
12
SEG
0406 3.16
1021 0.43
1623 3.05
2231 0.64
28
QUA
0502 3.58
1123 0.14
1740 3.36
2346 0.47
13
TER
0431 3.11
1051 0.48
1653 2.94
2259 0.74
29
QUI
0557 3.46
1216 0.27
1834 3.20
14
QUA
0459 3.06
1119 0.56
1723 2.86
2327 0.84
30
SEX
0034 0.64
0647 3.28
1306 0.45
1931 3.00
15
QUI
0534 3.03
1201 0.66
1808 2.81
31
SÁB
0121 0.84
0740 3.07
1359 0.67
2027 2.81
16
SEX
0008 0.94
0617 3.03
1246 0.75
1859 2.79
Junho
HORA ALT(m) HORA ALT(m)
01
DOM
0212 1.04
0834 2.89
1451 0.87
2121 2.68
17
TER
0217 0.91
0842 3.05
1453 0.80
2114 2.84
02
SEG
0306 1.19
0931 2.77
1547 1.02
2214 2.62
18
QUA
0308 0.96
0938 2.90
1547 0.90
2210 2.77
03
TER
0404 1.27
1027 2.72
1647 1.11
2308 2.63
19
QUI
0412 0.98
1044 2.83
1655 0.92
2316 2.82
04
QUA
0510 1.28
1125 2.71
1753 1.15
20
SEX
0529 0.89
1151 2.89
1804 0.81
05
QUI
0004 2.67
0623 1.22
1229 2.73
1902 1.11
21
SÁB
0017 3.01
0640 0.68
1251 3.07
1904 0.64
06
SEX
0104 2.74
0731 1.06
1332 2.78
1959 0.99
22
DOM
0112 3.24
0738 0.45
1347 3.23
2001 0.50
07
SÁB
0159 2.84
0821 0.85
1423 2.86
2042 0.85
23
SEG
0204 3.42
0832 0.28
1440 3.32
2055 0.43
08
DOM
0240 2.95
0901 0.64
1502 2.93
2112 0.73
24
TER
0301 3.50
0925 0.20
1536 3.33
2149 0.42
09
SEG
0312 3.03
0932 0.50
1536 2.94
2146 0.68
25
QUA
0357 3.51
1019 0.16
1631 3.30
2242 0.43
10
TER
0344 3.08
1002 0.45
1602 2.92
2208 0.71
26
QUI
0451 3.47
1112 0.17
1727 3.23
2331 0.48
11
QUA
0406 3.10
1031 0.49
1634 2.89
2238 0.78
27
SEX
0544 3.39
1204 0.24
1819 3.14
12
QUI
0442 3.11
1104 0.56
1710 2.87
2312 0.85
28
SÁB
0017 0.58
0632 3.27
1251 0.39
1910 3.01
13
SEX
0519 3.12
1149 0.63
1759 2.89
29
DOM
0102 0.74
0719 3.13
1334 0.60
1959 2.89
14
SÁB
0001 0.89
0610 3.16
1234 0.66
1849 2.93
30
SEG
0146 0.92
0804 3.00
1416 0.81
2044 2.80
15
DOM
0047 0.89
0702 3.18
1321 0.68
1938 2.96
16
SEG
0132 0.88
0751 3.16
1406 0.72
2025 2.93
Julho
HORA ALT(m) HORA ALT(m)
01
TER
0227 1.07
0849 2.90
1457 0.99
2123 2.74
17
QUI
0244 0.74
0906 3.01
1512 0.80
2136 2.90
02
QUA
0310 1.17
0936 2.82
1542 1.12
2206 2.70
18
SEX
0340 0.89
1006 2.84
1612 0.98
2240 2.85
03
QUI
0402 1.23
1027 2.72
1634 1.23
2301 2.65
19
SÁB
0453 0.96
1117 2.80
1727 1.03
2349 2.92
04
SEX
0508 1.27
1127 2.60
1747 1.30
20
DOM
0614 0.88
1229 2.88
1844 0.94
05
SÁB
0002 2.59
0636 1.21
1246 2.54
1914 1.24
21
SEG
0055 3.08
0727 0.68
1334 3.01
1949 0.78
06
DOM
0114 2.63
0753 1.01
1357 2.59
2012 1.07
22
TER
0155 3.23
0825 0.47
1432 3.11
2047 0.62
07
SEG
0208 2.76
0842 0.78
1444 2.71
2055 0.90
23
QUA
0253 3.33
0919 0.30
1527 3.17
2140 0.50
08
TER
0251 2.92
0912 0.59
1516 2.82
2121 0.78
24
QUI
0347 3.38
1010 0.18
1621 3.20
2229 0.42
09
QUA
0319 3.06
0946 0.49
1547 2.91
2153 0.73
25
SEX
0438 3.40
1101 0.14
1712 3.20
2314 0.41
10
QUI
0353 3.18
1012 0.47
1616 2.97
2219 0.72
26
SÁB
0525 3.39
1146 0.21
1759 3.16
2359 0.50
11
SEX
0425 3.25
1051 0.48
1657 3.02
2301 0.71
27
DOM
0608 3.32
1223 0.37
1840 3.08
12
SÁB
0506 3.30
1132 0.49
1740 3.07
2346 0.68
28
SEG
0034 0.65
0647 3.21
1301 0.59
1916 2.99
13
DOM
0557 3.34
1217 0.46
1829 3.13
29
TER
0108 0.82
0723 3.09
1331 0.80
1949 2.90
14
SEG
0031 0.62
0646 3.36
1302 0.44
1916 3.17
30
QUA
0142 0.95
0801 2.97
1404 0.97
2025 2.84
15
TER
0116 0.58
0732 3.32
1346 0.48
1959 3.13
31
QUI
0219 1.05
0842 2.85
1442 1.10
2106 2.75
16
QUA
0159 0.61
0817 3.19
1425 0.61
2044 3.02
Agosto
HORA ALT(m) HORA ALT(m)
01
SEX
0304 1.13
0931 2.67
1525 1.23
2157 2.62
17
DOM
0427 1.09
1101 2.67
1704 1.26
2329 2.79
02
SÁB
0402 1.23
1031 2.47
1627 1.38
2302 2.48
18
SEG
0604 1.05
1221 2.70
1838 1.16
03
DOM
0527 1.31
1157 2.32
1816 1.44
19
TER
0047 2.90
0727 0.82
1334 2.83
1949 0.93
04
SEG
0029 2.45
0725 1.18
1331 2.39
1951 1.27
20
QUA
0151 3.06
0825 0.55
1431 2.97
2044 0.68
05
TER
0146 2.62
0821 0.92
1425 2.60
2034 1.04
21
QUI
0247 3.21
0914 0.32
1521 3.10
2131 0.48
06
QUA
0229 2.88
0859 0.67
1501 2.83
2104 0.83
22
SEX
0338 3.33
1001 0.18
1608 3.20
2214 0.36
07
QUI
0302 3.13
0925 0.49
1525 3.01
2132 0.66
23
SÁB
0421 3.41
1042 0.14
1651 3.25
2257 0.34
08
SEX
0332 3.32
0957 0.37
1557 3.16
2202 0.53
24
DOM
0502 3.43
1117 0.23
1727 3.24
2329 0.43
09
SÁB
0406 3.44
1029 0.31
1632 3.24
2242 0.44
25
SEG
0540 3.37
1153 0.41
1801 3.17
10
DOM
0449 3.49
1108 0.25
1714 3.30
2323 0.36
26
TER
0001 0.57
0610 3.26
1219 0.62
1827 3.07
11
SEG
0534 3.51
1155 0.22
1802 3.34
27
QUA
0029 0.72
0638 3.11
1246 0.80
1853 2.98
12
TER
0010 0.30
0623 3.50
1238 0.24
1849 3.36
28
QUI
0059 0.83
0710 2.97
1314 0.94
1925 2.89
13
QUA
0055 0.31
0708 3.44
1317 0.34
1931 3.30
29
SEX
0134 0.91
0751 2.80
1351 1.06
2006 2.77
14
QUI
0136 0.42
0753 3.28
1359 0.56
2014 3.16
30
SÁB
0217 1.02
0840 2.61
1432 1.21
2059 2.61
15
SEX
0217 0.64
0842 3.04
1444 0.85
2104 2.97
31
DOM
0310 1.17
0944 2.38
1525 1.40
2206 2.44
16
SÁB
0312 0.91
0944 2.81
1542 1.12
2210 2.82
DG6-62 Original
67
PORTO DE AREIA BRANCA - TERMISA (ESTADO DO RIO GRANDE DO NORTE) - 2025
Latitude 04° 27' S Longitude 37° 02'.2 W Fuso UTC -03.0 horas
DHN 27 Componentes Nível Médio 1.88 m Carta 703
Setembro
HORA ALT(m) HORA ALT(m)
01
SEG
0427 1.35
1108 2.23
1702 1.57
2346 2.38
17
QUA
0044 2.78
0729 0.85
1332 2.75
1949 0.95
02
TER
0649 1.32
1302 2.31
1923 1.44
18
QUI
0147 2.96
0819 0.57
1423 2.93
2036 0.68
03
QUA
0116 2.58
0801 1.04
1402 2.59
2010 1.13
19
SEX
0238 3.15
0902 0.36
1506 3.11
2116 0.47
04
QUI
0204 2.90
0834 0.74
1434 2.89
2042 0.81
20
SÁB
0321 3.31
0944 0.24
1549 3.24
2157 0.35
05
SEX
0240 3.21
0901 0.46
1501 3.15
2106 0.51
21
DOM
0402 3.42
1016 0.22
1621 3.32
2229 0.33
06
SÁB
0308 3.45
0929 0.24
1529 3.34
2140 0.28
22
SEG
0438 3.43
1051 0.31
1657 3.31
2302 0.39
07
DOM
0346 3.59
1002 0.10
1604 3.46
2216 0.13
23
TER
0506 3.36
1117 0.47
1719 3.22
2327 0.51
08
SEG
0423 3.64
1044 0.04
1649 3.50
2301 0.06
24
QUA
0534 3.21
1144 0.65
1744 3.11
2355 0.62
09
TER
0508 3.63
1125 0.06
1732 3.52
2347 0.07
25
QUI
0601 3.05
1206 0.80
1808 3.01
10
QUA
0559 3.59
1210 0.15
1819 3.51
26
SEX
0021 0.72
0629 2.89
1234 0.92
1842 2.91
11
QUI
0031 0.16
0647 3.49
1255 0.34
1904 3.42
27
SÁB
0101 0.82
0710 2.73
1310 1.04
1923 2.80
12
SEX
0114 0.36
0732 3.29
1336 0.63
1949 3.23
28
DOM
0146 0.95
0802 2.57
1357 1.20
2014 2.66
13
SÁB
0201 0.65
0823 3.01
1419 0.97
2044 2.98
29
SEG
0236 1.13
0904 2.40
1447 1.40
2125 2.51
14
DOM
0257 0.97
0931 2.72
1521 1.27
2155 2.75
30
TER
0347 1.33
1029 2.27
1606 1.59
2301 2.44
15
SEG
0417 1.17
1057 2.56
1657 1.39
2319 2.68
16
TER
0608 1.11
1223 2.59
1842 1.24
Outubro
HORA ALT(m) HORA ALT(m)
01
QUA
0542 1.39
1212 2.33
1829 1.52
17
SEX
0131 2.90
0801 0.66
1404 2.92
2017 0.74
02
QUI
0032 2.59
0721 1.14
1321 2.60
1936 1.17
18
SÁB
0217 3.09
0844 0.51
1446 3.09
2059 0.55
03
SEX
0131 2.90
0801 0.78
1359 2.93
2008 0.75
19
DOM
0301 3.25
0917 0.41
1519 3.24
2132 0.42
04
SÁB
0206 3.22
0829 0.43
1427 3.23
2040 0.36
20
SEG
0338 3.34
0953 0.38
1557 3.31
2204 0.36
05
DOM
0242 3.49
0859 0.14
1501 3.47
2112 0.07
21
TER
0410 3.34
1019 0.43
1621 3.29
2236 0.38
06
SEG
0316 3.65
0934 -0.02
1538 3.60
2153 -0.08
22
QUA
0440 3.24
1049 0.55
1649 3.20
2302 0.45
07
TER
0401 3.70
1012 -0.05
1617 3.66
2236 -0.10
23
QUI
0504 3.09
1110 0.68
1708 3.09
2327 0.56
08
QUA
0447 3.67
1101 0.03
1706 3.66
2323 -0.02
24
SEX
0529 2.93
1134 0.82
1736 3.00
2359 0.67
09
QUI
0536 3.60
1149 0.20
1757 3.60
25
SÁB
0604 2.79
1206 0.93
1812 2.93
10
SEX
0012 0.13
0627 3.46
1232 0.43
1846 3.46
26
DOM
0038 0.79
0649 2.69
1249 1.06
1901 2.86
11
SÁB
0101 0.37
0717 3.24
1317 0.73
1932 3.23
27
SEG
0123 0.92
0742 2.61
1332 1.19
1953 2.79
12
DOM
0149 0.67
0816 2.95
1408 1.04
2031 2.95
28
TER
0214 1.07
0842 2.52
1423 1.34
2057 2.67
13
SEG
0249 0.96
0927 2.67
1514 1.30
2147 2.71
29
QUA
0316 1.24
0953 2.43
1534 1.48
2214 2.58
14
TER
0414 1.13
1051 2.52
1651 1.39
2310 2.63
30
QUI
0440 1.32
1112 2.43
1712 1.45
2340 2.63
15
QUA
0557 1.08
1212 2.57
1831 1.23
31
SEX
0614 1.17
1227 2.61
1844 1.15
16
QUI
0029 2.73
0712 0.87
1316 2.73
1934 0.98
Novembro
HORA ALT(m) HORA ALT(m)
01
SÁB
0047 2.85
0712 0.83
1314 2.91
1931 0.72
17
SEG
0236 3.08
0855 0.66
1455 3.12
2108 0.55
02
DOM
0132 3.15
0753 0.46
1353 3.23
2006 0.31
18
TER
0312 3.15
0925 0.58
1525 3.19
2146 0.43
03
SEG
0210 3.42
0827 0.17
1429 3.50
2047 0.02
19
QUA
0349 3.14
0959 0.56
1559 3.19
2212 0.39
04
TER
0253 3.60
0904 0.02
1508 3.67
2127 -0.11
20
QUI
0416 3.07
1023 0.62
1621 3.14
2242 0.44
05
QUA
0336 3.66
0951 0.02
1557 3.73
2214 -0.09
21
SEX
0446 2.95
1049 0.72
1649 3.07
2308 0.54
06
QUI
0425 3.63
1040 0.14
1647 3.70
2306 -0.00
22
SÁB
0510 2.85
1114 0.84
1716 3.03
2344 0.65
07
SEX
0517 3.54
1127 0.30
1738 3.61
23
DOM
0549 2.78
1153 0.94
1759 3.01
08
SÁB
0001 0.16
0614 3.39
1217 0.51
1831 3.45
24
SEG
0023 0.75
0634 2.76
1234 1.03
1847 3.00
09
DOM
0051 0.37
0710 3.18
1308 0.75
1923 3.22
25
TER
0110 0.84
0727 2.76
1319 1.09
1940 2.97
10
SEG
0144 0.61
0810 2.92
1401 1.00
2025 2.95
26
QUA
0201 0.92
0819 2.73
1408 1.15
2034 2.89
11
TER
0244 0.86
0916 2.69
1504 1.21
2134 2.75
27
QUI
0251 1.03
0914 2.65
1504 1.22
2136 2.76
12
QUA
0357 1.02
1027 2.57
1621 1.30
2246 2.67
28
SEX
0351 1.11
1016 2.59
1612 1.24
2247 2.70
13
QUI
0516 1.06
1136 2.59
1746 1.25
2353 2.71
29
SÁB
0502 1.09
1125 2.65
1738 1.08
2359 2.79
14
SEX
0631 1.00
1236 2.70
1857 1.10
30
DOM
0616 0.89
1227 2.87
1847 0.75
15
SÁB
0057 2.83
0729 0.89
1329 2.85
1951 0.91
16
DOM
0151 2.96
0814 0.77
1414 3.00
2032 0.72
Dezembro
HORA ALT(m) HORA ALT(m)
01
SEG
0055 3.02
0710 0.60
1316 3.17
1938 0.40
17
QUA
0257 2.88
0906 0.78
1504 3.01
2125 0.53
02
TER
0144 3.28
0757 0.35
1402 3.45
2021 0.15
18
QUI
0331 2.93
0940 0.70
1538 3.07
2159 0.43
03
QUA
0229 3.46
0844 0.22
1449 3.63
2108 0.03
19
SEX
0402 2.93
1004 0.68
1604 3.11
2225 0.45
04
QUI
0317 3.53
0931 0.21
1538 3.68
2202 0.01
20
SÁB
0429 2.91
1032 0.74
1634 3.12
2257 0.51
05
SEX
0410 3.51
1021 0.28
1631 3.65
2257 0.06
21
DOM
0501 2.89
1102 0.80
1706 3.14
2331 0.59
06
SÁB
0508 3.44
1114 0.37
1725 3.57
2351 0.14
22
SEG
0538 2.89
1140 0.86
1749 3.16
07
DOM
0604 3.32
1208 0.49
1821 3.44
23
TER
0012 0.64
0621 2.93
1223 0.87
1836 3.19
08
SEG
0042 0.28
0702 3.16
1259 0.66
1914 3.25
24
QUA
0059 0.66
0710 2.97
1308 0.85
1923 3.18
09
TER
0132 0.49
0757 2.97
1347 0.86
2008 3.04
25
QUI
0140 0.69
0755 2.97
1353 0.85
2008 3.10
10
QUA
0225 0.72
0853 2.79
1440 1.06
2104 2.86
26
SEX
0221 0.76
0840 2.89
1436 0.91
2059 2.94
11
QUI
0319 0.94
0949 2.68
1538 1.20
2202 2.76
27
SÁB
0306 0.88
0931 2.77
1529 0.99
2159 2.78
12
SEX
0417 1.09
1044 2.65
1642 1.27
2301 2.71
28
DOM
0404 0.99
1034 2.73
1642 1.01
2308 2.74
13
SÁB
0523 1.17
1140 2.66
1753 1.25
29
SEG
0517 0.99
1144 2.83
1802 0.87
14
DOM
0004 2.71
0634 1.17
1238 2.71
1910 1.13
30
TER
0019 2.87
0632 0.85
1246 3.07
1912 0.62
15
SEG
0110 2.74
0740 1.07
1338 2.79
2006 0.92
31
QUA
0119 3.08
0734 0.65
1342 3.32
2006 0.38
16
TER
0208 2.81
0827 0.93
1425 2.90
2053 0.70
DG6-62 Original
