68
PORTO DE MACAU (ESTADO DO RIO GRANDE DO NORTE) - 2025
Latitude 05° 06' S Longitude 36° 40'.4 W Fuso UTC -03.0 horas
DHN 37 Componentes Nível Médio 1.38 m Carta 702
Janeiro
HORA ALT(m) HORA ALT(m)
01
QUA
0004 0.22
0542 2.36
1210 0.60
1744 2.51
17
SEX
0117 0.29
0701 2.35
1332 0.55
1923 2.37
02
QUI
0049 0.20
0616 2.38
1255 0.57
1831 2.49
18
SÁB
0149 0.37
0736 2.30
1406 0.60
2002 2.25
03
SEX
0123 0.22
0659 2.37
1340 0.57
1919 2.44
19
DOM
0216 0.47
0814 2.23
1446 0.66
2044 2.12
04
SÁB
0202 0.27
0744 2.32
1427 0.58
2012 2.34
20
SEG
0249 0.58
0857 2.14
1529 0.73
2125 1.98
05
DOM
0251 0.37
0834 2.25
1521 0.60
2110 2.22
21
TER
0323 0.70
0946 2.05
1621 0.79
2214 1.85
06
SEG
0338 0.51
0936 2.17
1629 0.61
2216 2.09
22
QUA
0408 0.82
1040 1.98
1729 0.82
2316 1.74
07
TER
0440 0.64
1053 2.12
1746 0.59
2329 2.00
23
QUI
0514 0.92
1146 1.94
1849 0.80
08
QUA
0602 0.72
1206 2.15
1859 0.51
24
SEX
0036 1.71
0647 0.95
1257 1.97
2002 0.71
09
QUI
0049 1.99
0719 0.72
1312 2.24
2006 0.41
25
SÁB
0157 1.78
0802 0.90
1401 2.06
2101 0.58
10
SEX
0201 2.05
0825 0.68
1410 2.35
2110 0.31
26
DOM
0255 1.92
0902 0.81
1455 2.19
2149 0.45
11
SÁB
0259 2.15
0923 0.63
1504 2.45
2206 0.21
27
SEG
0340 2.09
0953 0.71
1540 2.33
2231 0.31
12
DOM
0351 2.25
1016 0.57
1553 2.53
2259 0.15
28
TER
0416 2.25
1040 0.60
1621 2.47
2308 0.19
13
SEG
0436 2.33
1102 0.53
1636 2.57
2342 0.13
29
QUA
0453 2.39
1119 0.50
1659 2.57
2353 0.11
14
TER
0516 2.38
1147 0.51
1721 2.57
30
QUI
0523 2.49
1202 0.41
1738 2.64
15
QUA
0014 0.15
0551 2.39
1221 0.51
1802 2.54
31
SEX
0029 0.09
0559 2.55
1246 0.36
1819 2.65
16
QUI
0051 0.21
0625 2.38
1257 0.52
1842 2.47
Fevereiro
HORA ALT(m) HORA ALT(m)
01
SÁB
0104 0.11
0634 2.56
1325 0.35
1902 2.59
17
SEG
0136 0.42
0727 2.38
1402 0.53
1959 2.22
02
DOM
0146 0.20
0716 2.51
1408 0.38
1955 2.46
18
TER
0202 0.53
0804 2.28
1440 0.62
2036 2.07
03
SEG
0223 0.35
0806 2.40
1502 0.45
2049 2.28
19
QUA
0231 0.66
0849 2.14
1516 0.72
2116 1.91
04
TER
0306 0.52
0904 2.26
1602 0.53
2155 2.09
20
QUI
0304 0.80
0936 2.00
1610 0.81
2210 1.75
05
QUA
0404 0.71
1023 2.13
1712 0.59
2306 1.92
21
SEX
0357 0.95
1040 1.89
1734 0.86
2331 1.65
06
QUI
0531 0.86
1146 2.08
1832 0.59
22
SÁB
0540 1.05
1210 1.86
1925 0.79
07
SEX
0027 1.86
0701 0.87
1257 2.12
1955 0.52
23
DOM
0127 1.71
0742 0.97
1334 1.96
2029 0.63
08
SÁB
0151 1.91
0814 0.80
1402 2.21
2104 0.40
24
SEG
0229 1.89
0842 0.82
1434 2.13
2117 0.45
09
DOM
0257 2.04
0917 0.69
1502 2.33
2201 0.28
25
TER
0312 2.10
0931 0.65
1521 2.33
2204 0.28
10
SEG
0347 2.18
1008 0.57
1553 2.44
2246 0.20
26
QUA
0353 2.31
1016 0.48
1604 2.51
2251 0.15
11
TER
0429 2.31
1055 0.47
1638 2.52
2317 0.16
27
QUI
0425 2.49
1102 0.33
1642 2.66
2329 0.07
12
QUA
0502 2.40
1131 0.42
1716 2.56
2355 0.17
28
SEX
0501 2.63
1149 0.23
1721 2.74
13
QUI
0531 2.46
1202 0.39
1746 2.56
14
SEX
0019 0.21
0559 2.49
1234 0.39
1817 2.52
15
SÁB
0047 0.26
0625 2.49
1302 0.41
1849 2.45
16
DOM
0108 0.33
0657 2.45
1332 0.46
1921 2.35
Março
HORA ALT(m) HORA ALT(m)
01
SÁB
0004 0.05
0531 2.71
1229 0.18
1801 2.74
17
SEG
0034 0.37
0617 2.54
1301 0.38
1849 2.38
02
DOM
0047 0.11
0610 2.71
1310 0.18
1846 2.66
18
TER
0059 0.45
0651 2.46
1329 0.46
1917 2.26
03
SEG
0121 0.23
0653 2.63
1357 0.24
1934 2.50
19
QUA
0121 0.55
0721 2.34
1401 0.54
1959 2.12
04
TER
0201 0.39
0740 2.48
1447 0.35
2029 2.28
20
QUI
0151 0.67
0802 2.19
1442 0.65
2042 1.95
05
QUA
0246 0.60
0842 2.29
1544 0.49
2132 2.05
21
SEX
0223 0.81
0853 2.02
1532 0.76
2131 1.78
06
QUI
0342 0.81
1001 2.11
1651 0.61
2249 1.86
22
SÁB
0310 0.96
0959 1.88
1651 0.83
2251 1.67
07
SEX
0504 0.96
1121 2.02
1812 0.66
23
DOM
0519 1.07
1134 1.83
1836 0.78
08
SÁB
0016 1.79
0653 0.95
1244 2.02
1946 0.58
24
SEG
0049 1.73
0704 0.95
1301 1.93
1951 0.63
09
DOM
0147 1.87
0808 0.81
1357 2.12
2051 0.45
25
TER
0155 1.92
0806 0.76
1404 2.12
2049 0.45
10
SEG
0249 2.03
0906 0.65
1457 2.26
2140 0.34
26
QUA
0242 2.15
0902 0.55
1455 2.33
2138 0.29
11
TER
0332 2.20
0955 0.50
1544 2.39
2216 0.26
27
QUI
0319 2.38
0957 0.36
1540 2.53
2219 0.17
12
QUA
0406 2.33
1032 0.39
1621 2.47
2253 0.23
28
SEX
0357 2.58
1046 0.20
1623 2.67
2304 0.11
13
QUI
0436 2.44
1104 0.32
1653 2.52
2319 0.23
29
SÁB
0431 2.72
1131 0.10
1704 2.75
2349 0.11
14
SEX
0501 2.52
1138 0.30
1719 2.54
2347 0.26
30
DOM
0508 2.80
1214 0.05
1746 2.74
15
SÁB
0523 2.57
1204 0.30
1749 2.52
31
SEG
0027 0.19
0549 2.78
1259 0.07
1831 2.64
16
DOM
0008 0.31
0551 2.58
1232 0.33
1816 2.47
Abril
HORA ALT(m) HORA ALT(m)
01
TER
0102 0.32
0631 2.67
1346 0.17
1917 2.46
17
QUI
0053 0.63
0649 2.34
1340 0.51
1927 2.12
02
QUA
0146 0.49
0721 2.49
1429 0.31
2012 2.24
18
SEX
0121 0.74
0729 2.20
1419 0.59
2012 1.98
03
QUI
0229 0.69
0827 2.28
1519 0.47
2112 2.02
19
SÁB
0159 0.85
0823 2.04
1512 0.68
2108 1.85
04
SEX
0323 0.87
0946 2.09
1623 0.61
2229 1.85
20
DOM
0259 0.97
0940 1.92
1623 0.73
2225 1.78
05
SÁB
0453 0.99
1106 1.99
1751 0.68
21
SEG
0502 1.00
1104 1.89
1747 0.71
2359 1.83
06
DOM
0008 1.81
0642 0.93
1229 2.00
1917 0.62
22
TER
0629 0.86
1217 1.97
1902 0.61
07
SEG
0129 1.91
0753 0.76
1340 2.08
2016 0.51
23
QUA
0108 2.00
0736 0.67
1325 2.12
2006 0.48
08
TER
0219 2.06
0842 0.59
1434 2.20
2102 0.42
24
QUI
0202 2.21
0836 0.47
1425 2.30
2102 0.35
09
QUA
0301 2.21
0921 0.45
1516 2.30
2142 0.36
25
SEX
0247 2.43
0932 0.29
1517 2.48
2157 0.27
10
QUI
0332 2.34
1001 0.35
1551 2.37
2212 0.34
26
SÁB
0327 2.62
1025 0.14
1602 2.60
2246 0.23
11
SEX
0401 2.45
1034 0.30
1619 2.42
2244 0.35
27
DOM
0408 2.75
1112 0.05
1647 2.66
2325 0.26
12
SÁB
0423 2.53
1104 0.28
1649 2.45
2308 0.37
28
SEG
0447 2.80
1201 0.01
1731 2.64
13
DOM
0451 2.57
1136 0.29
1716 2.45
2334 0.42
29
TER
0006 0.32
0529 2.76
1247 0.05
1816 2.55
14
SEG
0514 2.58
1202 0.32
1747 2.42
30
QUA
0051 0.44
0616 2.65
1329 0.15
1904 2.40
15
TER
0001 0.47
0546 2.54
1234 0.37
1816 2.35
16
QUA
0025 0.55
0612 2.46
1302 0.43
1853 2.25
DG6-62 Original
69
PORTO DE MACAU (ESTADO DO RIO GRANDE DO NORTE) - 2025
Latitude 05° 06' S Longitude 36° 40'.4 W Fuso UTC -03.0 horas
DHN 37 Componentes Nível Médio 1.38 m Carta 702
Maio
HORA ALT(m) HORA ALT(m)
01
QUI
0129 0.59
0708 2.48
1410 0.28
1957 2.22
17
SÁB
0117 0.79
0714 2.21
1410 0.51
2001 2.05
02
SEX
0212 0.74
0814 2.28
1502 0.44
2059 2.04
18
DOM
0208 0.86
0816 2.10
1502 0.56
2057 1.97
03
SÁB
0310 0.87
0931 2.11
1601 0.58
2214 1.91
19
SEG
0319 0.89
0925 2.02
1601 0.60
2201 1.94
04
DOM
0440 0.93
1053 2.02
1716 0.66
2340 1.90
20
TER
0442 0.86
1034 2.00
1704 0.62
2312 1.97
05
SEG
0608 0.85
1202 2.00
1832 0.64
21
QUA
0555 0.74
1142 2.02
1817 0.60
06
TER
0047 1.97
0708 0.71
1302 2.03
1929 0.59
22
QUI
0023 2.08
0702 0.59
1251 2.10
1932 0.54
07
QUA
0136 2.08
0801 0.57
1355 2.09
2014 0.53
23
SEX
0123 2.25
0806 0.42
1357 2.22
2036 0.47
08
QUI
0214 2.20
0846 0.46
1436 2.15
2057 0.50
24
SÁB
0216 2.43
0908 0.27
1455 2.36
2131 0.42
09
SEX
0249 2.30
0923 0.39
1512 2.21
2131 0.49
25
DOM
0304 2.58
1004 0.14
1547 2.47
2217 0.40
10
SÁB
0317 2.40
1001 0.34
1547 2.27
2202 0.49
26
SEG
0349 2.69
1059 0.06
1632 2.52
2304 0.41
11
DOM
0349 2.47
1036 0.33
1616 2.31
2232 0.52
27
TER
0431 2.73
1149 0.04
1717 2.52
2353 0.45
12
SEG
0414 2.51
1108 0.34
1651 2.33
2302 0.56
28
QUA
0516 2.70
1232 0.08
1802 2.46
13
TER
0446 2.52
1144 0.36
1719 2.32
2334 0.61
29
QUI
0036 0.53
0604 2.61
1312 0.15
1849 2.35
14
QUA
0514 2.49
1216 0.39
1755 2.28
30
SEX
0116 0.62
0659 2.47
1359 0.26
1940 2.23
15
QUI
0002 0.67
0547 2.42
1253 0.42
1829 2.22
31
SÁB
0202 0.71
0801 2.31
1444 0.40
2040 2.11
16
SEX
0038 0.73
0625 2.33
1331 0.46
1910 2.14
Junho
HORA ALT(m) HORA ALT(m)
01
DOM
0259 0.78
0912 2.17
1531 0.52
2147 2.03
17
TER
0306 0.73
0902 2.17
1531 0.50
2127 2.10
02
SEG
0408 0.81
1016 2.07
1629 0.62
2255 2.01
18
QUA
0408 0.70
1002 2.10
1625 0.57
2231 2.09
03
TER
0519 0.78
1114 2.01
1732 0.67
2353 2.03
19
QUI
0519 0.65
1106 2.05
1736 0.63
2346 2.13
04
QUA
0619 0.70
1208 1.97
1831 0.68
20
SEX
0636 0.55
1221 2.04
1857 0.64
05
QUI
0040 2.07
0712 0.61
1302 1.96
1919 0.67
21
SÁB
0057 2.23
0747 0.43
1336 2.10
2006 0.61
06
SEX
0119 2.14
0801 0.53
1351 1.98
2004 0.65
22
DOM
0157 2.37
0853 0.31
1440 2.21
2106 0.57
07
SÁB
0202 2.22
0847 0.48
1432 2.03
2047 0.65
23
SEG
0247 2.50
0953 0.20
1532 2.31
2202 0.53
08
DOM
0240 2.29
0929 0.44
1512 2.10
2125 0.65
24
TER
0334 2.59
1049 0.12
1619 2.38
2255 0.52
09
SEG
0312 2.36
1010 0.42
1553 2.16
2204 0.67
25
QUA
0421 2.64
1136 0.09
1704 2.42
2344 0.52
10
TER
0349 2.40
1051 0.39
1629 2.21
2244 0.68
26
QUI
0508 2.64
1216 0.10
1749 2.41
11
QUA
0423 2.42
1129 0.38
1704 2.24
2321 0.70
27
SEX
0025 0.54
0557 2.58
1301 0.15
1832 2.37
12
QUI
0459 2.42
1204 0.36
1742 2.25
2359 0.71
28
SÁB
0106 0.56
0647 2.49
1338 0.24
1921 2.30
13
SEX
0536 2.40
1246 0.36
1817 2.24
29
DOM
0151 0.60
0744 2.37
1412 0.35
2010 2.23
14
SÁB
0042 0.72
0619 2.36
1319 0.36
1859 2.22
30
SEG
0236 0.65
0840 2.25
1453 0.46
2101 2.16
15
DOM
0125 0.73
0710 2.30
1401 0.38
1944 2.18
16
SEG
0210 0.73
0804 2.23
1446 0.43
2032 2.14
Julho
HORA ALT(m) HORA ALT(m)
01
TER
0325 0.69
0932 2.13
1534 0.58
2155 2.11
17
QUI
0349 0.58
0934 2.14
1555 0.60
2159 2.16
02
QUA
0419 0.71
1019 2.01
1619 0.68
2247 2.07
18
SEX
0459 0.59
1044 2.01
1704 0.72
2319 2.12
03
QUI
0517 0.72
1108 1.91
1716 0.76
2338 2.05
19
SÁB
0610 0.56
1202 1.94
1838 0.77
04
SEX
0617 0.70
1202 1.85
1816 0.80
20
DOM
0036 2.17
0727 0.49
1321 1.97
1953 0.74
05
SÁB
0025 2.06
0716 0.66
1259 1.83
1914 0.81
21
SEG
0140 2.27
0840 0.38
1427 2.07
2057 0.68
06
DOM
0114 2.09
0812 0.61
1357 1.87
2008 0.80
22
TER
0234 2.39
0944 0.26
1523 2.20
2155 0.60
07
SEG
0204 2.15
0902 0.55
1451 1.95
2101 0.78
23
QUA
0327 2.50
1038 0.17
1612 2.31
2247 0.52
08
TER
0251 2.22
0953 0.48
1536 2.05
2149 0.75
24
QUI
0417 2.57
1119 0.11
1657 2.39
2332 0.47
09
QUA
0334 2.30
1034 0.41
1616 2.16
2232 0.72
25
SEX
0506 2.60
1202 0.10
1736 2.43
10
QUI
0416 2.37
1110 0.34
1655 2.24
2312 0.68
26
SÁB
0010 0.44
0549 2.59
1240 0.15
1814 2.44
11
SEX
0453 2.42
1153 0.29
1727 2.31
2355 0.63
27
DOM
0051 0.44
0634 2.53
1306 0.22
1849 2.42
12
SÁB
0532 2.46
1225 0.26
1801 2.36
28
SEG
0125 0.47
0716 2.44
1340 0.32
1927 2.37
13
DOM
0036 0.59
0612 2.47
1302 0.24
1838 2.37
29
TER
0201 0.51
0755 2.32
1406 0.42
2006 2.29
14
SEG
0114 0.56
0657 2.44
1342 0.28
1916 2.36
30
QUA
0238 0.57
0836 2.18
1440 0.54
2047 2.21
15
TER
0159 0.55
0746 2.38
1417 0.35
2002 2.32
31
QUI
0317 0.65
0917 2.04
1512 0.66
2132 2.11
16
QUA
0251 0.56
0838 2.27
1502 0.46
2055 2.24
Agosto
HORA ALT(m) HORA ALT(m)
01
SEX
0404 0.72
1001 1.90
1555 0.79
2221 2.03
17
DOM
0555 0.60
1151 1.85
1817 0.89
02
SÁB
0506 0.78
1053 1.78
1649 0.90
2321 1.97
18
SEG
0017 2.09
0714 0.55
1312 1.89
1944 0.82
03
DOM
0627 0.79
1202 1.72
1819 0.96
19
TER
0127 2.18
0832 0.43
1423 2.02
2053 0.69
04
SEG
0029 1.96
0744 0.72
1327 1.75
1946 0.92
20
QUA
0231 2.31
0934 0.29
1519 2.18
2149 0.55
05
TER
0138 2.01
0840 0.62
1431 1.87
2044 0.85
21
QUI
0329 2.44
1019 0.18
1604 2.33
2236 0.43
06
QUA
0236 2.12
0925 0.51
1516 2.03
2131 0.75
22
SEX
0417 2.55
1102 0.13
1644 2.44
2312 0.35
07
QUI
0323 2.26
1006 0.39
1559 2.19
2212 0.65
23
SÁB
0457 2.60
1138 0.13
1716 2.51
2353 0.31
08
SEX
0404 2.39
1051 0.28
1632 2.32
2259 0.55
24
DOM
0534 2.60
1204 0.17
1744 2.54
09
SÁB
0442 2.50
1125 0.21
1702 2.44
2340 0.47
25
SEG
0021 0.32
0606 2.56
1234 0.24
1812 2.53
10
DOM
0517 2.57
1202 0.16
1734 2.51
26
TER
0053 0.34
0638 2.48
1259 0.32
1842 2.49
11
SEG
0016 0.41
0555 2.60
1242 0.18
1808 2.55
27
QUA
0121 0.40
0710 2.38
1323 0.42
1914 2.42
12
TER
0059 0.37
0636 2.57
1314 0.24
1847 2.53
28
QUI
0155 0.48
0746 2.24
1353 0.53
1953 2.30
13
QUA
0144 0.38
0719 2.48
1355 0.35
1929 2.44
29
SEX
0225 0.58
0819 2.09
1417 0.66
2031 2.17
14
QUI
0232 0.44
0810 2.32
1438 0.51
2021 2.31
30
SÁB
0304 0.69
0904 1.93
1455 0.80
2117 2.03
15
SEX
0331 0.51
0910 2.12
1529 0.69
2134 2.16
31
DOM
0359 0.79
0957 1.78
1542 0.95
2219 1.90
16
SÁB
0438 0.58
1023 1.94
1647 0.84
2302 2.07
DG6-62 Original
70
PORTO DE MACAU (ESTADO DO RIO GRANDE DO NORTE) - 2025
Latitude 05° 06' S Longitude 36° 40'.4 W Fuso UTC -03.0 horas
DHN 37 Componentes Nível Médio 1.38 m Carta 702
Setembro
HORA ALT(m) HORA ALT(m)
01
SEG
0516 0.86
1110 1.67
1716 1.05
2344 1.85
17
QUA
0125 2.13
0821 0.44
1419 2.05
2046 0.61
02
TER
0702 0.80
1259 1.70
1917 0.98
18
QUI
0231 2.28
0912 0.31
1506 2.23
2131 0.45
03
QUA
0112 1.92
0804 0.66
1404 1.86
2014 0.84
19
SEX
0321 2.42
0957 0.22
1546 2.38
2210 0.32
04
QUI
0212 2.07
0855 0.51
1453 2.06
2104 0.68
20
SÁB
0401 2.51
1032 0.19
1616 2.49
2249 0.25
05
SEX
0301 2.25
0938 0.37
1529 2.25
2151 0.53
21
DOM
0436 2.56
1102 0.20
1644 2.57
2319 0.23
06
SÁB
0342 2.42
1016 0.25
1602 2.43
2234 0.40
22
SEG
0504 2.57
1131 0.25
1708 2.61
2351 0.24
07
DOM
0419 2.57
1101 0.17
1632 2.57
2316 0.29
23
TER
0532 2.54
1155 0.30
1732 2.61
08
SEG
0455 2.66
1142 0.15
1704 2.67
24
QUA
0016 0.28
0602 2.48
1217 0.38
1802 2.57
09
TER
0001 0.23
0532 2.68
1216 0.19
1740 2.69
25
QUI
0047 0.35
0631 2.39
1244 0.47
1831 2.48
10
QUA
0046 0.22
0614 2.63
1257 0.27
1817 2.64
26
SEX
0114 0.43
0704 2.27
1306 0.57
1904 2.36
11
QUI
0131 0.26
0701 2.50
1336 0.42
1904 2.51
27
SÁB
0149 0.53
0742 2.12
1336 0.69
1947 2.20
12
SEX
0217 0.35
0755 2.30
1417 0.60
2001 2.32
28
DOM
0221 0.65
0819 1.96
1406 0.83
2032 2.03
13
SÁB
0310 0.46
0859 2.08
1512 0.79
2121 2.13
29
SEG
0308 0.76
0910 1.80
1451 0.98
2138 1.88
14
DOM
0414 0.58
1008 1.89
1634 0.94
2251 2.03
30
TER
0423 0.84
1025 1.69
1644 1.09
2312 1.81
15
SEG
0534 0.64
1138 1.81
1812 0.94
16
TER
0008 2.04
0708 0.58
1314 1.88
1944 0.80
Outubro
HORA ALT(m) HORA ALT(m)
01
QUA
0610 0.81
1221 1.72
1846 0.98
17
SEX
0210 2.24
0842 0.39
1438 2.27
2102 0.38
02
QUI
0036 1.89
0719 0.68
1325 1.89
1946 0.79
18
SÁB
0257 2.34
0917 0.33
1512 2.40
2142 0.28
03
SEX
0140 2.04
0812 0.52
1412 2.10
2034 0.60
19
DOM
0332 2.41
0955 0.31
1542 2.49
2214 0.23
04
SÁB
0231 2.24
0902 0.38
1455 2.32
2121 0.42
20
SEG
0404 2.45
1023 0.33
1606 2.57
2249 0.22
05
DOM
0314 2.42
0951 0.27
1529 2.51
2210 0.27
21
TER
0432 2.46
1053 0.36
1632 2.61
2317 0.24
06
SEG
0355 2.57
1036 0.21
1604 2.66
2301 0.16
22
QUA
0501 2.45
1116 0.42
1701 2.61
2349 0.28
07
TER
0434 2.66
1116 0.21
1638 2.75
2349 0.11
23
QUI
0527 2.42
1144 0.48
1725 2.57
08
QUA
0516 2.68
1159 0.25
1716 2.77
24
SEX
0016 0.35
0601 2.35
1206 0.56
1759 2.49
09
QUI
0036 0.11
0559 2.61
1242 0.36
1801 2.69
25
SÁB
0049 0.42
0632 2.26
1236 0.65
1831 2.37
10
SEX
0117 0.17
0647 2.47
1319 0.51
1849 2.53
26
DOM
0119 0.51
0708 2.14
1302 0.75
1908 2.21
11
SÁB
0204 0.28
0742 2.28
1404 0.68
1951 2.32
27
SEG
0201 0.59
0755 2.00
1338 0.86
2002 2.05
12
DOM
0259 0.42
0846 2.07
1501 0.84
2108 2.13
28
TER
0251 0.68
0849 1.87
1432 0.98
2112 1.92
13
SEG
0359 0.56
0959 1.90
1619 0.96
2238 2.02
29
QUA
0357 0.75
1001 1.79
1631 1.02
2236 1.86
14
TER
0514 0.64
1132 1.85
1810 0.91
30
QUI
0510 0.75
1125 1.81
1801 0.91
2351 1.90
15
QUA
0002 2.03
0649 0.59
1301 1.96
1925 0.73
31
SEX
0627 0.67
1238 1.94
1904 0.73
16
QUI
0114 2.12
0755 0.48
1357 2.11
2016 0.53
Novembro
HORA ALT(m) HORA ALT(m)
01
SÁB
0057 2.02
0732 0.56
1332 2.13
2001 0.54
17
SEG
0259 2.22
0912 0.48
1504 2.42
2146 0.30
02
DOM
0155 2.18
0829 0.45
1417 2.34
2059 0.36
18
TER
0331 2.26
0947 0.49
1532 2.48
2219 0.29
03
SEG
0247 2.35
0921 0.37
1501 2.53
2155 0.21
19
QUA
0402 2.30
1017 0.51
1602 2.53
2255 0.30
04
TER
0336 2.50
1010 0.31
1540 2.68
2249 0.10
20
QUI
0432 2.32
1047 0.55
1629 2.54
2327 0.33
05
QUA
0421 2.59
1059 0.31
1619 2.77
2338 0.05
21
SEX
0504 2.32
1116 0.60
1701 2.51
06
QUI
0504 2.61
1146 0.36
1702 2.77
22
SÁB
0001 0.36
0538 2.29
1147 0.66
1732 2.45
07
SEX
0019 0.05
0549 2.56
1225 0.45
1749 2.69
23
DOM
0036 0.41
0612 2.24
1219 0.72
1808 2.36
08
SÁB
0104 0.11
0636 2.44
1306 0.56
1840 2.54
24
SEG
0108 0.45
0653 2.17
1253 0.78
1853 2.25
09
DOM
0153 0.22
0727 2.28
1357 0.69
1942 2.35
25
TER
0151 0.50
0736 2.09
1342 0.84
1949 2.13
10
SEG
0242 0.37
0825 2.11
1451 0.81
2059 2.18
26
QUA
0236 0.56
0825 2.01
1446 0.88
2055 2.03
11
TER
0334 0.51
0942 1.98
1608 0.88
2219 2.07
27
QUI
0323 0.61
0923 1.95
1559 0.88
2201 1.97
12
QUA
0446 0.61
1112 1.95
1744 0.82
2336 2.05
28
SEX
0421 0.65
1029 1.95
1710 0.81
2302 1.96
13
QUI
0604 0.62
1219 2.02
1849 0.68
29
SÁB
0529 0.67
1142 2.00
1823 0.68
14
SEX
0040 2.07
0704 0.57
1312 2.13
1940 0.53
30
DOM
0010 1.99
0647 0.64
1251 2.14
1934 0.53
15
SÁB
0131 2.12
0757 0.52
1357 2.23
2023 0.42
16
DOM
0217 2.17
0838 0.49
1431 2.33
2104 0.33
Dezembro
HORA ALT(m) HORA ALT(m)
01
SEG
0123 2.08
0759 0.57
1349 2.31
2040 0.37
17
QUA
0302 2.06
0916 0.66
1504 2.34
2201 0.39
02
TER
0231 2.23
0859 0.50
1438 2.48
2140 0.22
18
QUI
0342 2.13
0955 0.66
1540 2.39
2240 0.37
03
QUA
0323 2.37
0955 0.45
1523 2.63
2234 0.10
19
SEX
0417 2.19
1032 0.67
1614 2.43
2314 0.35
04
QUI
0408 2.47
1046 0.43
1608 2.72
2321 0.04
20
SÁB
0455 2.25
1108 0.68
1651 2.44
2353 0.34
05
SEX
0455 2.52
1131 0.44
1655 2.74
21
DOM
0529 2.28
1147 0.68
1727 2.43
06
SÁB
0006 0.02
0538 2.50
1212 0.48
1740 2.68
22
SEG
0023 0.34
0602 2.29
1223 0.69
1806 2.39
07
DOM
0055 0.07
0623 2.44
1259 0.54
1832 2.57
23
TER
0101 0.34
0640 2.27
1301 0.69
1849 2.34
08
SEG
0138 0.17
0712 2.33
1347 0.62
1932 2.42
24
QUA
0136 0.37
0716 2.24
1346 0.70
1938 2.28
09
TER
0217 0.30
0808 2.21
1440 0.69
2044 2.27
25
QUI
0210 0.41
0801 2.20
1432 0.71
2027 2.19
10
QUA
0306 0.43
0917 2.11
1544 0.74
2153 2.15
26
SEX
0257 0.48
0851 2.14
1527 0.72
2119 2.10
11
QUI
0401 0.56
1025 2.06
1653 0.74
2255 2.06
27
SÁB
0344 0.58
0946 2.09
1634 0.71
2219 2.00
12
SEX
0502 0.65
1125 2.06
1757 0.68
2351 2.00
28
DOM
0442 0.68
1053 2.06
1751 0.66
2332 1.93
13
SÁB
0604 0.69
1216 2.09
1853 0.60
29
SEG
0606 0.74
1214 2.11
1908 0.55
14
DOM
0044 1.96
0701 0.69
1304 2.14
1944 0.53
30
TER
0101 1.96
0736 0.72
1325 2.23
2021 0.42
15
SEG
0131 1.96
0751 0.68
1349 2.20
2031 0.47
31
QUA
0214 2.08
0844 0.65
1421 2.39
2125 0.27
16
TER
0217 2.00
0834 0.67
1425 2.27
2117 0.43
DG6-62 Original
