173
PORTO DO RIO GRANDE (ESTADO DO RIO GRANDE DO SUL) - 2025
Latitude 32° 08'.3 S Longitude 52° 06'.2 W Fuso UTC -03.0 horas
CHM 44 Componentes Nível Médio 0.22 m Carta 2101
Janeiro
HORA ALT(m) HORA ALT(m)
01
QUA
0331 0.33
0538 0.29
0853 0.43
1308 0.18
1516 0.26
1906 0.01
17
SEX
0012 0.10
0504 0.28
0712 0.21
1059 0.44
1453 0.31
1610 0.33
2008 0.00
02
QUI
0408 0.32
0602 0.29
0925 0.45
1357 0.19
1559 0.26
1929 0.01
2255 0.06
18
SÁB
0023 0.12
0240 0.10
0553 0.24
0753 0.19
1153 0.40
1653 0.32
2042 0.05
2355 0.17
03
SEX
0457 0.30
0636 0.27
1008 0.48
1438 0.20
1638 0.27
2002 0.02
2227 0.10
19
DOM
0336 0.11
0621 0.20
0817 0.17
1242 0.36
1612 0.29
1727 0.30
2104 0.10
04
SÁB
0116 0.06
0531 0.28
0710 0.24
1102 0.49
1514 0.21
1712 0.27
2036 0.04
2312 0.15
20
SEG
0010 0.22
0421 0.12
0704 0.18
0859 0.16
1319 0.32
1804 0.26
2125 0.15
05
DOM
0244 0.05
0612 0.24
0801 0.21
1159 0.49
1604 0.21
1802 0.28
2112 0.07
21
TER
0042 0.28
0510 0.13
0753 0.18
0942 0.15
1347 0.29
1742 0.22
1908 0.23
2155 0.18
06
SEG
0004 0.21
0351 0.03
0704 0.20
0857 0.16
1257 0.48
1659 0.21
1859 0.27
2201 0.11
22
QUA
0116 0.32
0602 0.14
0836 0.18
1023 0.16
1414 0.25
1804 0.19
2201 0.21
07
TER
0101 0.27
0457 0.04
0759 0.17
0953 0.12
1357 0.46
1753 0.20
2002 0.27
2249 0.17
23
QUI
0201 0.34
0657 0.15
0927 0.19
1121 0.17
1434 0.21
1832 0.15
08
QUA
0155 0.33
0604 0.04
0853 0.13
1055 0.08
1457 0.41
1844 0.17
2125 0.27
2340 0.23
24
SEX
0246 0.35
0749 0.15
1029 0.20
1306 0.17
1859 0.13
09
QUI
0255 0.38
0719 0.05
0949 0.12
1201 0.06
1557 0.36
1929 0.14
2301 0.30
25
SÁB
0347 0.36
0840 0.16
1131 0.21
1910 0.10
10
SEX
0042 0.28
0401 0.43
0832 0.07
1046 0.12
1312 0.04
1659 0.29
2012 0.10
26
DOM
0501 0.36
0929 0.16
1221 0.23
1923 0.07
11
SÁB
0012 0.35
0201 0.32
0506 0.47
0938 0.09
1146 0.14
1444 0.02
1759 0.22
2059 0.07
27
SEG
0202 0.35
0334 0.34
0601 0.38
1017 0.17
1304 0.24
1947 0.04
12
DOM
0112 0.38
0312 0.33
0610 0.50
1034 0.12
1240 0.17
1601 -0.02
1859 0.15
2140 0.06
28
TER
0221 0.36
0406 0.34
0649 0.40
1106 0.18
1349 0.26
2021 0.01
13
SEG
0204 0.40
0412 0.32
0710 0.52
1125 0.17
1327 0.22
1704 -0.06
1959 0.10
2216 0.05
29
QUA
0255 0.36
0447 0.33
0729 0.42
1157 0.19
1417 0.28
2108 0.00
14
TER
0257 0.39
0504 0.29
0806 0.52
1216 0.22
1412 0.27
1802 -0.09
2102 0.07
2240 0.06
30
QUI
0314 0.34
0508 0.30
0814 0.44
1242 0.21
1501 0.30
2002 0.05
2206 0.01
15
QUA
0344 0.36
0559 0.26
0904 0.51
1306 0.26
1459 0.31
1853 -0.08
31
SEX
0355 0.32
0553 0.26
0906 0.46
1319 0.23
1538 0.31
1904 0.03
2104 0.09
2321 0.04
16
QUI
0421 0.32
0640 0.24
1002 0.48
1401 0.29
1542 0.33
1934 -0.05
Fevereiro
HORA ALT(m) HORA ALT(m)
01
SÁB
0417 0.28
0627 0.20
1002 0.48
1404 0.24
1610 0.33
1936 0.04
2204 0.15
17
SEG
0304 0.15
0531 0.21
0804 0.12
1255 0.31
1525 0.28
1704 0.30
2021 0.14
2336 0.27
02
DOM
0142 0.06
0502 0.24
0710 0.14
1101 0.48
1459 0.25
1701 0.33
2008 0.05
2304 0.22
18
TER
0359 0.14
0604 0.19
0840 0.12
1308 0.28
1602 0.24
1757 0.26
2049 0.17
03
SEG
0259 0.06
0546 0.19
0801 0.08
1201 0.48
1553 0.24
1751 0.31
2055 0.08
19
QUA
0012 0.32
0447 0.14
0651 0.18
0908 0.12
1323 0.26
1646 0.21
1851 0.23
2102 0.19
04
TER
0002 0.31
0404 0.05
0619 0.14
0853 0.03
1259 0.46
1646 0.22
1847 0.28
2131 0.13
20
QUI
0053 0.36
0527 0.14
0731 0.17
0955 0.13
1336 0.23
1710 0.17
2102 0.21
05
QUA
0059 0.39
0510 0.06
0706 0.11
0947 0.00
1355 0.43
1738 0.19
1957 0.26
2210 0.18
21
SEX
0127 0.38
0616 0.13
0825 0.17
1029 0.15
1349 0.21
1751 0.14
06
QUI
0153 0.45
0619 0.06
0802 0.09
1046 -0.01
1449 0.38
1825 0.14
2123 0.26
2257 0.24
22
SÁB
0204 0.40
0706 0.13
0951 0.17
1108 0.16
1347 0.18
1812 0.10
07
SEX
0253 0.49
0725 0.08
0902 0.10
1151 0.00
1546 0.31
1910 0.09
23
DOM
0232 0.41
0759 0.13
1121 0.19
1846 0.06
08
SÁB
0355 0.50
0823 0.10
1004 0.13
1308 0.02
1644 0.23
1957 0.05
24
SEG
0308 0.41
0846 0.14
1206 0.22
1910 0.02
09
DOM
0144 0.34
0501 0.50
0917 0.14
1108 0.18
1447 0.01
1740 0.15
2034 0.03
25
TER
0425 0.41
0929 0.15
1244 0.25
1953 -0.02
10
SEG
0110 0.38
0306 0.33
0602 0.49
1010 0.20
1210 0.24
1602 -0.02
1836 0.09
2106 0.03
26
QUA
0546 0.41
1016 0.18
1314 0.28
2036 -0.03
11
TER
0157 0.39
0408 0.29
0704 0.48
1102 0.25
1304 0.29
1702 -0.05
1931 0.06
2117 0.03
27
QUI
0402 0.34
0651 0.42
1104 0.20
1357 0.31
2123 -0.03
12
QUA
0236 0.37
0502 0.24
0804 0.45
1157 0.29
1357 0.34
1759 -0.05
28
SEX
0257 0.32
0453 0.27
0753 0.43
1159 0.23
1434 0.34
1802 0.08
1940 0.11
2229 0.01
13
QUI
0310 0.34
0553 0.20
0906 0.42
1247 0.32
1442 0.36
1842 -0.02
14
SEX
0357 0.31
0627 0.17
1019 0.39
1325 0.33
1514 0.37
1914 0.02
15
SÁB
0425 0.26
0702 0.14
1142 0.36
1406 0.33
1557 0.35
1947 0.07
16
DOM
0042 0.15
0208 0.14
0501 0.23
0738 0.13
1236 0.33
1459 0.31
1634 0.33
2004 0.11
Março
HORA ALT(m) HORA ALT(m)
01
SÁB
0314 0.28
0529 0.19
0853 0.44
1253 0.25
1508 0.36
1825 0.08
2047 0.17
17
SEG
0157 0.17
0414 0.24
0717 0.08
1402 0.29
1610 0.32
1925 0.16
2229 0.26
02
DOM
0034 0.04
0357 0.23
0610 0.09
0955 0.45
1347 0.26
1559 0.37
1904 0.08
2151 0.25
18
TER
0246 0.17
0453 0.23
0755 0.08
1308 0.27
1449 0.26
1655 0.29
1951 0.17
2310 0.31
03
SEG
0159 0.05
0427 0.18
0701 0.01
1057 0.46
1440 0.26
1649 0.35
1946 0.09
2253 0.35
19
QUA
0321 0.16
0519 0.21
0816 0.08
1316 0.25
1510 0.23
1736 0.27
2004 0.19
2349 0.35
04
TER
0304 0.05
0504 0.13
0751 -0.06
1155 0.45
1527 0.23
1738 0.32
2019 0.12
2351 0.44
20
QUI
0408 0.15
0602 0.19
0855 0.09
1325 0.23
1557 0.19
1816 0.25
2019 0.21
05
QUA
0408 0.05
0555 0.10
0842 -0.09
1251 0.43
1617 0.19
1840 0.28
2102 0.16
21
SEX
0023 0.39
0501 0.14
0651 0.17
0917 0.10
1321 0.21
1623 0.16
1919 0.23
06
QUI
0047 0.51
0514 0.06
0640 0.08
0932 -0.09
1344 0.39
1712 0.14
1957 0.25
2144 0.21
22
SÁB
0053 0.41
0549 0.12
0740 0.15
0953 0.12
1306 0.19
1659 0.11
07
SEX
0144 0.55
0619 0.08
0723 0.09
1031 -0.07
1434 0.32
1804 0.09
23
DOM
0119 0.44
0629 0.11
0849 0.15
1006 0.14
1304 0.18
1731 0.07
08
SÁB
0242 0.56
0717 0.11
0825 0.12
1144 -0.02
1525 0.25
1855 0.05
24
SEG
0149 0.46
0712 0.11
1302 0.19
1804 0.02
09
DOM
0346 0.53
0810 0.15
0940 0.17
1308 0.01
1619 0.18
1936 0.03
25
TER
0227 0.46
0801 0.12
1142 0.22
1851 -0.03
10
SEG
0012 0.34
0138 0.33
0453 0.50
0901 0.21
1049 0.23
1446 0.02
1716 0.12
2012 0.03
26
QUA
0331 0.45
0842 0.15
1206 0.26
1938 -0.05
11
TER
0055 0.35
0301 0.28
0559 0.45
0949 0.26
1151 0.30
1559 0.00
1814 0.08
2040 0.04
27
QUI
0459 0.43
0923 0.18
1247 0.31
2031 -0.05
12
QUA
0127 0.35
0402 0.22
0702 0.40
1034 0.30
1247 0.34
1657 0.00
1914 0.07
2042 0.06
28
SEX
0206 0.32
0319 0.31
0612 0.41
1012 0.21
1321 0.35
1801 0.16
2138 -0.02
13
QUI
0204 0.34
0457 0.17
0817 0.36
1116 0.33
1336 0.37
1740 0.02
29
SÁB
0216 0.27
0416 0.21
0723 0.40
1112 0.24
1406 0.38
1714 0.14
1914 0.21
2321 0.01
14
SEX
0247 0.32
0540 0.13
1202 0.34
1416 0.38
1814 0.05
30
DOM
0253 0.22
0506 0.09
0834 0.40
1214 0.26
1457 0.39
1759 0.14
2023 0.30
15
SÁB
0314 0.29
0612 0.10
1257 0.33
1501 0.37
1851 0.09
31
SEG
0051 0.03
0319 0.17
0601 -0.01
0942 0.41
1312 0.25
1547 0.38
1834 0.14
2129 0.39
16
DOM
0057 0.17
0353 0.27
0655 0.08
1542 0.35
1906 0.13
2201 0.21
Abril
HORA ALT(m) HORA ALT(m)
01
TER
0201 0.04
0402 0.14
0649 -0.10
1044 0.41
1408 0.22
1636 0.35
1908 0.16
2231 0.48
17
QUI
0259 0.17
0457 0.22
0806 0.05
1323 0.22
1710 0.28
1931 0.23
2321 0.38
02
QUA
0302 0.05
0447 0.11
0736 -0.15
1142 0.40
1504 0.18
1729 0.31
1957 0.18
2331 0.56
18
SEX
0344 0.16
0525 0.19
0836 0.06
1501 0.18
1802 0.27
1949 0.25
2349 0.41
03
QUI
0402 0.07
0517 0.10
0825 -0.16
1232 0.37
1601 0.13
1838 0.27
2036 0.21
19
SÁB
0421 0.14
0604 0.17
0902 0.07
1259 0.16
1540 0.14
1953 0.26
04
SEX
0029 0.60
0602 0.11
0919 -0.13
1321 0.32
1653 0.09
2001 0.25
2108 0.24
20
DOM
0014 0.44
0508 0.12
0659 0.16
0921 0.10
1223 0.16
1606 0.08
05
SÁB
0127 0.60
0657 0.13
1019 -0.08
1412 0.26
1742 0.06
21
SEG
0044 0.47
0559 0.12
0759 0.16
1001 0.13
1240 0.18
1651 0.03
06
DOM
0227 0.57
0757 0.17
1136 -0.02
1504 0.20
1829 0.04
22
TER
0121 0.48
0636 0.12
0908 0.18
1047 0.17
1301 0.19
1736 -0.02
07
SEG
0331 0.52
0902 0.22
1301 0.03
1602 0.15
1916 0.04
2344 0.30
23
QUA
0214 0.48
0714 0.13
1031 0.23
1825 -0.04
08
TER
0110 0.28
0442 0.45
0840 0.25
1016 0.27
1425 0.05
1704 0.13
2004 0.06
24
QUI
0321 0.45
0801 0.15
1123 0.28
1925 -0.05
09
QUA
0016 0.30
0242 0.23
0553 0.39
0914 0.29
1125 0.32
1538 0.06
1806 0.12
2051 0.09
25
SEX
0442 0.42
0844 0.17
1210 0.33
2038 -0.03
10
QUI
0101 0.30
0346 0.17
0712 0.33
0955 0.31
1223 0.36
1627 0.07
1908 0.13
2144 0.12
26
SÁB
0117 0.24
0249 0.23
0559 0.38
0934 0.20
1302 0.37
1602 0.21
1759 0.26
2208 0.00
11
SEX
0136 0.29
0436 0.11
1312 0.37
1708 0.10
2101 0.16
27
DOM
0149 0.20
0355 0.12
0706 0.36
1036 0.21
1355 0.39
1644 0.21
1904 0.34
2338 0.01
12
SÁB
0206 0.29
0517 0.08
1401 0.37
1746 0.13
2016 0.19
2355 0.18
28
SEG
0214 0.16
0451 0.01
0816 0.35
1146 0.21
1446 0.39
1716 0.21
2008 0.44
13
DOM
0246 0.28
0602 0.05
1446 0.36
1806 0.16
2055 0.23
29
TER
0049 0.02
0301 0.14
0544 -0.08
0921 0.34
1249 0.19
1538 0.37
1802 0.21
2110 0.52
14
SEG
0049 0.19
0310 0.27
0640 0.04
1516 0.34
1829 0.18
2125 0.27
30
QUA
0151 0.04
0344 0.12
0632 -0.14
1025 0.33
1349 0.15
1627 0.34
1849 0.22
2210 0.59
15
TER
0127 0.19
0349 0.26
0708 0.04
1559 0.32
1857 0.19
2208 0.31
16
QUA
0206 0.19
0414 0.24
0742 0.04
1638 0.29
1910 0.21
2247 0.35
DG6-62 Original
174
PORTO DO RIO GRANDE (ESTADO DO RIO GRANDE DO SUL) - 2025
Latitude 32° 08'.3 S Longitude 52° 06'.2 W Fuso UTC -03.0 horas
CHM 44 Componentes Nível Médio 0.22 m Carta 2101
Maio
HORA ALT(m) HORA ALT(m)
01
QUI
0247 0.07
0414 0.12
0721 -0.17
1119 0.31
1440 0.11
1725 0.30
1925 0.23
2310 0.63
17
SÁB
0306 0.16
0502 0.21
0825 0.04
1757 0.29
1906 0.28
2314 0.42
02
SEX
0501 0.14
0814 -0.17
1212 0.28
1529 0.08
1836 0.27
2006 0.24
18
DOM
0359 0.16
0546 0.20
0855 0.06
1208 0.12
1438 0.11
2344 0.45
03
SÁB
0010 0.63
0547 0.17
0910 -0.13
1302 0.25
1619 0.05
2057 0.25
19
SEG
0438 0.15
0617 0.19
0916 0.09
1157 0.14
1529 0.05
04
DOM
0110 0.60
1010 -0.07
1355 0.21
1712 0.04
2149 0.25
20
TER
0023 0.47
0514 0.15
0710 0.19
0959 0.12
1219 0.17
1617 0.01
05
SEG
0212 0.54
1114 0.00
1444 0.18
1808 0.05
2210 0.25
21
QUA
0114 0.48
0602 0.15
0816 0.21
1053 0.17
1302 0.20
1710 -0.02
06
TER
0317 0.47
1232 0.07
1538 0.17
1906 0.07
2301 0.24
22
QUI
0212 0.46
0646 0.15
0942 0.25
1202 0.21
1355 0.23
1814 -0.02
07
QUA
0046 0.22
0427 0.40
0812 0.27
0955 0.29
1359 0.11
1640 0.17
2006 0.10
2344 0.24
23
SEX
0317 0.43
0729 0.16
1055 0.30
1319 0.25
1501 0.26
1931 -0.01
08
QUI
0204 0.18
0546 0.33
0851 0.27
1104 0.32
1504 0.14
1740 0.18
2104 0.13
24
SÁB
0429 0.39
0816 0.16
1155 0.34
1423 0.27
1627 0.30
2059 0.01
09
SEX
0016 0.25
0314 0.13
0857 0.27
1206 0.34
1559 0.16
1825 0.21
2202 0.16
25
DOM
0027 0.17
0208 0.14
0544 0.34
0908 0.16
1251 0.37
1514 0.28
1751 0.38
2219 0.02
10
SÁB
0059 0.26
0412 0.09
1301 0.35
1629 0.18
1906 0.24
2257 0.18
26
SEG
0106 0.14
0325 0.06
0653 0.31
1004 0.15
1346 0.39
1604 0.28
1859 0.46
2329 0.03
11
DOM
0134 0.27
0504 0.06
1349 0.35
1702 0.20
1949 0.27
2344 0.19
27
TER
0157 0.13
0431 -0.03
0759 0.28
1106 0.14
1440 0.38
1655 0.28
2001 0.54
12
SEG
0206 0.28
0549 0.04
1423 0.34
1725 0.21
2021 0.31
28
QUA
0029 0.05
0238 0.13
0529 -0.10
0901 0.25
1208 0.11
1532 0.37
1742 0.28
2059 0.60
13
TER
0017 0.20
0247 0.28
0623 0.02
1502 0.33
1759 0.21
2106 0.33
29
QUI
0123 0.08
0314 0.16
0623 -0.14
1002 0.22
1306 0.09
1625 0.34
1821 0.27
2157 0.63
14
QUA
0102 0.20
0314 0.27
0702 0.01
1547 0.31
1819 0.23
2147 0.36
30
SEX
0216 0.13
0401 0.19
0716 -0.16
1101 0.21
1404 0.06
1721 0.31
1906 0.26
2257 0.62
15
QUI
0149 0.19
0357 0.26
0731 0.02
1616 0.30
1849 0.24
2221 0.38
31
SÁB
0310 0.18
0446 0.22
0810 -0.14
1153 0.19
1502 0.05
1821 0.27
1959 0.24
2359 0.59
16
SEX
0225 0.18
0423 0.23
0804 0.02
1702 0.30
1901 0.26
2249 0.40
Junho
HORA ALT(m) HORA ALT(m)
01
DOM
0408 0.23
0514 0.25
0902 -0.09
1242 0.19
1559 0.05
1919 0.24
2051 0.22
17
TER
0402 0.19
0601 0.24
0912 0.08
1142 0.13
1502 0.04
1912 0.27
2006 0.26
02
SEG
0059 0.54
0555 0.27
0959 -0.03
1325 0.19
1657 0.06
2017 0.22
2147 0.20
18
QUA
0019 0.46
0451 0.19
0653 0.25
0955 0.12
1217 0.18
1604 0.02
2101 0.23
03
TER
0202 0.48
1051 0.05
1410 0.19
1757 0.08
2112 0.20
2247 0.19
19
QUI
0116 0.45
0531 0.19
0753 0.25
1036 0.16
1306 0.24
1708 0.01
2202 0.19
04
QUA
0308 0.41
1144 0.12
1459 0.21
1901 0.10
2204 0.20
2357 0.17
20
SEX
0214 0.43
0617 0.18
0902 0.27
1123 0.21
1404 0.29
1825 0.02
2201 0.16
2312 0.15
05
QUI
0416 0.34
0753 0.25
0919 0.27
1246 0.19
1547 0.23
2001 0.13
2253 0.20
21
SÁB
0316 0.39
0708 0.16
1023 0.29
1221 0.26
1508 0.35
1953 0.03
2255 0.13
06
SEX
0116 0.16
0523 0.27
0806 0.24
1055 0.28
1401 0.23
1646 0.25
2059 0.15
2331 0.21
22
DOM
0034 0.11
0419 0.35
0801 0.13
1146 0.33
1331 0.31
1625 0.41
2106 0.03
2349 0.12
07
SÁB
0249 0.13
0759 0.21
1201 0.30
1501 0.24
1742 0.28
2149 0.18
23
SEG
0155 0.07
0525 0.30
0853 0.10
1251 0.36
1442 0.33
1744 0.47
2212 0.04
08
DOM
0010 0.23
0359 0.10
1255 0.31
1546 0.25
1827 0.31
2231 0.19
24
TER
0040 0.12
0310 0.02
0629 0.24
0942 0.08
1349 0.38
1544 0.34
1849 0.54
2312 0.07
09
SEG
0059 0.25
0451 0.06
1336 0.32
1614 0.24
1912 0.34
2310 0.20
25
QUA
0123 0.14
0423 -0.03
0729 0.19
1032 0.06
1444 0.38
1640 0.33
1949 0.58
10
TER
0142 0.27
0531 0.04
1410 0.32
1657 0.24
2001 0.36
2359 0.20
26
QUI
0008 0.10
0210 0.18
0525 -0.08
0829 0.15
1129 0.05
1529 0.37
1725 0.31
2046 0.60
11
QUA
0214 0.27
0610 0.02
1459 0.32
1725 0.24
2042 0.37
27
SEX
0102 0.16
0301 0.23
0621 -0.11
0931 0.13
1232 0.04
1616 0.34
1812 0.28
2142 0.59
12
QUI
0042 0.20
0259 0.27
0653 0.00
1534 0.32
1801 0.26
2116 0.39
28
SÁB
0159 0.21
0346 0.27
0712 -0.11
1032 0.13
1338 0.05
1706 0.30
1902 0.24
2242 0.56
13
SEX
0114 0.19
0331 0.26
0723 0.00
1608 0.32
1821 0.28
2153 0.40
29
DOM
0253 0.26
0417 0.30
0804 -0.09
1129 0.14
1440 0.05
1801 0.26
1953 0.21
2344 0.52
14
SÁB
0202 0.19
0402 0.25
0801 0.01
1659 0.31
1846 0.29
2217 0.42
30
SEG
0501 0.31
0853 -0.04
1217 0.17
1540 0.07
1849 0.22
2038 0.18
15
DOM
0246 0.19
0444 0.24
0819 0.03
1902 0.29
2251 0.43
16
SEG
0316 0.19
0512 0.24
0847 0.05
1106 0.09
1334 0.07
1819 0.29
1934 0.28
2331 0.45
Julho
HORA ALT(m) HORA ALT(m)
01
TER
0047 0.46
0927 0.03
1259 0.20
1640 0.08
1927 0.19
2116 0.16
17
QUI
0023 0.44
0417 0.23
0623 0.29
0929 0.12
1219 0.25
1617 0.05
1912 0.18
2119 0.12
02
QUA
0153 0.41
1004 0.10
1327 0.23
1740 0.11
2010 0.17
2204 0.14
18
SEX
0119 0.42
0510 0.21
0723 0.27
1006 0.17
1312 0.32
1731 0.05
2004 0.14
2214 0.08
03
QUI
0253 0.34
1038 0.17
1359 0.27
1840 0.13
2101 0.17
2302 0.14
19
SÁB
0216 0.40
0604 0.17
0849 0.27
1053 0.22
1408 0.39
1849 0.05
2102 0.12
2314 0.06
04
SEX
0349 0.28
0704 0.23
0859 0.24
1102 0.21
1432 0.30
1934 0.15
2151 0.18
20
DOM
0312 0.36
0659 0.13
1021 0.28
1129 0.28
1512 0.45
2001 0.06
2202 0.11
05
SÁB
0004 0.15
0431 0.22
0721 0.19
1529 0.32
2021 0.17
2240 0.20
21
SEG
0021 0.04
0410 0.30
0747 0.08
1621 0.49
2102 0.07
2304 0.12
06
DOM
0157 0.14
0508 0.17
0723 0.16
1646 0.34
2108 0.18
2329 0.22
22
TER
0149 0.03
0508 0.24
0829 0.04
1310 0.37
1732 0.52
2202 0.10
07
SEG
0347 0.12
0602 0.13
1308 0.30
1749 0.36
2159 0.19
23
QUA
0004 0.15
0310 0.01
0608 0.18
0914 0.02
1355 0.39
1538 0.36
1838 0.55
2259 0.14
08
TER
0019 0.24
0440 0.08
1338 0.31
1544 0.29
1840 0.37
2246 0.20
24
QUI
0102 0.20
0427 -0.03
0706 0.12
0959 0.01
1436 0.38
1638 0.32
1936 0.55
2351 0.19
09
QUA
0108 0.26
0521 0.05
1408 0.33
1623 0.28
1921 0.38
2325 0.20
25
SEX
0155 0.26
0527 -0.06
0806 0.09
1044 0.02
1514 0.36
1723 0.27
2034 0.54
10
QUI
0157 0.27
0606 0.03
1451 0.34
1704 0.28
2004 0.39
26
SÁB
0044 0.24
0242 0.31
0617 -0.07
0908 0.08
1142 0.04
1601 0.33
1808 0.22
2132 0.51
11
SEX
0006 0.20
0234 0.28
0642 0.01
1521 0.34
1744 0.28
2047 0.40
27
DOM
0129 0.29
0319 0.34
0706 -0.06
1012 0.10
1304 0.07
1646 0.28
1859 0.18
2234 0.47
12
SÁB
0055 0.20
0306 0.28
0716 0.01
1601 0.33
1804 0.28
2116 0.41
28
SEG
0214 0.31
0402 0.35
0755 -0.02
1114 0.13
1416 0.08
1716 0.23
1940 0.15
2342 0.43
13
DOM
0131 0.21
0347 0.28
0740 0.02
1634 0.32
1836 0.28
2159 0.42
29
TER
0306 0.32
0446 0.34
0823 0.04
1144 0.18
1516 0.10
1801 0.20
2012 0.13
14
SEG
0206 0.22
0414 0.29
0802 0.03
1002 0.06
1114 0.06
1706 0.30
1904 0.25
2240 0.43
30
QUA
0047 0.38
0402 0.30
0517 0.32
0859 0.10
1212 0.23
1612 0.11
1840 0.17
2057 0.11
15
TER
0257 0.23
0459 0.30
0821 0.05
1047 0.11
1336 0.07
1753 0.26
1949 0.21
2329 0.44
31
QUI
0144 0.33
0601 0.29
0914 0.15
1238 0.29
1706 0.13
1908 0.16
2134 0.11
16
QUA
0340 0.23
0542 0.29
0859 0.08
1129 0.18
1508 0.06
1829 0.22
2031 0.17
Agosto
HORA ALT(m) HORA ALT(m)
01
SEX
0221 0.28
0521 0.24
0701 0.25
0940 0.19
1310 0.33
1802 0.14
1959 0.17
2212 0.12
17
DOM
0210 0.37
0553 0.14
0846 0.26
1008 0.24
1408 0.50
1855 0.07
2019 0.10
2306 -0.01
02
SÁB
0242 0.24
0601 0.19
0814 0.22
0951 0.21
1349 0.36
1853 0.16
2049 0.18
2306 0.14
18
SEG
0304 0.32
0640 0.09
1510 0.53
1955 0.09
2125 0.12
03
DOM
0249 0.20
0617 0.16
1438 0.38
1938 0.17
2149 0.19
19
TER
0019 0.01
0401 0.25
0723 0.04
1614 0.53
2049 0.12
2238 0.16
04
SEG
0023 0.15
0246 0.16
0646 0.12
1542 0.38
2023 0.17
2257 0.21
20
QUA
0155 0.02
0459 0.18
0808 0.01
1302 0.37
1410 0.36
1721 0.52
2140 0.17
2342 0.22
05
TER
0702 0.10
1653 0.38
2112 0.18
2357 0.23
21
QUI
0316 0.01
0559 0.13
0851 0.00
1336 0.37
1538 0.31
1827 0.50
2229 0.23
06
QUA
0719 0.07
1502 0.33
1753 0.38
2202 0.19
22
SEX
0042 0.28
0425 -0.02
0657 0.09
0929 0.01
1410 0.36
1632 0.25
1929 0.48
2321 0.28
07
QUI
0049 0.25
0740 0.05
1408 0.35
1602 0.32
1844 0.38
2251 0.19
23
SÁB
0131 0.33
0519 -0.03
0755 0.07
1010 0.04
1457 0.34
1717 0.19
2032 0.44
08
SEX
0129 0.27
0801 0.03
1440 0.35
1649 0.31
1921 0.39
2334 0.21
24
DOM
0010 0.31
0216 0.36
0608 -0.02
0851 0.09
1119 0.07
1529 0.30
1804 0.14
2144 0.41
09
SÁB
0204 0.29
0846 0.01
1504 0.34
1710 0.29
2006 0.40
25
SEG
0102 0.33
0302 0.38
0657 0.02
0940 0.12
1257 0.10
1604 0.26
1851 0.11
2317 0.38
10
DOM
0012 0.22
0247 0.31
0932 0.02
1534 0.32
1749 0.26
2055 0.40
26
TER
0159 0.33
0349 0.37
0723 0.07
1021 0.17
1402 0.12
1646 0.22
1919 0.09
11
SEG
0101 0.24
0316 0.32
0704 0.05
0823 0.07
1029 0.04
1602 0.30
1814 0.21
2142 0.41
27
QUA
0019 0.35
0242 0.31
0423 0.35
0757 0.12
1055 0.23
1501 0.13
1708 0.20
1959 0.08
12
TER
0147 0.25
0359 0.34
0719 0.06
0923 0.12
1214 0.07
1642 0.25
1859 0.15
2232 0.42
28
QUI
0102 0.31
0308 0.28
0502 0.31
0808 0.16
1119 0.29
1553 0.14
1753 0.18
2027 0.08
13
QUA
0225 0.26
0440 0.34
0757 0.08
1023 0.19
1423 0.08
1710 0.21
1942 0.10
2329 0.42
29
SEX
0136 0.27
0355 0.25
0553 0.28
0829 0.19
1159 0.34
1634 0.15
1817 0.18
2102 0.09
14
QUI
0310 0.25
0517 0.33
0823 0.11
1121 0.28
1536 0.07
1759 0.17
2023 0.04
30
SÁB
0138 0.24
0414 0.21
0644 0.24
0851 0.20
1234 0.38
1716 0.15
1902 0.17
2147 0.10
15
SEX
0025 0.42
0404 0.23
0608 0.30
0902 0.14
1216 0.37
1642 0.07
1846 0.13
2112 0.00
31
DOM
0134 0.21
0455 0.17
0853 0.21
1316 0.40
1804 0.15
1959 0.17
2225 0.13
16
SÁB
0117 0.40
0501 0.19
0712 0.27
0942 0.19
1312 0.44
1749 0.06
1927 0.10
2206 -0.02
DG6-62 Original
175
PORTO DO RIO GRANDE (ESTADO DO RIO GRANDE DO SUL) - 2025
Latitude 32° 08'.3 S Longitude 52° 06'.2 W Fuso UTC -03.0 horas
CHM 44 Componentes Nível Médio 0.22 m Carta 2101
Setembro
HORA ALT(m) HORA ALT(m)
01
SEG
0140 0.19
0519 0.13
1359 0.41
1853 0.15
2101 0.18
2319 0.15
17
QUA
0021 0.01
0346 0.20
0704 0.02
1608 0.53
2023 0.19
2206 0.22
02
TER
0146 0.17
0559 0.10
1440 0.41
1938 0.15
2217 0.19
18
QUI
0157 0.02
0446 0.15
0753 0.02
1223 0.33
1408 0.30
1716 0.48
2112 0.24
2312 0.28
03
QUA
0623 0.07
1531 0.40
2021 0.16
2334 0.22
19
SEX
0310 0.02
0547 0.11
0836 0.03
1302 0.33
1521 0.23
1825 0.43
2202 0.29
04
QUI
0657 0.04
1634 0.39
2108 0.17
20
SÁB
0012 0.33
0412 0.01
0647 0.10
0923 0.06
1347 0.32
1617 0.17
1938 0.39
2257 0.32
05
SEX
0019 0.25
0725 0.01
1408 0.37
1549 0.36
1738 0.38
2157 0.19
21
DOM
0106 0.37
0504 0.02
0740 0.12
1031 0.10
1417 0.30
1708 0.11
2134 0.36
2353 0.33
06
SÁB
0101 0.29
0804 0.00
1416 0.35
1606 0.32
1834 0.37
2244 0.22
22
SEG
0201 0.39
0555 0.06
0825 0.15
1151 0.13
1501 0.28
1759 0.07
2304 0.34
07
DOM
0140 0.32
0857 0.00
1440 0.32
1647 0.27
1927 0.37
2334 0.24
23
TER
0044 0.33
0249 0.38
0623 0.10
0910 0.19
1257 0.15
1532 0.25
1836 0.05
08
SEG
0210 0.34
0659 0.11
0955 0.02
1502 0.29
1714 0.20
2023 0.38
24
QUA
0002 0.32
0112 0.31
0327 0.36
0657 0.15
0938 0.23
1351 0.16
1602 0.23
1906 0.05
09
TER
0019 0.26
0257 0.36
0610 0.11
0804 0.16
1131 0.06
1531 0.24
1759 0.12
2125 0.39
25
QUI
0159 0.29
0404 0.33
0710 0.18
1008 0.29
1429 0.16
1638 0.22
1944 0.05
10
QUA
0110 0.27
0340 0.37
0647 0.12
0908 0.24
1329 0.07
1604 0.20
1842 0.04
2225 0.40
26
SEX
0108 0.26
0223 0.25
0453 0.30
0727 0.20
1047 0.34
1508 0.16
1704 0.21
2008 0.06
11
QUI
0202 0.25
0417 0.36
0714 0.13
1010 0.33
1440 0.07
1649 0.16
1921 -0.03
2323 0.41
27
SÁB
0119 0.22
0257 0.22
0529 0.27
0751 0.21
1123 0.38
1559 0.16
1749 0.19
2046 0.07
12
SEX
0259 0.23
0506 0.33
0757 0.15
1110 0.42
1542 0.06
1721 0.12
2008 -0.08
28
DOM
0110 0.20
0325 0.18
0612 0.25
0802 0.22
1206 0.40
1642 0.15
1821 0.18
2112 0.09
13
SÁB
0016 0.40
0353 0.19
0604 0.30
0831 0.18
1208 0.50
1804 0.10
2102 -0.09
29
SEG
0104 0.19
0402 0.15
0759 0.23
1244 0.42
1721 0.14
1908 0.17
2157 0.11
14
DOM
0106 0.37
0440 0.14
0712 0.26
0906 0.22
1304 0.56
1901 0.10
2201 -0.08
30
TER
0102 0.18
0440 0.11
1317 0.43
1808 0.13
2008 0.17
2227 0.14
15
SEG
0159 0.32
0525 0.09
1402 0.58
1959 0.12
2302 -0.04
16
TER
0251 0.26
0614 0.05
1504 0.56
2101 0.16
Outubro
HORA ALT(m) HORA ALT(m)
01
QUA
0059 0.17
0506 0.08
1344 0.43
1857 0.14
2140 0.18
17
SEX
0142 0.05
0425 0.15
0746 0.05
1149 0.28
1357 0.22
1714 0.42
2055 0.28
2257 0.32
02
QUI
0546 0.04
1414 0.43
1936 0.15
2310 0.22
18
SÁB
0259 0.06
0536 0.15
0846 0.08
1225 0.27
1504 0.16
1834 0.36
2136 0.30
2359 0.35
03
SEX
0619 0.01
1451 0.41
2014 0.16
2351 0.26
19
DOM
0359 0.07
0638 0.16
0951 0.11
1306 0.27
1604 0.10
2049 0.32
04
SÁB
0704 -0.01
1625 0.38
2057 0.19
20
SEG
0055 0.37
0446 0.10
0725 0.19
1055 0.14
1351 0.27
1701 0.05
05
DOM
0025 0.31
0801 -0.01
1357 0.31
1508 0.30
1751 0.36
2140 0.22
21
TER
0147 0.38
0517 0.14
0808 0.23
1153 0.16
1421 0.26
1747 0.03
06
SEG
0104 0.35
0904 0.01
1402 0.27
1602 0.22
1901 0.35
2234 0.24
22
QUA
0231 0.36
0555 0.17
0838 0.26
1242 0.18
1459 0.26
1821 0.02
07
TER
0151 0.37
0502 0.17
0649 0.21
1042 0.04
1425 0.23
1653 0.12
2004 0.35
2344 0.25
23
QUI
0308 0.34
0612 0.20
0908 0.30
1314 0.19
1529 0.25
1901 0.02
08
QUA
0234 0.38
0527 0.18
0757 0.29
1217 0.05
1502 0.19
1736 0.02
2110 0.36
24
SEX
0357 0.32
0636 0.22
0946 0.34
1401 0.19
1602 0.24
1929 0.03
09
QUI
0049 0.24
0316 0.38
0602 0.18
0859 0.39
1327 0.05
1544 0.15
1816 -0.07
2212 0.36
25
SÁB
0431 0.29
0657 0.23
1021 0.37
1444 0.18
1642 0.23
2002 0.04
10
SEX
0146 0.21
0406 0.35
0646 0.19
0959 0.48
1427 0.05
1614 0.12
1906 -0.13
2308 0.36
26
DOM
0508 0.27
0708 0.24
1102 0.40
1517 0.17
1708 0.21
2027 0.05
11
SÁB
0236 0.17
0504 0.32
0717 0.20
1057 0.56
1523 0.06
1701 0.11
2001 -0.15
27
SEG
0112 0.17
0240 0.17
0602 0.26
0721 0.25
1136 0.42
1604 0.15
1757 0.19
2101 0.07
12
DOM
0001 0.35
0321 0.12
0606 0.28
0802 0.22
1155 0.61
1621 0.09
1751 0.11
2055 -0.14
28
TER
0053 0.15
0310 0.13
1208 0.43
1653 0.14
1840 0.18
2125 0.10
13
SEG
0049 0.31
0410 0.07
0717 0.26
0846 0.24
1255 0.62
1721 0.12
1836 0.13
2155 -0.10
29
QUA
0019 0.15
0353 0.09
1234 0.44
1731 0.14
1925 0.17
2201 0.13
14
TER
0138 0.27
0504 0.04
1355 0.60
1821 0.16
1925 0.17
2301 -0.04
30
QUI
0016 0.16
0425 0.05
1306 0.45
1810 0.14
2040 0.19
2246 0.17
15
QUA
0227 0.22
0559 0.03
1459 0.55
1916 0.20
2036 0.21
31
SEX
0023 0.18
0504 0.01
1347 0.44
1857 0.15
2208 0.23
16
QUI
0014 0.01
0323 0.18
0651 0.03
1104 0.28
1223 0.27
1604 0.49
2006 0.24
2149 0.27
Novembro
HORA ALT(m) HORA ALT(m)
01
SÁB
0555 -0.01
1446 0.41
1929 0.16
2304 0.28
17
SEG
0323 0.16
0614 0.24
0955 0.15
1229 0.24
1553 0.07
02
DOM
0653 -0.01
1601 0.38
2008 0.17
2355 0.33
18
TER
0046 0.35
0408 0.19
0702 0.27
1049 0.18
1308 0.25
1649 0.03
03
SEG
0802 0.00
1402 0.24
1714 0.34
2055 0.19
19
QUA
0134 0.35
0449 0.21
0736 0.30
1131 0.20
1353 0.26
1732 0.01
04
TER
0042 0.36
0347 0.24
0506 0.26
0936 0.03
1316 0.20
1519 0.15
1831 0.32
2149 0.20
20
QUI
0214 0.34
0510 0.22
0810 0.33
1206 0.21
1423 0.27
1812 0.00
05
QUA
0125 0.38
0408 0.24
0631 0.33
1104 0.03
1359 0.17
1616 0.05
1944 0.30
2257 0.20
21
SEX
0301 0.32
0544 0.23
0851 0.36
1255 0.21
1502 0.27
1853 0.00
06
QUI
0214 0.39
0455 0.25
0740 0.43
1212 0.03
1434 0.14
1708 -0.05
2047 0.30
22
SÁB
0340 0.31
0604 0.24
0923 0.38
1329 0.20
1540 0.26
1921 0.01
07
SEX
0004 0.18
0306 0.37
0529 0.25
0840 0.53
1312 0.04
1508 0.13
1802 -0.12
2147 0.29
23
DOM
0412 0.30
0631 0.25
1004 0.39
1406 0.19
1608 0.25
1959 0.02
08
SÁB
0106 0.14
0404 0.34
0608 0.24
0940 0.60
1408 0.06
1559 0.13
1859 -0.16
2244 0.29
24
SEG
0501 0.29
0653 0.26
1040 0.41
1457 0.18
1653 0.23
2023 0.03
09
DOM
0204 0.09
0504 0.31
0659 0.24
1038 0.64
1506 0.10
1646 0.14
1953 -0.17
2336 0.27
25
TER
0701 0.28
1110 0.42
1534 0.17
1719 0.21
2057 0.06
10
SEG
0301 0.05
0604 0.28
0744 0.24
1138 0.65
1604 0.14
1719 0.17
2049 -0.14
26
QUA
1136 0.43
1612 0.16
1802 0.21
2114 0.09
2346 0.12
11
TER
0025 0.25
0355 0.03
0712 0.25
0831 0.24
1240 0.63
1804 0.20
2146 -0.09
27
QUI
0302 0.07
1206 0.44
1701 0.16
1859 0.21
2149 0.13
2359 0.16
12
QUA
0116 0.23
0447 0.02
0821 0.24
0931 0.23
1344 0.58
1859 0.23
2249 -0.02
28
SEX
0353 0.03
1251 0.44
1738 0.16
1957 0.22
2221 0.17
13
QUI
0208 0.21
0544 0.04
0921 0.23
1047 0.22
1451 0.51
2002 0.26
2357 0.04
29
SÁB
0029 0.19
0446 0.01
1344 0.43
1814 0.16
2106 0.25
2316 0.22
14
SEX
0306 0.20
0646 0.06
1012 0.22
1202 0.19
1601 0.43
1953 0.27
2117 0.28
30
DOM
0108 0.23
0544 0.00
1444 0.40
1901 0.16
2221 0.29
15
SÁB
0106 0.10
0408 0.20
0751 0.09
1102 0.22
1323 0.16
1714 0.36
2025 0.27
2240 0.31
16
DOM
0221 0.14
0516 0.21
0855 0.12
1151 0.23
1446 0.11
1844 0.29
2059 0.27
2347 0.34
Dezembro
HORA ALT(m) HORA ALT(m)
01
SEG
0044 0.26
0206 0.27
0655 0.01
1551 0.36
1944 0.15
2325 0.33
17
QUA
0046 0.32
0329 0.26
0614 0.33
1014 0.20
1232 0.25
1636 0.05
02
TER
0153 0.29
0334 0.31
0819 0.03
1202 0.17
1327 0.16
1701 0.32
2031 0.14
18
QUI
0125 0.32
0404 0.26
0702 0.35
1101 0.21
1312 0.27
1721 0.02
03
QUA
0021 0.36
0246 0.31
0502 0.37
0951 0.03
1244 0.14
1453 0.08
1806 0.28
2125 0.13
19
SEX
0204 0.33
0446 0.25
0746 0.37
1144 0.22
1359 0.28
1804 0.01
04
QUI
0116 0.38
0327 0.31
0614 0.46
1101 0.03
1319 0.13
1601 0.00
1912 0.25
2225 0.11
20
SÁB
0249 0.32
0512 0.25
0821 0.38
1217 0.22
1440 0.29
1840 0.00
05
SEX
0210 0.38
0412 0.31
0721 0.54
1202 0.04
1404 0.14
1701 -0.07
2014 0.23
2331 0.09
21
DOM
0319 0.32
0553 0.25
0904 0.39
1302 0.21
1510 0.28
1914 -0.01
06
SÁB
0306 0.37
0502 0.30
0821 0.61
1259 0.07
1457 0.16
1759 -0.12
2116 0.21
22
SEG
0402 0.31
0616 0.26
0946 0.40
1347 0.21
1553 0.27
1951 0.00
07
DOM
0036 0.06
0402 0.34
0555 0.28
0919 0.65
1355 0.12
1540 0.19
1855 -0.15
2216 0.20
23
TER
0444 0.31
0649 0.27
1017 0.40
1419 0.20
1621 0.26
2017 0.02
08
SEG
0138 0.04
0501 0.31
0644 0.26
1019 0.66
1447 0.17
1616 0.22
1947 -0.14
2312 0.20
24
QUA
0516 0.30
0702 0.28
1049 0.41
1502 0.20
1701 0.25
2046 0.05
09
TER
0236 0.02
0557 0.27
0731 0.23
1121 0.63
1702 0.25
2038 -0.11
25
QUI
0604 0.29
0719 0.28
1117 0.42
1549 0.20
1742 0.25
2104 0.08
2312 0.12
10
QUA
0006 0.21
0331 0.02
0653 0.23
0823 0.20
1225 0.58
1749 0.27
2127 -0.05
26
SEX
0231 0.07
0801 0.26
1201 0.42
1619 0.20
1817 0.25
2127 0.12
2353 0.17
11
QUI
0059 0.22
0431 0.04
0747 0.20
0919 0.17
1334 0.52
2217 0.02
27
SÁB
0340 0.04
0847 0.23
1249 0.42
1704 0.19
1914 0.26
2202 0.17
12
SEX
0149 0.23
0534 0.06
0836 0.18
1021 0.15
1444 0.45
2310 0.10
28
DOM
0036 0.23
0444 0.03
0821 0.21
0940 0.20
1344 0.40
1753 0.18
2027 0.26
2246 0.22
13
SÁB
0238 0.24
0640 0.09
0921 0.18
1129 0.14
1555 0.37
1919 0.26
2059 0.27
29
SEG
0123 0.30
0555 0.03
0916 0.17
1044 0.16
1440 0.38
1840 0.15
2201 0.28
2323 0.27
14
DOM
0008 0.17
0334 0.26
0744 0.12
1008 0.18
1249 0.13
1704 0.29
1959 0.23
2219 0.28
30
TER
0223 0.36
0708 0.04
1010 0.14
1153 0.12
1542 0.34
1925 0.12
15
SEG
0119 0.22
0434 0.28
0842 0.15
1101 0.20
1414 0.11
1819 0.23
2014 0.21
2346 0.30
31
QUA
0336 0.41
0829 0.04
1106 0.12
1304 0.09
1646 0.29
2014 0.08
16
TER
0242 0.25
0529 0.30
0929 0.18
1151 0.22
1536 0.08
DG6-62 Original
