161
PORTO DE SÃO FRANCISCO DO SUL (ESTADO DE SANTA CATARINA) - 2025
Latitude 26° 14'.7 S Longitude 48° 38'.5 W Fuso UTC -03.0 horas
DHN-20 95 Componentes Nível Médio 0.89 m Carta 1804
Janeiro
HORA ALT(m) HORA ALT(m)
01
QUA
0357 1.84
0821 0.41
1155 0.94
1331 0.87
1701 1.45
2147 0.05
17
SEX
0549 1.65
0951 0.14
1404 1.29
1508 1.25
1732 1.37
2202 0.09
02
QUI
0444 1.82
0902 0.39
1227 1.01
1423 0.88
1747 1.42
2221 0.11
18
SÁB
0629 1.52
1023 0.15
1440 1.31
1606 1.25
1806 1.33
2238 0.15
03
SEX
0527 1.76
0942 0.40
1302 1.09
1516 0.87
1829 1.38
2301 0.20
19
DOM
0708 1.38
1102 0.22
1510 1.28
1701 1.21
1851 1.27
2310 0.24
04
SÁB
0614 1.66
1012 0.41
1342 1.16
1608 0.85
1914 1.34
2336 0.33
20
SEG
0302 0.97
0457 0.89
0755 1.24
1138 0.36
1542 1.18
1719 1.11
1949 1.23
2353 0.37
05
DOM
0702 1.54
1055 0.44
1414 1.19
1702 0.81
2006 1.32
21
TER
0325 1.02
0559 0.83
0844 1.11
1212 0.52
1602 1.05
1753 0.96
2049 1.22
06
SEG
0016 0.47
0755 1.40
1131 0.51
1455 1.18
1751 0.74
2102 1.31
22
QUA
0029 0.52
0359 1.04
0651 0.77
0938 1.03
1301 0.67
1604 0.89
1806 0.79
2147 1.25
07
TER
0110 0.62
0251 0.65
0459 0.56
0849 1.27
1212 0.59
1532 1.11
1829 0.66
2202 1.34
23
QUI
0114 0.66
0427 1.02
0734 0.71
1046 1.02
1829 0.61
2240 1.33
08
QUA
0604 0.56
0951 1.17
1306 0.68
1608 1.00
1908 0.56
2304 1.39
24
SEX
0216 0.78
0502 0.96
0810 0.68
1159 1.09
1853 0.42
2325 1.43
09
QUI
0708 0.56
1102 1.14
1425 0.75
1651 0.84
1955 0.47
25
SÁB
0349 0.83
0538 0.87
0849 0.66
1301 1.20
1914 0.25
10
SEX
0006 1.48
0812 0.59
1212 1.18
2031 0.40
26
DOM
0016 1.55
0916 0.65
1349 1.32
1944 0.10
11
SÁB
0106 1.58
0912 0.63
1312 1.27
2104 0.35
27
SEG
0108 1.67
0802 0.67
0942 0.65
1434 1.43
2010 -0.01
12
DOM
0202 1.68
0638 0.69
0836 0.74
1006 0.70
1404 1.35
1925 0.34
28
TER
0202 1.78
0721 0.56
1514 1.53
2040 -0.08
13
SEG
0251 1.76
0712 0.58
1057 0.80
1459 1.41
1955 0.22
29
QUA
0255 1.86
0755 0.48
1559 1.60
2106 -0.10
14
TER
0336 1.80
0755 0.45
1542 1.44
2021 0.14
30
QUI
0342 1.89
0819 0.40
1638 1.63
2129 -0.06
15
QUA
0419 1.80
0831 0.32
1619 1.44
2059 0.09
31
SEX
0427 1.86
0857 0.33
1217 0.90
1336 0.88
1714 1.63
2157 0.01
16
QUI
0504 1.75
0908 0.20
1404 1.18
1659 1.42
2127 0.08
Fevereiro
HORA ALT(m) HORA ALT(m)
01
SÁB
0510 1.78
0923 0.28
1259 1.03
1440 0.94
1759 1.59
2216 0.12
17
SEG
0212 1.02
0340 0.99
0640 1.33
1034 0.13
1802 1.42
2234 0.16
02
DOM
0601 1.65
1001 0.23
1334 1.14
1540 0.97
1844 1.50
2249 0.27
18
TER
0225 1.13
0455 0.93
0717 1.18
1104 0.26
1855 1.32
2304 0.30
03
SEG
0647 1.48
1034 0.24
1408 1.20
1636 0.93
1929 1.39
2316 0.44
19
QUA
0253 1.20
0551 0.84
0804 1.05
1140 0.43
1659 0.99
1957 1.24
2342 0.47
04
TER
0216 0.81
0408 0.69
0736 1.29
1108 0.29
1451 1.22
1727 0.82
2027 1.29
2359 0.63
20
QUI
0314 1.23
0634 0.74
0902 0.97
1210 0.60
1538 0.89
1732 0.80
2059 1.22
05
QUA
0253 0.96
0523 0.67
0827 1.13
1155 0.40
1523 1.16
1816 0.67
2140 1.25
21
SEX
0014 0.66
0344 1.20
0710 0.65
1006 0.96
1304 0.77
1502 0.82
1802 0.59
2201 1.27
06
QUI
0046 0.84
0321 1.06
0627 0.62
0934 1.02
1240 0.55
1601 1.06
1902 0.51
2255 1.28
22
SÁB
0104 0.85
0401 1.13
0746 0.58
1119 1.04
1831 0.39
2259 1.38
07
SEX
0201 1.02
0353 1.08
0725 0.59
1053 1.02
1342 0.71
1625 0.91
1946 0.39
23
DOM
0219 1.01
0401 1.05
0808 0.54
1232 1.18
1901 0.19
2355 1.51
08
SÁB
0004 1.40
0816 0.59
1202 1.11
2016 0.30
24
SEG
0832 0.50
1325 1.34
1927 0.02
09
DOM
0104 1.55
0902 0.64
1302 1.23
2051 0.26
25
TER
0049 1.66
0847 0.48
1408 1.50
1959 -0.10
10
SEG
0153 1.68
0647 0.66
1357 1.35
2034 0.26
26
QUA
0144 1.78
0812 0.48
1453 1.63
2021 -0.16
11
TER
0236 1.77
0708 0.45
1440 1.45
1957 0.15
27
QUI
0234 1.87
0753 0.41
1531 1.74
2044 -0.16
12
QUA
0316 1.83
0746 0.26
1516 1.52
2012 0.06
28
SEX
0321 1.90
0806 0.31
1608 1.80
2101 -0.10
13
QUI
0401 1.82
0816 0.10
1555 1.56
2040 0.00
14
SEX
0440 1.76
0857 0.00
1625 1.56
2104 -0.03
15
SÁB
0517 1.64
0927 -0.01
1655 1.55
2134 0.00
16
DOM
0559 1.50
1002 0.02
1725 1.50
2202 0.05
Março
HORA ALT(m) HORA ALT(m)
01
SÁB
0406 1.85
0831 0.23
1649 1.81
2114 0.00
17
SEG
0525 1.42
0936 0.00
1701 1.63
2129 0.04
02
DOM
0455 1.74
0902 0.13
1353 0.95
1727 1.75
2140 0.12
18
TER
0134 1.15
0340 1.04
0604 1.26
1004 0.10
1738 1.55
2201 0.12
03
SEG
0542 1.56
0936 0.09
1312 1.09
1501 0.97
1808 1.63
2204 0.26
19
QUA
0157 1.27
0447 0.94
0655 1.11
1040 0.25
1819 1.44
2227 0.27
04
TER
0116 0.88
0306 0.74
0625 1.36
1006 0.09
1353 1.16
1602 0.92
1901 1.46
2240 0.45
20
QUI
0217 1.34
0532 0.81
0749 0.99
1108 0.40
1910 1.34
2302 0.43
05
QUA
0157 1.10
0427 0.73
0716 1.17
1051 0.18
1429 1.17
1702 0.80
2002 1.29
2310 0.66
21
SEX
0246 1.35
0610 0.68
0847 0.94
1155 0.58
1504 0.80
1625 0.77
2010 1.28
2338 0.65
06
QUI
0229 1.25
0534 0.65
0816 1.02
1127 0.33
1504 1.13
1801 0.63
2112 1.20
2359 0.88
22
SÁB
0302 1.32
0646 0.57
0949 0.97
1302 0.75
1406 0.76
1710 0.58
2112 1.28
07
SEX
0302 1.31
0629 0.58
0923 0.95
1214 0.52
1540 1.03
1849 0.47
2238 1.23
23
DOM
0014 0.86
0314 1.24
0708 0.48
1055 1.07
1755 0.37
2214 1.36
08
SÁB
0101 1.09
0338 1.25
0717 0.55
1042 1.00
1319 0.71
1602 0.90
1923 0.34
2357 1.37
24
SEG
0110 1.08
0312 1.17
0731 0.42
1157 1.22
1829 0.17
2317 1.48
09
DOM
0802 0.58
1149 1.12
2001 0.28
25
TER
0751 0.38
1247 1.39
1902 0.00
10
SEG
0053 1.54
0829 0.66
1244 1.26
2023 0.28
26
QUA
0023 1.63
0806 0.37
1334 1.55
1934 -0.11
11
TER
0134 1.67
0619 0.52
1327 1.39
1925 0.26
27
QUI
0123 1.76
0751 0.39
1416 1.70
2001 -0.13
12
QUA
0214 1.77
0651 0.26
1408 1.50
1923 0.13
28
SEX
0212 1.84
0725 0.33
1501 1.82
2014 -0.09
13
QUI
0255 1.81
0719 0.07
1447 1.58
1949 0.03
29
SÁB
0301 1.85
0742 0.23
1542 1.89
2023 0.00
14
SEX
0332 1.78
0759 -0.06
1519 1.64
2008 -0.03
30
DOM
0347 1.77
0804 0.12
1621 1.90
2044 0.11
15
SÁB
0408 1.70
0829 -0.10
1555 1.67
2038 -0.04
31
SEG
0429 1.63
0838 0.06
1204 0.91
1314 0.87
1704 1.84
2106 0.21
16
DOM
0449 1.58
0902 -0.08
1625 1.67
2102 -0.03
Abril
HORA ALT(m) HORA ALT(m)
01
TER
0012 0.83
0157 0.74
0514 1.44
0906 0.02
1240 0.98
1423 0.87
1753 1.70
2136 0.36
17
QUI
0125 1.33
0425 0.93
0627 1.05
1016 0.26
1801 1.57
2202 0.27
02
QUA
0055 1.10
0312 0.77
0606 1.24
0949 0.07
1316 1.03
1525 0.82
1844 1.51
2206 0.50
18
SEX
0155 1.39
0510 0.78
0721 0.97
1101 0.41
1846 1.48
2236 0.44
03
QUI
0131 1.31
0425 0.71
0702 1.07
1025 0.19
1401 1.03
1625 0.72
1942 1.33
2251 0.69
19
SÁB
0214 1.38
0549 0.65
0821 0.96
1202 0.56
1936 1.40
2306 0.63
04
SEX
0208 1.43
0527 0.63
0806 0.97
1112 0.35
1444 1.00
1723 0.60
2055 1.22
2331 0.88
20
DOM
0234 1.34
0614 0.53
0921 1.03
1608 0.52
2036 1.36
2349 0.84
05
SÁB
0253 1.42
0617 0.57
0912 0.97
1208 0.54
1514 0.93
1814 0.48
2208 1.23
21
SEG
0249 1.27
0638 0.44
1021 1.15
1704 0.35
2138 1.38
06
DOM
0040 1.06
0325 1.27
0702 0.56
1017 1.06
1329 0.68
1553 0.82
1902 0.41
2323 1.34
22
TER
0032 1.05
0255 1.20
0701 0.37
1116 1.30
1753 0.19
2246 1.45
07
SEG
0738 0.62
1114 1.19
1940 0.39
23
QUA
0717 0.34
1204 1.44
1832 0.08
2355 1.55
08
TER
0021 1.49
0721 0.69
1204 1.31
1955 0.41
24
QUI
0736 0.35
1251 1.58
1908 0.02
09
QUA
0108 1.61
0553 0.41
1251 1.42
1823 0.34
25
SEX
0059 1.65
0725 0.37
1338 1.71
1932 0.05
10
QUI
0151 1.69
0621 0.16
1325 1.52
1846 0.21
26
SÁB
0151 1.72
0657 0.31
1425 1.81
1940 0.13
11
SEX
0227 1.72
0701 -0.02
1404 1.60
1908 0.11
27
DOM
0238 1.72
0706 0.18
1512 1.88
1953 0.23
12
SÁB
0304 1.69
0732 -0.09
1446 1.67
1938 0.06
28
SEG
0317 1.65
0738 0.10
1602 1.90
2010 0.31
2306 0.72
13
DOM
0342 1.61
0804 -0.11
1521 1.71
2004 0.03
29
TER
0021 0.68
0404 1.52
0806 0.04
1116 0.79
1253 0.71
1651 1.85
2044 0.39
2351 0.98
14
SEG
0414 1.49
0840 -0.05
1602 1.73
2031 0.05
30
QUA
0155 0.78
0457 1.34
0849 0.06
1202 0.83
1355 0.68
1738 1.74
2112 0.47
15
TER
0201 1.08
0455 1.34
0908 0.03
1640 1.70
2102 0.08
16
QUA
0102 1.23
0321 1.04
0538 1.19
0944 0.14
1716 1.65
2129 0.17
DG6-62 Original
162
PORTO DE SÃO FRANCISCO DO SUL (ESTADO DE SANTA CATARINA) - 2025
Latitude 26° 14'.7 S Longitude 48° 38'.5 W Fuso UTC -03.0 horas
DHN-20 95 Componentes Nível Médio 0.89 m Carta 1804
Maio
HORA ALT(m) HORA ALT(m)
01
QUI
0029 1.21
0306 0.80
0549 1.17
0925 0.13
1246 0.85
1453 0.65
1823 1.59
2157 0.56
17
SÁB
0134 1.33
0447 0.81
0702 1.03
1110 0.37
1821 1.62
2216 0.44
02
SEX
0114 1.38
0414 0.75
0651 1.04
1012 0.25
1327 0.85
1551 0.62
1917 1.43
2238 0.66
18
DOM
0157 1.33
0516 0.68
0804 1.04
1310 0.46
1908 1.54
2257 0.59
03
SÁB
0202 1.46
0514 0.68
0757 1.00
1106 0.38
1416 0.84
1649 0.60
2017 1.30
2325 0.77
19
SEG
0214 1.29
0549 0.57
0902 1.11
1510 0.42
2001 1.47
2332 0.76
04
DOM
0249 1.40
0604 0.64
0901 1.04
1212 0.50
1506 0.82
1746 0.58
2127 1.25
20
TER
0232 1.23
0610 0.48
0955 1.22
1614 0.36
2101 1.41
05
SEG
0029 0.88
0325 1.23
0646 0.65
0957 1.13
1323 0.58
1601 0.76
1836 0.57
2240 1.28
21
QUA
0014 0.92
0251 1.15
0636 0.43
1038 1.34
1710 0.29
2202 1.39
06
TER
0212 0.90
0406 0.98
0706 0.70
1047 1.24
1444 0.59
1701 0.69
1916 0.58
2344 1.36
22
QUI
0659 0.40
1121 1.47
1802 0.25
2316 1.41
07
QUA
0432 0.68
1123 1.34
1602 0.54
1953 0.61
23
SEX
0721 0.40
1208 1.58
1849 0.27
08
QUI
0038 1.46
0519 0.41
1202 1.43
1704 0.45
24
SÁB
0032 1.48
0731 0.42
1302 1.67
1932 0.34
09
SEX
0121 1.53
0601 0.18
1242 1.51
1753 0.36
25
DOM
0127 1.54
0623 0.34
1401 1.74
1914 0.44
10
SÁB
0202 1.57
0636 0.04
1319 1.59
1825 0.28
26
SEG
0212 1.56
0647 0.22
1457 1.80
1919 0.51
2259 0.60
11
DOM
0240 1.56
0708 -0.03
1406 1.65
1902 0.23
27
TER
0301 1.53
0712 0.14
1006 0.60
1110 0.56
1549 1.84
1955 0.54
2229 0.82
12
SEG
0310 1.51
0747 -0.04
1455 1.70
1934 0.21
28
QUA
0014 0.72
0347 1.44
0755 0.11
1053 0.63
1219 0.53
1638 1.83
2025 0.55
2325 1.01
13
TER
0349 1.42
0816 0.00
1540 1.73
2004 0.19
29
QUI
0134 0.83
0432 1.31
0832 0.14
1125 0.66
1317 0.51
1723 1.78
2106 0.53
14
QUA
0008 1.11
0140 1.07
0423 1.30
0855 0.07
1619 1.74
2040 0.22
30
SEX
0019 1.20
0255 0.89
0523 1.18
0916 0.19
1212 0.69
1412 0.53
1810 1.68
2153 0.51
15
QUI
0036 1.21
0259 1.04
0506 1.18
0929 0.16
1701 1.73
2108 0.25
31
SÁB
0112 1.34
0404 0.88
0625 1.09
1008 0.26
1306 0.71
1504 0.58
1901 1.55
2234 0.51
16
SEX
0104 1.30
0401 0.94
0602 1.08
1012 0.26
1744 1.68
2147 0.33
Junho
HORA ALT(m) HORA ALT(m)
01
DOM
0202 1.41
0504 0.83
0729 1.06
1102 0.34
1406 0.75
1601 0.65
1951 1.41
2317 0.54
17
TER
0210 1.24
0517 0.70
0823 1.19
1351 0.40
1938 1.52
2319 0.59
02
SEG
0251 1.37
0553 0.80
0827 1.09
1202 0.40
1512 0.78
1701 0.71
2047 1.29
18
QUA
0234 1.21
0553 0.61
0912 1.26
1523 0.43
2027 1.40
03
TER
0008 0.62
0329 1.23
0621 0.79
0917 1.16
1301 0.46
1614 0.82
1804 0.74
2149 1.22
19
QUI
0002 0.71
0259 1.13
0616 0.54
1002 1.35
1638 0.47
2127 1.29
04
QUA
0114 0.71
0410 1.02
0649 0.79
1002 1.25
1357 0.50
1708 0.84
1906 0.75
2255 1.22
20
SEX
0055 0.83
0316 1.01
0651 0.49
1053 1.43
1806 0.50
2246 1.24
05
QUI
0306 0.72
0506 0.78
0634 0.76
1047 1.33
1455 0.53
1804 0.83
2002 0.75
21
SÁB
0719 0.44
1146 1.51
1932 0.51
06
SEX
0001 1.27
0502 0.52
1121 1.41
1553 0.54
1902 0.82
2049 0.76
22
DOM
0004 1.28
0757 0.41
1242 1.58
2047 0.53
07
SÁB
0057 1.34
0549 0.32
1202 1.49
1649 0.52
2002 0.82
2125 0.79
23
SEG
0106 1.37
0840 0.40
1342 1.65
2155 0.56
08
DOM
0140 1.40
0625 0.17
1247 1.55
1742 0.50
2157 0.83
24
TER
0201 1.44
0640 0.30
0944 0.40
1442 1.73
1919 0.72
2046 0.74
2255 0.63
09
SEG
0214 1.43
0702 0.07
1334 1.61
1823 0.46
25
QUA
0246 1.46
0710 0.21
1051 0.39
1536 1.80
1953 0.66
2210 0.82
2355 0.76
10
TER
0251 1.44
0738 0.04
1423 1.66
1906 0.41
26
QUI
0325 1.44
0755 0.17
1017 0.46
1151 0.40
1623 1.84
2025 0.56
11
QUA
0323 1.40
0810 0.03
1514 1.72
1949 0.38
27
SEX
0101 0.91
0408 1.38
0834 0.16
1108 0.51
1247 0.43
1710 1.83
2104 0.43
12
QUI
0053 1.01
0402 1.35
0851 0.06
1602 1.76
2021 0.35
28
SÁB
0040 1.14
0212 1.04
0457 1.30
0914 0.17
1204 0.58
1338 0.51
1757 1.76
2147 0.33
13
SEX
0014 1.10
0202 1.03
0451 1.27
0929 0.12
1647 1.78
2101 0.33
29
DOM
0123 1.29
0344 1.09
0551 1.21
1001 0.19
1306 0.66
1423 0.62
1838 1.63
2223 0.27
14
SÁB
0053 1.18
0306 0.99
0544 1.19
1014 0.18
1725 1.77
2138 0.36
30
SEG
0208 1.38
0453 1.05
0649 1.15
1049 0.23
1412 0.76
1517 0.74
1917 1.48
2304 0.28
15
DOM
0117 1.22
0402 0.90
0640 1.14
1108 0.26
1806 1.72
2208 0.40
16
SEG
0149 1.25
0447 0.80
0732 1.14
1217 0.34
1853 1.64
2249 0.48
Julho
HORA ALT(m) HORA ALT(m)
01
TER
0253 1.38
0538 1.00
0746 1.14
1129 0.30
1514 0.86
1636 0.84
2002 1.32
2347 0.38
17
QUI
0238 1.23
0529 0.76
0836 1.26
1234 0.55
2004 1.32
2346 0.49
02
QUA
0323 1.27
0604 0.94
0838 1.16
1214 0.37
1602 0.95
1755 0.87
2057 1.18
18
SEX
0302 1.17
0604 0.63
0931 1.29
1331 0.70
1529 0.74
1731 0.67
2104 1.17
03
QUI
0027 0.53
0401 1.11
0621 0.88
0921 1.20
1304 0.46
1646 0.99
1902 0.84
2157 1.09
19
SÁB
0021 0.63
0331 1.06
0646 0.51
1029 1.35
1559 0.85
1855 0.64
2221 1.08
04
SEX
0125 0.69
0416 0.89
0627 0.77
1004 1.28
1357 0.55
1716 1.00
2001 0.79
2310 1.08
20
DOM
0116 0.77
0351 0.91
0714 0.40
1129 1.42
1959 0.58
2353 1.13
05
SÁB
0621 0.61
1053 1.36
1449 0.63
1759 0.98
2047 0.75
21
SEG
0757 0.31
1231 1.51
2057 0.56
06
DOM
0029 1.15
0625 0.42
1132 1.44
1547 0.69
1842 0.93
2117 0.75
22
TER
0059 1.26
0836 0.26
1332 1.61
2146 0.59
07
SEG
0116 1.26
0647 0.25
1214 1.52
1653 0.70
1929 0.87
2155 0.76
23
QUA
0149 1.38
0910 0.25
1429 1.71
2221 0.68
08
TER
0157 1.35
0714 0.11
1304 1.59
1802 0.66
2055 0.82
2217 0.79
24
QUI
0227 1.47
0734 0.20
1521 1.80
1955 0.56
09
QUA
0231 1.42
0747 0.03
1401 1.65
1901 0.58
25
SEX
0306 1.52
0801 0.12
1608 1.85
2019 0.38
10
QUI
0306 1.46
0814 -0.02
1455 1.72
1946 0.49
26
SÁB
0349 1.51
0829 0.08
1653 1.84
2059 0.20
11
SEX
0347 1.46
0851 -0.03
1546 1.78
2017 0.41
27
DOM
0421 1.46
0902 0.05
1732 1.77
2131 0.10
12
SÁB
0427 1.43
0921 0.00
1631 1.82
2057 0.34
28
SEG
0302 1.30
0459 1.38
0940 0.07
1808 1.65
2206 0.05
13
DOM
0201 1.01
0510 1.38
0959 0.06
1710 1.82
2125 0.30
29
TER
0216 1.40
0419 1.28
0536 1.30
1012 0.11
1502 0.86
1851 1.49
2246 0.10
14
SEG
0112 1.12
0304 1.01
0601 1.33
1031 0.15
1755 1.77
2201 0.29
30
QUA
0253 1.39
0514 1.19
0636 1.22
1055 0.20
1447 0.99
1623 0.93
1929 1.30
2314 0.23
15
TER
0146 1.19
0404 0.95
0655 1.29
1110 0.26
1834 1.65
2234 0.32
31
QUI
0312 1.29
0546 1.09
0740 1.17
1129 0.32
1519 1.08
1746 0.92
2010 1.14
2355 0.40
16
QUA
0208 1.23
0455 0.86
0746 1.26
1151 0.40
1914 1.50
2304 0.38
Agosto
HORA ALT(m) HORA ALT(m)
01
SEX
0336 1.14
0559 0.94
0836 1.17
1208 0.46
1557 1.14
1851 0.85
2104 1.01
17
DOM
0002 0.51
0317 1.09
0629 0.46
1014 1.27
1312 1.00
1538 1.12
1902 0.62
2210 0.99
02
SÁB
0025 0.61
0349 0.96
0604 0.77
0927 1.21
1257 0.60
1625 1.15
1942 0.76
2212 0.96
18
SEG
0057 0.71
0340 0.95
0706 0.30
1123 1.37
1555 1.12
1959 0.56
2340 1.07
03
DOM
0116 0.79
0310 0.83
0616 0.57
1014 1.29
1347 0.73
1701 1.11
2016 0.70
2353 1.03
19
TER
0746 0.20
1227 1.51
2042 0.57
04
SEG
0636 0.38
1102 1.39
1447 0.83
1725 1.03
2053 0.67
20
QUA
0046 1.24
0812 0.16
1321 1.63
2108 0.63
05
TER
0059 1.18
0657 0.20
1153 1.49
1608 0.88
1749 0.91
2114 0.66
21
QUI
0129 1.41
0831 0.17
1412 1.73
1910 0.56
06
QUA
0138 1.33
0716 0.05
1240 1.58
2132 0.66
22
SEX
0208 1.54
0729 0.12
1502 1.80
1932 0.34
07
QUI
0210 1.47
0744 -0.06
1332 1.67
1932 0.61
23
SÁB
0249 1.61
0749 0.03
1547 1.83
2004 0.13
08
SEX
0251 1.57
0806 -0.13
1431 1.74
1953 0.48
24
DOM
0317 1.63
0808 -0.04
1627 1.80
2040 0.00
09
SÁB
0325 1.63
0834 -0.15
1523 1.81
2012 0.36
25
SEG
0351 1.61
0842 -0.05
1704 1.72
2108 -0.08
10
DOM
0402 1.64
0901 -0.12
1610 1.85
2046 0.27
26
TER
0416 1.56
0906 -0.04
1746 1.59
2147 -0.06
11
SEG
0444 1.61
0923 -0.05
1657 1.83
2108 0.20
27
QUA
0444 1.47
0944 0.03
1336 1.03
1506 0.97
1819 1.42
2214 0.02
12
TER
0523 1.54
0955 0.07
1738 1.73
2144 0.16
28
QUI
0404 1.34
0527 1.36
1010 0.13
1404 1.15
1617 0.97
1859 1.24
2253 0.17
13
QUA
0138 1.15
0310 1.07
0608 1.45
1017 0.21
1816 1.59
2210 0.16
29
SEX
0310 1.24
0449 1.19
0634 1.25
1049 0.28
1440 1.23
1725 0.91
1946 1.08
2317 0.35
14
QUI
0201 1.22
0412 0.98
0702 1.36
1057 0.39
1402 0.77
1519 0.72
1901 1.40
2249 0.22
30
SÁB
0312 1.09
0504 0.99
0746 1.19
1119 0.45
1508 1.27
1821 0.81
2038 0.96
2355 0.54
15
SEX
0225 1.24
0504 0.83
0801 1.27
1125 0.60
1429 0.91
1649 0.74
1953 1.20
2317 0.34
31
DOM
0308 0.95
0525 0.78
0847 1.19
1202 0.62
1542 1.26
1906 0.70
2146 0.93
16
SÁB
0255 1.20
0555 0.65
0904 1.24
1208 0.80
1502 1.05
1801 0.69
2055 1.04
DG6-62 Original
163
PORTO DE SÃO FRANCISCO DO SUL (ESTADO DE SANTA CATARINA) - 2025
Latitude 26° 14'.7 S Longitude 48° 38'.5 W Fuso UTC -03.0 horas
DHN-20 95 Componentes Nível Médio 0.89 m Carta 1804
Setembro
HORA ALT(m) HORA ALT(m)
01
SEG
0027 0.75
0253 0.85
0553 0.55
0942 1.25
1251 0.80
1602 1.20
1946 0.63
2306 1.00
17
QUA
0723 0.19
1216 1.51
2010 0.61
02
TER
0610 0.34
1031 1.35
1353 0.94
1616 1.10
2006 0.58
18
QUI
0016 1.30
0753 0.19
1304 1.63
1825 0.64
03
QUA
0029 1.17
0636 0.15
1119 1.47
2027 0.55
19
SEX
0104 1.46
0714 0.21
1349 1.71
1832 0.38
04
QUI
0110 1.36
0701 -0.02
1212 1.59
2036 0.53
20
SÁB
0146 1.58
0659 0.10
1432 1.75
1904 0.14
05
SEX
0149 1.54
0723 -0.14
1308 1.68
2004 0.49
21
DOM
0216 1.67
0714 0.00
1516 1.75
1942 -0.03
06
SÁB
0223 1.68
0749 -0.21
1406 1.76
1946 0.40
22
SEG
0251 1.71
0744 -0.06
1559 1.71
2012 -0.12
07
DOM
0301 1.77
0808 -0.22
1502 1.81
1959 0.29
23
TER
0317 1.71
0808 -0.09
1640 1.62
2051 -0.12
08
SEG
0336 1.81
0827 -0.16
1553 1.82
2016 0.19
24
QUA
0351 1.68
0842 -0.05
1359 1.01
1714 1.48
2119 -0.06
09
TER
0412 1.80
0853 -0.06
1636 1.76
2051 0.11
25
QUI
0423 1.60
0906 0.01
1304 1.16
1506 1.01
1755 1.33
2155 0.04
10
QUA
0457 1.73
0912 0.06
1714 1.64
2114 0.06
26
SEX
0504 1.50
0942 0.12
1334 1.27
1608 0.96
1832 1.17
2221 0.18
11
QUI
0114 1.07
0216 1.05
0542 1.60
0944 0.24
1259 0.83
1436 0.74
1801 1.47
2153 0.07
27
SÁB
0559 1.38
1008 0.26
1402 1.34
1708 0.87
1914 1.04
2259 0.34
12
SEX
0138 1.14
0342 0.98
0631 1.44
1008 0.42
1321 1.03
1551 0.75
1849 1.27
2221 0.14
28
DOM
0659 1.28
1049 0.43
1434 1.35
1801 0.76
2010 0.96
2332 0.53
13
SÁB
0202 1.16
0440 0.81
0734 1.29
1051 0.65
1401 1.19
1659 0.71
1944 1.09
2302 0.28
29
SEG
0255 0.83
0427 0.78
0801 1.24
1119 0.61
1501 1.32
1838 0.66
2114 0.96
14
DOM
0234 1.12
0525 0.60
0847 1.21
1125 0.87
1440 1.28
1801 0.64
2051 0.98
2349 0.50
30
TER
0019 0.72
0214 0.77
0504 0.56
0901 1.27
1204 0.80
1516 1.23
1904 0.57
2227 1.05
15
SEG
0301 1.04
0608 0.39
1002 1.25
1225 1.08
1512 1.27
1857 0.58
2204 1.00
16
TER
0044 0.72
0316 0.92
0653 0.25
1116 1.37
1942 0.57
2314 1.12
Outubro
HORA ALT(m) HORA ALT(m)
01
QUA
0538 0.35
0957 1.35
1302 0.98
1523 1.13
1925 0.51
2338 1.22
17
SEX
0732 0.35
1234 1.56
1717 0.54
02
QUI
0602 0.14
1051 1.45
1944 0.46
18
SÁB
0029 1.47
0601 0.31
1317 1.62
1801 0.28
03
SEX
0031 1.40
0632 -0.02
1146 1.57
1953 0.43
19
DOM
0106 1.58
0612 0.18
1404 1.65
1840 0.07
04
SÁB
0112 1.58
0659 -0.13
1242 1.66
1944 0.41
20
SEG
0146 1.66
0642 0.08
1449 1.64
1914 -0.05
05
DOM
0151 1.73
0719 -0.18
1342 1.73
1921 0.35
21
TER
0216 1.72
0708 0.01
1529 1.58
1955 -0.10
06
SEG
0227 1.85
0740 -0.15
1436 1.75
1927 0.25
22
QUA
0255 1.74
0742 0.01
1608 1.50
2025 -0.07
07
TER
0306 1.91
0759 -0.07
1521 1.73
1955 0.15
23
QUI
0329 1.73
0808 0.03
1212 1.12
1357 1.05
1649 1.38
2102 -0.01
08
QUA
0349 1.91
0814 0.05
1608 1.66
2016 0.07
24
SEX
0406 1.68
0844 0.09
1240 1.22
1501 1.02
1725 1.26
2134 0.09
09
QUI
0431 1.83
0844 0.19
1159 0.79
1317 0.72
1657 1.52
2055 0.04
25
SÁB
0451 1.60
0910 0.17
1306 1.31
1559 0.96
1804 1.14
2206 0.20
10
SEX
0025 0.91
0132 0.89
0517 1.69
0908 0.34
1217 1.02
1442 0.74
1746 1.35
2125 0.07
26
DOM
0538 1.51
0949 0.28
1340 1.36
1649 0.87
1901 1.05
2249 0.35
11
SÁB
0101 0.97
0257 0.83
0610 1.52
0949 0.52
1301 1.23
1551 0.72
1834 1.18
2204 0.16
27
SEG
0627 1.42
1017 0.42
1404 1.36
1725 0.76
1959 1.01
2336 0.50
12
DOM
0134 0.99
0401 0.70
0712 1.36
1019 0.70
1344 1.35
1653 0.68
1934 1.05
2253 0.32
28
TER
0719 1.36
1059 0.58
1431 1.30
1802 0.66
2059 1.04
13
SEG
0206 0.99
0501 0.53
0821 1.26
1106 0.88
1423 1.37
1751 0.63
2046 1.01
2344 0.52
29
QUA
0402 0.55
0816 1.34
1142 0.76
1449 1.22
1829 0.57
2201 1.13
14
TER
0246 0.93
0549 0.39
0940 1.26
1216 1.03
1506 1.28
1840 0.61
2153 1.08
30
QUI
0453 0.37
0912 1.37
1229 0.93
1501 1.13
1853 0.50
2257 1.27
15
QUA
0055 0.70
0306 0.84
0629 0.31
1051 1.35
1412 1.04
1555 1.09
1916 0.63
2255 1.20
31
SEX
0529 0.20
1008 1.43
1908 0.45
2347 1.43
16
QUI
0704 0.30
1147 1.46
1946 0.69
2349 1.34
Novembro
HORA ALT(m) HORA ALT(m)
01
SÁB
0602 0.06
1108 1.50
1927 0.42
17
SEG
0029 1.52
0523 0.34
1340 1.49
1814 0.15
02
DOM
0029 1.58
0632 -0.01
1212 1.57
1934 0.41
18
TER
0106 1.61
0602 0.25
1419 1.49
1901 0.04
03
SEG
0112 1.73
0657 0.00
1312 1.62
1859 0.38
19
QUA
0149 1.67
0638 0.21
1502 1.46
1940 0.00
04
TER
0159 1.84
0712 0.07
1406 1.64
1902 0.27
20
QUI
0227 1.72
0708 0.18
1204 1.02
1546 1.41
2014 0.01
05
QUA
0244 1.91
0723 0.17
1501 1.61
1921 0.17
21
SEX
0308 1.74
0749 0.19
1151 1.11
1323 1.04
1621 1.34
2053 0.05
06
QUI
0327 1.92
0751 0.28
1153 0.65
1549 1.54
1959 0.11
2357 0.65
22
SÁB
0353 1.73
0817 0.21
1212 1.19
1425 1.02
1702 1.27
2127 0.11
07
SEX
0414 1.87
0814 0.39
1112 0.90
1312 0.72
1636 1.43
2029 0.10
23
DOM
0434 1.68
0857 0.25
1251 1.26
1519 0.97
1751 1.19
2206 0.19
08
SÁB
0102 0.65
0504 1.76
0855 0.50
1159 1.11
1425 0.74
1723 1.30
2108 0.14
24
SEG
0516 1.62
0929 0.31
1317 1.29
1608 0.90
1840 1.13
2253 0.29
09
DOM
0014 0.77
0210 0.63
0601 1.61
0931 0.60
1246 1.27
1531 0.75
1816 1.18
2157 0.23
25
TER
0604 1.55
1004 0.39
1351 1.28
1655 0.82
1929 1.11
2346 0.40
10
SEG
0104 0.81
0317 0.59
0701 1.46
1014 0.68
1334 1.35
1632 0.74
1916 1.11
2247 0.35
26
QUA
0657 1.49
1047 0.51
1414 1.23
1725 0.73
2023 1.13
11
TER
0153 0.83
0419 0.53
0801 1.36
1106 0.76
1421 1.34
1729 0.73
2019 1.10
2346 0.48
27
QUI
0123 0.49
0747 1.44
1121 0.65
1436 1.17
1759 0.65
2117 1.20
12
QUA
0234 0.83
0516 0.48
0902 1.31
1210 0.82
1512 1.24
1817 0.73
2121 1.15
28
SEX
0401 0.41
0840 1.40
1206 0.79
1457 1.09
1821 0.58
2210 1.30
13
QUI
0053 0.58
0314 0.79
0606 0.46
1004 1.31
1334 0.82
1608 1.07
1901 0.75
2214 1.25
29
SÁB
0455 0.31
0934 1.39
1306 0.91
1506 1.00
1851 0.52
2302 1.41
14
SEX
0206 0.62
0402 0.70
0657 0.49
1104 1.36
1504 0.72
1725 0.86
1916 0.79
2304 1.35
30
DOM
0540 0.24
1036 1.39
1912 0.48
2353 1.54
15
SÁB
0340 0.57
0544 0.61
0732 0.55
1202 1.42
1627 0.53
2351 1.44
16
DOM
0446 0.45
1253 1.47
1727 0.32
Dezembro
HORA ALT(m) HORA ALT(m)
01
SEG
0619 0.22
1146 1.41
1944 0.45
17
QUA
0038 1.53
0521 0.49
0955 0.83
1401 1.35
1901 0.17
02
TER
0042 1.66
0651 0.27
1251 1.45
2019 0.44
18
QUI
0119 1.62
0606 0.44
1444 1.37
1942 0.08
03
QUA
0132 1.77
0704 0.38
1349 1.48
1842 0.36
19
SEX
0206 1.69
0653 0.39
1521 1.38
2016 0.04
04
QUI
0221 1.85
0706 0.47
0910 0.56
1010 0.56
1440 1.48
1906 0.26
20
SÁB
0253 1.73
0729 0.36
1123 1.01
1244 0.99
1602 1.38
2055 0.03
05
SEX
0312 1.89
0729 0.54
0959 0.73
1147 0.64
1527 1.46
1947 0.21
2208 0.49
2338 0.43
21
DOM
0334 1.75
0806 0.32
1202 1.07
1344 1.01
1647 1.36
2127 0.05
06
SÁB
0404 1.88
0806 0.58
1053 0.91
1259 0.72
1614 1.42
2021 0.19
2302 0.54
22
SEG
0416 1.74
0849 0.31
1236 1.13
1436 1.00
1725 1.33
2204 0.09
07
DOM
0038 0.44
0459 1.81
0849 0.58
1149 1.07
1402 0.79
1704 1.35
2104 0.19
2357 0.59
23
TER
0502 1.71
0919 0.31
1306 1.17
1519 0.97
1808 1.29
2242 0.17
08
SEG
0138 0.47
0549 1.70
0929 0.56
1246 1.20
1506 0.86
1759 1.28
2155 0.23
24
QUA
0549 1.65
0959 0.33
1344 1.19
1606 0.92
1901 1.26
2321 0.27
09
TER
0051 0.66
0244 0.53
0642 1.57
1012 0.51
1340 1.29
1610 0.90
1855 1.22
2244 0.29
25
QUI
0632 1.57
1034 0.40
1408 1.18
1655 0.86
1951 1.24
10
QUA
0146 0.75
0353 0.58
0732 1.44
1102 0.50
1429 1.31
1710 0.91
1953 1.19
2331 0.36
26
SEX
0010 0.38
0716 1.49
1106 0.48
1436 1.14
1725 0.79
2040 1.25
11
QUI
0236 0.82
0457 0.62
0823 1.34
1157 0.52
1517 1.26
1804 0.90
2051 1.20
27
SÁB
0123 0.51
0806 1.40
1151 0.60
1501 1.09
1802 0.70
2127 1.29
12
SEX
0019 0.44
0323 0.86
0557 0.64
0919 1.26
1255 0.58
1610 1.13
1846 0.89
2142 1.23
28
DOM
0444 0.49
0902 1.31
1232 0.71
1525 1.01
1834 0.62
2221 1.36
13
SÁB
0114 0.52
0416 0.86
0651 0.66
1017 1.22
1404 0.62
1706 0.95
1902 0.86
2225 1.29
29
SEG
0551 0.46
1004 1.24
1332 0.81
1553 0.91
1906 0.51
2319 1.45
14
DOM
0217 0.57
0516 0.84
0742 0.69
1121 1.23
1536 0.59
2308 1.37
30
TER
0653 0.44
1119 1.23
1949 0.42
15
SEG
0327 0.58
0625 0.81
0827 0.73
1221 1.27
1706 0.47
2355 1.45
31
QUA
0019 1.57
0759 0.46
1231 1.28
2029 0.34
16
TER
0431 0.55
0747 0.81
0908 0.78
1312 1.32
1810 0.30
DG6-62 Original
