164
PORTO DE ITAJAÍ (ESTADO DE SANTA CATARINA) - 2025
Latitude 26° 54'.4 S Longitude 48° 38'.9 W Fuso UTC -03.0 horas
CHM 78 Componentes Nível Médio 0.6 m Carta 1841
Janeiro
HORA ALT(m) HORA ALT(m)
01
QUA
0314 1.13
0736 0.50
0919 0.54
1121 0.50
1540 0.90
2210 0.02
17
SEX
0438 1.04
0847 0.31
1619 1.04
2106 0.21
02
QUI
0359 1.11
0806 0.50
1017 0.58
1217 0.54
1612 0.92
2302 0.06
18
SÁB
0506 1.00
0917 0.33
1701 1.02
2138 0.29
03
SEX
0444 1.08
0847 0.52
1106 0.63
1321 0.60
1659 0.92
2359 0.13
19
DOM
0547 0.92
0957 0.36
1744 0.98
2204 0.36
04
SÁB
0519 1.02
0914 0.54
1153 0.69
1429 0.63
1746 0.92
20
SEG
0617 0.85
1025 0.44
1819 0.94
2240 0.46
05
DOM
0059 0.21
0602 0.96
0955 0.56
1227 0.73
1510 0.65
1827 0.90
21
TER
0342 0.61
0702 0.79
1102 0.52
1906 0.90
2308 0.54
06
SEG
0201 0.31
0653 0.88
1017 0.60
1308 0.75
1602 0.63
1921 0.90
22
QUA
0229 0.69
0444 0.63
0759 0.75
1149 0.61
1332 0.62
1602 0.58
2008 0.85
2353 0.65
07
TER
0321 0.40
0744 0.79
1053 0.61
1351 0.75
1659 0.58
2032 0.88
23
QUI
0249 0.73
0555 0.60
0919 0.73
1701 0.48
2134 0.85
08
QUA
0446 0.44
0846 0.73
1136 0.63
1408 0.71
1742 0.50
2202 0.90
24
SEX
0104 0.73
0251 0.75
0646 0.56
1127 0.77
1742 0.35
2304 0.90
09
QUI
0602 0.46
1001 0.71
1225 0.65
1406 0.67
1821 0.40
2329 0.96
25
SÁB
0731 0.50
1225 0.83
1821 0.23
10
SEX
0706 0.46
1104 0.75
1906 0.29
26
DOM
0008 0.98
0808 0.44
1304 0.88
1902 0.12
11
SÁB
0027 1.02
0802 0.46
1202 0.79
1953 0.17
27
SEG
0102 1.08
0851 0.40
1338 0.94
1942 0.03
12
DOM
0116 1.08
0847 0.48
1255 0.85
2029 0.08
28
TER
0149 1.15
0925 0.38
1410 0.98
2025 -0.02
13
SEG
0202 1.11
0917 0.50
1338 0.92
2104 0.03
29
QUA
0229 1.19
1001 0.38
1449 1.02
2110 -0.05
14
TER
0246 1.13
0702 0.52
0806 0.56
0946 0.54
1416 0.98
2149 0.03
30
QUI
0306 1.21
1029 0.42
1521 1.04
2159 -0.03
15
QUA
0317 1.12
0727 0.44
1502 1.02
2216 0.08
31
SEX
0347 1.19
0804 0.46
1102 0.48
1601 1.08
2253 0.03
16
QUI
0401 1.10
0804 0.35
1547 1.04
2159 0.19
2255 0.17
Fevereiro
HORA ALT(m) HORA ALT(m)
01
SÁB
0419 1.13
0827 0.44
1634 1.08
2342 0.15
17
SEG
0506 0.94
0932 0.29
1704 1.06
2129 0.33
02
DOM
0501 1.06
0901 0.42
1710 1.06
18
TER
0542 0.88
1002 0.38
1746 1.00
2157 0.44
03
SEG
0040 0.29
0534 0.96
0927 0.42
1759 1.02
2217 0.50
2347 0.52
19
QUA
0202 0.73
0342 0.69
0610 0.79
1021 0.46
1825 0.92
2221 0.54
04
TER
0153 0.46
0610 0.86
0955 0.44
1329 0.71
1525 0.67
1851 0.94
2240 0.62
20
QUI
0204 0.79
0438 0.69
0657 0.73
1053 0.56
1253 0.60
1512 0.56
1921 0.85
2257 0.65
05
QUA
0038 0.69
0351 0.54
0657 0.77
1017 0.46
1355 0.71
1629 0.61
2001 0.85
2253 0.73
21
SEX
0216 0.83
0551 0.65
0808 0.69
1055 0.67
1229 0.67
1623 0.46
2055 0.83
2316 0.77
06
QUI
0131 0.81
0502 0.58
0755 0.71
1057 0.52
1412 0.71
1717 0.50
2255 0.83
22
SÁB
0217 0.85
0632 0.58
1234 0.75
1708 0.35
07
SEX
0212 0.90
0616 0.56
0902 0.69
1146 0.58
1427 0.67
1810 0.38
23
DOM
0102 0.90
0708 0.50
1240 0.83
1755 0.23
08
SÁB
0108 0.96
0714 0.54
1029 0.71
1353 0.67
1857 0.25
24
SEG
0021 1.02
0747 0.42
1302 0.90
1838 0.09
09
DOM
0053 1.04
0755 0.52
1136 0.79
1931 0.15
25
TER
0104 1.12
0814 0.35
1325 0.98
1921 -0.01
10
SEG
0123 1.10
0817 0.50
1238 0.90
2004 0.06
26
QUA
0142 1.19
0853 0.33
1355 1.06
2008 -0.06
11
TER
0157 1.15
0838 0.50
1321 1.00
2044 0.03
27
QUI
0212 1.25
0919 0.33
1423 1.12
2055 -0.08
12
QUA
0227 1.17
0701 0.44
1402 1.08
2106 0.04
28
SEX
0249 1.25
0953 0.35
1501 1.19
2147 -0.03
13
QUI
0301 1.17
0717 0.31
1447 1.12
2144 0.09
14
SEX
0334 1.13
0757 0.23
1521 1.15
2019 0.15
15
SÁB
0404 1.08
0825 0.21
1559 1.15
2046 0.19
16
DOM
0442 1.02
0902 0.23
1631 1.11
2102 0.25
Março
HORA ALT(m) HORA ALT(m)
01
SÁB
0317 1.21
0749 0.36
1002 0.40
1532 1.21
2238 0.08
17
SEG
0402 1.00
0842 0.17
1602 1.15
2032 0.25
02
DOM
0357 1.13
0804 0.31
1606 1.21
2317 0.25
18
TER
0436 0.92
0908 0.23
1640 1.10
2057 0.33
03
SEG
0429 1.04
0832 0.29
1649 1.13
2104 0.42
2301 0.48
19
QUA
0501 0.85
0942 0.33
1712 1.02
2117 0.44
04
TER
0029 0.44
0502 0.94
0859 0.29
1731 1.04
2121 0.52
20
QUI
0125 0.79
0325 0.73
0527 0.77
1004 0.44
1757 0.94
2149 0.56
05
QUA
0002 0.67
0244 0.58
0542 0.83
0925 0.33
1321 0.63
1449 0.62
1816 0.90
2138 0.63
21
SEX
0140 0.85
0604 0.71
1016 0.54
1421 0.48
1849 0.86
2208 0.67
06
QUI
0051 0.85
0402 0.63
0621 0.75
0955 0.38
1327 0.65
1601 0.56
1936 0.79
2147 0.73
22
SÁB
0146 0.88
0536 0.62
0736 0.65
0912 0.63
1138 0.65
1540 0.42
2010 0.83
2223 0.81
07
SEX
0138 0.96
0519 0.63
0716 0.69
1025 0.46
1353 0.67
1701 0.46
23
DOM
0142 0.92
0604 0.54
1142 0.75
1634 0.31
08
SÁB
0208 1.02
0619 0.60
0844 0.67
1112 0.56
1359 0.67
1749 0.35
24
SEG
0108 0.96
0638 0.46
1221 0.83
1717 0.21
09
DOM
0219 0.98
0659 0.56
1002 0.73
1304 0.69
1831 0.25
25
TER
0027 1.06
0704 0.38
1238 0.92
1810 0.08
10
SEG
0044 1.04
0723 0.54
1110 0.85
1904 0.17
26
QUA
0049 1.15
0740 0.33
1259 1.02
1901 -0.01
11
TER
0102 1.11
0740 0.50
1216 0.94
1938 0.10
27
QUI
0117 1.21
0806 0.29
1321 1.11
1949 -0.05
12
QUA
0132 1.15
0734 0.44
1302 1.06
2004 0.08
28
SEX
0151 1.23
0844 0.29
1357 1.19
2044 -0.03
13
QUI
0202 1.17
0634 0.33
1344 1.13
2038 0.10
29
SÁB
0216 1.19
0906 0.31
1431 1.25
2134 0.05
14
SEX
0232 1.17
0704 0.21
1419 1.19
1936 0.15
30
DOM
0253 1.15
0714 0.27
0949 0.33
1506 1.27
2219 0.21
15
SÁB
0302 1.12
0734 0.15
1459 1.21
1953 0.15
31
SEG
0321 1.06
0742 0.23
1551 1.21
2008 0.38
2157 0.44
2312 0.40
16
DOM
0334 1.06
0806 0.13
1531 1.19
2006 0.19
Abril
HORA ALT(m) HORA ALT(m)
01
TER
0359 0.96
0802 0.21
1625 1.12
2025 0.48
2259 0.63
17
QUI
0204 0.71
0427 0.79
1029 0.29
1655 1.02
2057 0.46
02
QUA
0119 0.58
0436 0.86
0831 0.23
1710 1.00
2047 0.56
2355 0.83
18
SEX
0049 0.81
0312 0.69
0459 0.73
1210 0.35
1736 0.94
2121 0.58
03
QUI
0257 0.65
0506 0.79
0859 0.27
1227 0.52
1401 0.50
1804 0.88
2106 0.65
19
SÁB
0059 0.85
0414 0.65
0549 0.67
1347 0.38
1821 0.88
2151 0.69
04
SEX
0038 0.96
0404 0.65
0557 0.71
0934 0.35
1259 0.56
1512 0.48
1916 0.77
2116 0.73
20
DOM
0102 0.88
0502 0.58
0919 0.65
1455 0.35
1940 0.83
2136 0.81
05
SÁB
0119 1.02
0516 0.63
0702 0.69
1014 0.46
1312 0.60
1616 0.42
21
SEG
0102 0.92
0531 0.50
1038 0.73
1557 0.27
06
DOM
0159 1.02
0601 0.60
0817 0.71
1116 0.58
1327 0.61
1712 0.35
22
TER
0031 0.96
0559 0.44
1116 0.83
1649 0.19
07
SEG
0102 0.94
0157 0.94
0627 0.58
0938 0.79
1757 0.29
23
QUA
0006 1.04
0627 0.36
1142 0.92
1738 0.11
08
TER
0004 1.00
0646 0.54
1044 0.88
1836 0.25
24
QUI
0023 1.10
0655 0.31
1216 1.02
1838 0.05
09
QUA
0029 1.06
0642 0.48
1138 0.98
1904 0.21
25
SEX
0049 1.11
0731 0.29
1253 1.11
1938 0.04
10
QUI
0101 1.10
0610 0.38
1232 1.06
1938 0.19
26
SÁB
0116 1.11
0802 0.25
1323 1.19
2034 0.09
11
SEX
0132 1.10
0614 0.25
1310 1.12
1940 0.21
27
DOM
0151 1.08
0849 0.25
1406 1.21
2123 0.19
12
SÁB
0201 1.10
0646 0.17
1353 1.17
1902 0.21
28
SEG
0216 1.02
0657 0.23
0814 0.27
0932 0.25
1453 1.21
1921 0.42
2006 0.44
2216 0.35
13
DOM
0229 1.06
0712 0.11
1432 1.19
1912 0.21
29
TER
0255 0.96
0708 0.19
0908 0.29
1010 0.27
1531 1.15
1942 0.48
2129 0.58
2329 0.52
14
SEG
0301 1.02
0751 0.11
1504 1.17
1940 0.25
30
QUA
0329 0.88
0744 0.19
1004 0.31
1108 0.29
1612 1.06
2001 0.54
2240 0.73
15
TER
0329 0.94
0821 0.15
1544 1.13
2002 0.31
16
QUA
0401 0.88
0904 0.21
1614 1.08
2027 0.38
DG6-62 Original
165
PORTO DE ITAJAÍ (ESTADO DE SANTA CATARINA) - 2025
Latitude 26° 54'.4 S Longitude 48° 38'.9 W Fuso UTC -03.0 horas
CHM 78 Componentes Nível Médio 0.6 m Carta 1841
Maio
HORA ALT(m) HORA ALT(m)
01
QUI
0121 0.62
0404 0.81
0810 0.21
1051 0.35
1208 0.33
1702 0.96
2034 0.58
2338 0.88
17
SÁB
0010 0.75
0259 0.65
0451 0.69
1206 0.23
1721 0.96
2112 0.58
02
SEX
0253 0.67
0451 0.75
0847 0.29
1117 0.40
1327 0.35
1801 0.86
2104 0.63
18
DOM
0021 0.79
0342 0.61
0557 0.67
1314 0.25
1808 0.90
2151 0.69
03
SÁB
0021 0.96
0359 0.67
0549 0.71
0932 0.38
1204 0.46
1423 0.38
1902 0.79
2144 0.69
19
SEG
0031 0.83
0417 0.56
0719 0.67
1412 0.25
1910 0.86
2208 0.79
04
DOM
0108 0.96
0455 0.63
0659 0.71
1034 0.46
1251 0.52
1529 0.40
2025 0.77
2223 0.75
20
TER
0042 0.85
0457 0.50
0912 0.73
1512 0.25
05
SEG
0151 0.92
0529 0.60
0802 0.75
1302 0.56
1623 0.38
2238 0.83
21
QUA
0017 0.88
0521 0.44
1001 0.83
1612 0.21
2342 0.92
06
TER
0557 0.58
0904 0.83
1716 0.38
2321 0.90
22
QUI
0553 0.38
1044 0.92
1716 0.19
2355 0.96
07
QUA
0601 0.54
1002 0.88
1801 0.35
2355 0.94
23
SEX
0621 0.33
1129 1.00
1827 0.19
08
QUI
0544 0.46
1059 0.96
1844 0.33
24
SÁB
0012 0.96
0659 0.27
1217 1.06
1934 0.19
09
SEX
0025 0.98
0542 0.35
1153 1.00
1908 0.33
25
DOM
0044 0.94
0746 0.23
1302 1.11
2029 0.23
10
SÁB
0059 1.00
0606 0.23
1246 1.06
1902 0.35
26
SEG
0112 0.94
0832 0.19
1353 1.12
2123 0.33
11
DOM
0131 1.00
0631 0.17
1323 1.10
1823 0.33
27
TER
0153 0.92
0916 0.15
1442 1.11
2001 0.56
2217 0.42
12
SEG
0201 0.98
0708 0.11
1406 1.10
1851 0.33
28
QUA
0223 0.88
0704 0.19
0812 0.21
1008 0.13
1521 1.08
1917 0.56
2106 0.65
2332 0.56
13
TER
0227 0.94
0747 0.10
1451 1.10
1912 0.33
29
QUI
0302 0.85
0904 0.23
1104 0.13
1608 1.02
1959 0.54
2219 0.73
14
QUA
0301 0.88
0834 0.11
1521 1.08
1942 0.38
30
SEX
0102 0.63
0351 0.81
0814 0.23
1001 0.27
1159 0.17
1701 0.96
2040 0.54
2329 0.81
15
QUI
0336 0.81
0947 0.15
1602 1.04
2008 0.42
31
SÁB
0223 0.69
0440 0.77
0901 0.27
1051 0.31
1249 0.23
1749 0.90
2116 0.54
16
SEX
0002 0.71
0149 0.67
0404 0.75
1104 0.19
1644 1.00
2046 0.50
Junho
HORA ALT(m) HORA ALT(m)
01
DOM
0023 0.85
0321 0.69
0536 0.75
0955 0.35
1136 0.38
1342 0.31
1831 0.83
2201 0.56
17
TER
0014 0.73
0340 0.56
0644 0.75
1349 0.19
1846 0.88
2214 0.67
02
SEG
0114 0.85
0416 0.67
0634 0.77
1051 0.40
1219 0.44
1421 0.38
1919 0.79
2249 0.60
18
QUA
0044 0.75
0414 0.54
0744 0.79
1444 0.25
1942 0.81
2246 0.71
03
TER
0155 0.79
0459 0.65
0725 0.79
1304 0.50
1534 0.44
2017 0.77
2357 0.65
19
QUI
0057 0.75
0453 0.48
0849 0.83
1553 0.29
2102 0.77
2319 0.75
04
QUA
0206 0.73
0512 0.60
0819 0.83
1357 0.52
1631 0.46
2138 0.77
20
SEX
0521 0.42
0957 0.88
1708 0.33
2255 0.77
05
QUI
0516 0.54
0916 0.85
1744 0.48
2308 0.81
21
SÁB
0601 0.35
1101 0.92
1831 0.33
2331 0.77
06
SEX
0519 0.44
1012 0.90
1836 0.46
2355 0.85
22
DOM
0646 0.25
1202 0.98
1940 0.33
07
SÁB
0540 0.33
1114 0.92
1914 0.44
23
SEG
0006 0.79
0731 0.17
1259 1.02
2032 0.35
08
DOM
0029 0.88
0612 0.23
1212 0.96
2001 0.44
24
TER
0051 0.83
0816 0.08
1351 1.04
2121 0.38
09
SEG
0102 0.90
0644 0.15
1302 1.00
1904 0.46
2038 0.44
25
QUA
0125 0.85
0904 0.02
1440 1.06
2206 0.44
10
TER
0140 0.90
0725 0.08
1351 1.02
1836 0.44
26
QUI
0204 0.86
0959 0.00
1517 1.06
1917 0.54
2101 0.58
2238 0.54
11
QUA
0206 0.88
0812 0.05
1436 1.04
1904 0.42
27
SEX
0251 0.86
1047 0.02
1604 1.04
2001 0.46
12
QUI
0246 0.85
0901 0.04
1512 1.04
1932 0.42
28
SÁB
0340 0.86
1117 0.08
1649 0.98
2040 0.40
13
SEX
0321 0.81
0957 0.06
1557 1.04
2004 0.44
29
DOM
0417 0.85
0904 0.21
1006 0.23
1202 0.17
1719 0.94
2112 0.38
14
SÁB
0051 0.60
0402 0.77
1059 0.08
1638 1.02
2040 0.48
2351 0.65
30
SEG
0125 0.75
0253 0.73
0504 0.85
0947 0.27
1112 0.31
1251 0.29
1801 0.88
2157 0.38
15
DOM
0201 0.61
0451 0.73
1155 0.11
1714 0.98
2110 0.54
16
SEG
0004 0.69
0301 0.58
0547 0.73
1251 0.15
1759 0.94
2153 0.60
Julho
HORA ALT(m) HORA ALT(m)
01
TER
0201 0.75
0325 0.71
0559 0.83
1017 0.33
1840 0.81
2229 0.42
17
QUI
0059 0.65
0336 0.58
0659 0.83
1416 0.33
1859 0.77
2219 0.52
02
QUA
0223 0.71
0404 0.69
0651 0.83
1101 0.40
1912 0.75
2308 0.50
18
SEX
0112 0.67
0421 0.52
0802 0.81
1555 0.42
1953 0.69
2246 0.56
03
QUI
0234 0.65
0431 0.63
0740 0.81
1144 0.46
1455 0.56
1612 0.54
2006 0.71
19
SÁB
0140 0.65
0502 0.44
0921 0.81
1727 0.46
2104 0.63
2325 0.58
04
SEX
0006 0.56
0201 0.60
0446 0.54
0831 0.81
1232 0.54
1506 0.60
1749 0.56
2132 0.69
20
DOM
0140 0.62
0549 0.33
1102 0.85
1847 0.42
2247 0.65
05
SÁB
0502 0.42
0936 0.81
1344 0.58
1527 0.61
1849 0.52
2327 0.73
21
SEG
0632 0.21
1221 0.92
1947 0.40
2342 0.71
06
DOM
0538 0.31
1044 0.83
1936 0.48
22
TER
0716 0.08
1316 0.98
2027 0.38
07
SEG
0012 0.79
0612 0.19
1155 0.88
2012 0.44
23
QUA
0029 0.77
0802 -0.01
1359 1.04
2104 0.40
08
TER
0053 0.83
0649 0.09
1251 0.94
2053 0.42
24
QUI
0110 0.85
0849 -0.06
1436 1.06
2123 0.42
09
QUA
0125 0.85
0727 0.02
1342 0.98
2123 0.42
25
SEX
0157 0.92
0925 -0.06
1508 1.08
1919 0.40
10
QUI
0201 0.86
0808 -0.02
1427 1.02
2157 0.42
26
SÁB
0240 0.96
1004 -0.02
1549 1.06
1959 0.29
11
SEX
0238 0.86
0851 -0.04
1506 1.06
1949 0.42
27
DOM
0317 0.98
1051 0.06
1619 1.02
2025 0.23
12
SÁB
0314 0.86
0944 -0.03
1549 1.06
2008 0.40
28
SEG
0401 0.98
0853 0.13
1102 0.17
1657 0.96
2102 0.19
13
DOM
0357 0.86
1044 -0.01
1625 1.04
2036 0.40
29
TER
0440 0.94
0910 0.19
1723 0.88
2138 0.23
14
SEG
0432 0.85
1132 0.04
1702 1.02
2104 0.42
30
QUA
0516 0.90
0947 0.25
1759 0.83
2204 0.29
15
TER
0514 0.85
1223 0.12
1738 0.94
2140 0.46
31
QUI
0601 0.85
1016 0.33
1832 0.75
2232 0.38
16
QUA
0029 0.61
0251 0.60
0602 0.85
1316 0.21
1812 0.86
2202 0.48
Agosto
HORA ALT(m) HORA ALT(m)
01
SEX
0651 0.81
1053 0.42
1444 0.65
1617 0.60
1904 0.69
2259 0.48
17
DOM
0140 0.60
0453 0.40
1351 0.81
1755 0.50
2019 0.58
2255 0.48
02
SÁB
0153 0.54
0355 0.52
0751 0.75
1119 0.52
1457 0.69
1759 0.60
2006 0.62
2312 0.58
18
SEG
0147 0.60
0534 0.29
1417 0.86
1859 0.46
2204 0.60
2355 0.58
03
DOM
0046 0.58
0447 0.40
0901 0.75
1208 0.61
1504 0.71
1855 0.54
19
TER
0125 0.61
0619 0.15
1257 0.94
1940 0.42
2317 0.71
04
SEG
0025 0.67
0517 0.27
1023 0.77
1327 0.71
1457 0.71
1931 0.48
20
QUA
0702 0.03
1317 1.00
2004 0.40
05
TER
0027 0.75
0559 0.15
1155 0.85
2001 0.42
21
QUI
0016 0.81
0742 -0.04
1346 1.04
2021 0.38
06
QUA
0051 0.81
0632 0.04
1249 0.92
2029 0.36
22
SEX
0102 0.92
0814 -0.07
1414 1.08
2027 0.36
07
QUI
0119 0.88
0712 -0.04
1338 1.00
2101 0.33
23
SÁB
0142 1.02
0855 -0.05
1451 1.08
1908 0.25
08
SEX
0155 0.92
0749 -0.09
1416 1.06
2127 0.31
24
DOM
0217 1.06
0921 0.01
1516 1.06
1940 0.15
09
SÁB
0223 0.96
0834 -0.12
1457 1.10
2146 0.33
25
SEG
0259 1.08
0801 0.05
1555 1.00
2008 0.07
10
DOM
0301 0.98
0927 -0.10
1529 1.10
2006 0.31
26
TER
0336 1.06
0812 0.08
1621 0.94
2046 0.08
11
SEG
0336 1.00
1021 -0.05
1604 1.08
2019 0.29
27
QUA
0404 1.02
0844 0.13
1655 0.88
2112 0.13
12
TER
0406 1.00
1106 0.03
1642 1.02
2051 0.29
28
QUI
0444 0.96
0906 0.21
1717 0.81
2146 0.21
13
QUA
0449 0.98
1202 0.17
1708 0.94
2110 0.31
29
SEX
0521 0.88
0936 0.31
1401 0.65
1510 0.62
1751 0.73
2204 0.33
14
QUI
0531 0.92
1057 0.38
1304 0.31
1747 0.83
2138 0.33
30
SÁB
0604 0.81
1004 0.42
1404 0.71
1616 0.63
1816 0.65
2214 0.44
15
SEX
0247 0.58
0616 0.85
1202 0.54
1444 0.46
1821 0.73
2155 0.36
31
DOM
0110 0.50
0304 0.48
0702 0.73
1040 0.52
1417 0.75
1902 0.60
2216 0.54
16
SÁB
0117 0.60
0357 0.52
0723 0.77
1044 0.63
1301 0.69
1616 0.52
1906 0.63
2214 0.42
DG6-62 Original
166
PORTO DE ITAJAÍ (ESTADO DE SANTA CATARINA) - 2025
Latitude 26° 54'.4 S Longitude 48° 38'.9 W Fuso UTC -03.0 horas
CHM 78 Componentes Nível Médio 0.6 m Carta 1841
Setembro
HORA ALT(m) HORA ALT(m)
01
SEG
0016 0.56
0406 0.38
0821 0.71
1102 0.63
1429 0.77
1838 0.52
17
QUA
0102 0.62
0602 0.13
1225 0.94
1910 0.44
2301 0.75
02
TER
0025 0.65
0455 0.25
1149 0.75
1406 0.79
1902 0.44
18
QUI
0642 0.05
1246 1.00
1931 0.42
2355 0.88
03
QUA
0032 0.75
0529 0.13
1206 0.86
1929 0.38
19
SEX
0712 0.01
1314 1.04
1934 0.38
04
QUI
0044 0.85
0610 0.01
1244 0.96
1959 0.31
20
SÁB
0042 1.00
0747 0.00
1349 1.06
1825 0.27
05
SEX
0106 0.92
0647 -0.07
1323 1.04
2021 0.27
21
DOM
0116 1.08
0802 0.03
1414 1.04
1849 0.15
06
SÁB
0132 1.00
0727 -0.14
1359 1.10
2049 0.23
22
SEG
0157 1.12
0710 0.06
1451 1.02
1914 0.05
07
DOM
0202 1.06
0817 -0.15
1431 1.11
2055 0.25
23
TER
0234 1.13
0719 0.06
1516 0.98
1955 0.02
08
SEG
0236 1.10
0904 -0.10
1502 1.10
1946 0.23
24
QUA
0306 1.11
0747 0.09
1553 0.92
2021 0.04
09
TER
0306 1.13
1001 -0.02
1538 1.04
2001 0.19
25
QUI
0344 1.06
0808 0.15
1617 0.85
2059 0.10
10
QUA
0347 1.11
1101 0.12
1606 0.98
2017 0.19
26
SEX
0414 0.98
0838 0.23
1359 0.62
1651 0.79
2123 0.19
11
QUI
0417 1.04
0857 0.29
1012 0.33
1202 0.29
1646 0.88
2049 0.19
27
SÁB
0455 0.90
0902 0.33
1312 0.71
1506 0.65
1708 0.71
2153 0.31
12
SEX
0502 0.94
0904 0.42
1117 0.52
1340 0.46
1712 0.79
2106 0.23
28
DOM
0540 0.83
0931 0.44
1334 0.77
1612 0.63
1732 0.65
2204 0.42
2316 0.44
13
SÁB
0559 0.83
0923 0.54
1212 0.71
1516 0.54
1755 0.69
2129 0.29
29
SEG
0204 0.42
0627 0.75
1001 0.54
1351 0.79
1853 0.58
2201 0.54
2329 0.56
14
DOM
0102 0.54
0321 0.46
0704 0.71
0919 0.65
1306 0.83
1638 0.56
1851 0.61
2201 0.36
30
TER
0325 0.35
0753 0.71
1031 0.67
1351 0.81
1802 0.52
2338 0.67
15
SEG
0114 0.56
0425 0.36
1353 0.92
1801 0.52
2002 0.58
2234 0.48
16
TER
0127 0.58
0516 0.25
1412 0.90
1844 0.48
2138 0.63
Outubro
HORA ALT(m) HORA ALT(m)
01
QUA
0414 0.25
1317 0.83
1819 0.44
2346 0.77
17
SEX
0616 0.17
1204 0.94
1847 0.46
2317 0.92
02
QUI
0501 0.13
1204 0.90
1851 0.35
18
SÁB
0649 0.15
1238 0.98
1816 0.38
03
SEX
0017 0.88
0538 0.03
1223 1.00
1914 0.29
19
DOM
0008 1.02
0712 0.15
1310 1.00
1802 0.25
04
SÁB
0040 0.98
0623 -0.05
1259 1.06
1946 0.25
20
SEG
0055 1.08
0723 0.17
1349 1.00
1825 0.13
05
DOM
0102 1.06
0712 -0.09
1331 1.08
2008 0.21
21
TER
0129 1.12
0631 0.17
1414 0.98
1902 0.06
06
SEG
0132 1.13
0757 -0.08
1402 1.10
2040 0.21
22
QUA
0206 1.12
0655 0.15
1449 0.94
1938 0.04
07
TER
0204 1.19
0857 -0.02
1432 1.04
1916 0.19
23
QUI
0249 1.11
0714 0.17
1517 0.88
2012 0.05
08
QUA
0247 1.19
0959 0.10
1504 1.00
1931 0.15
24
SEX
0319 1.06
0746 0.23
1553 0.83
2053 0.11
09
QUI
0319 1.15
0759 0.29
0910 0.33
1101 0.27
1542 0.90
1957 0.13
25
SÁB
0359 1.00
0808 0.29
1217 0.67
1351 0.65
1617 0.77
2132 0.19
10
SEX
0402 1.06
0806 0.38
1012 0.52
1236 0.44
1612 0.83
2019 0.15
26
DOM
0436 0.92
0842 0.38
1240 0.73
1501 0.65
1653 0.71
2325 0.29
11
SÁB
0451 0.94
0834 0.48
1112 0.69
1406 0.54
1655 0.75
2046 0.21
27
SEG
0516 0.85
0908 0.48
1259 0.77
1555 0.63
1725 0.65
12
DOM
0006 0.40
0549 0.81
0849 0.58
1206 0.83
1519 0.58
1740 0.67
2116 0.29
28
TER
0117 0.35
0606 0.81
0947 0.58
1310 0.79
1640 0.58
1859 0.61
13
SEG
0019 0.48
0249 0.38
0702 0.71
0906 0.65
1259 0.92
1640 0.58
1844 0.63
2153 0.38
29
QUA
0234 0.31
0716 0.77
1008 0.69
1312 0.79
1712 0.52
2204 0.67
14
TER
0055 0.52
0401 0.33
1344 0.92
1740 0.54
1957 0.65
2247 0.52
30
QUI
0336 0.25
1231 0.83
1746 0.46
2255 0.79
15
QUA
0102 0.56
0455 0.25
1404 0.88
1810 0.52
2108 0.71
31
SEX
0421 0.17
1134 0.90
1806 0.38
2325 0.88
16
QUI
0536 0.21
1144 0.88
1838 0.50
2219 0.83
Novembro
HORA ALT(m) HORA ALT(m)
01
SÁB
0510 0.09
1159 0.98
1838 0.33
2359 1.00
17
SEG
0701 0.33
1240 0.92
1753 0.29
02
DOM
0604 0.04
1225 1.00
1904 0.27
18
TER
0025 1.04
0606 0.35
1314 0.94
1823 0.19
03
SEG
0031 1.08
0657 0.02
1259 1.02
1946 0.23
19
QUA
0104 1.08
0602 0.31
1351 0.94
1908 0.11
04
TER
0104 1.15
0757 0.05
1329 1.00
2021 0.19
20
QUI
0149 1.10
0627 0.31
1417 0.90
1944 0.07
05
QUA
0146 1.19
0901 0.13
1402 0.98
2102 0.17
21
SEX
0229 1.08
0659 0.31
1457 0.88
2029 0.07
06
QUI
0223 1.19
0755 0.36
1002 0.25
1436 0.92
1908 0.17
22
SÁB
0304 1.06
0725 0.33
1532 0.83
2119 0.10
07
SEX
0304 1.15
0717 0.44
0902 0.50
1110 0.40
1510 0.86
1944 0.17
2114 0.23
2249 0.19
23
DOM
0347 1.02
0759 0.38
1304 0.65
1604 0.79
2221 0.15
08
SÁB
0355 1.06
0751 0.50
1002 0.65
1249 0.52
1555 0.81
2004 0.19
2206 0.27
2344 0.23
24
SEG
0425 0.96
0827 0.44
1208 0.71
1412 0.65
1647 0.75
2327 0.21
09
DOM
0447 0.94
0817 0.54
1102 0.77
1402 0.60
1638 0.77
2046 0.23
2301 0.35
25
TER
0506 0.92
0904 0.50
1229 0.73
1504 0.63
1736 0.71
10
SEG
0049 0.29
0542 0.83
0857 0.60
1201 0.85
1508 0.62
1723 0.73
2121 0.31
2347 0.40
26
QUA
0038 0.27
0555 0.88
0944 0.60
1247 0.75
1551 0.61
1842 0.71
11
TER
0204 0.31
0644 0.77
0944 0.63
1251 0.90
1612 0.62
1823 0.73
2210 0.42
27
QUI
0153 0.29
0651 0.83
1012 0.69
1251 0.77
1625 0.56
2001 0.75
12
QUA
0019 0.48
0317 0.33
0801 0.75
1036 0.67
1338 0.88
1702 0.61
1927 0.75
2314 0.50
28
SEX
0253 0.27
0810 0.81
1102 0.77
1238 0.77
1701 0.52
2131 0.81
13
QUI
0059 0.54
0419 0.33
0919 0.77
1155 0.71
1408 0.81
1744 0.60
2031 0.79
29
SÁB
0355 0.25
1025 0.85
1732 0.46
2227 0.90
14
SEX
0512 0.33
1029 0.81
1802 0.56
2138 0.85
30
DOM
0449 0.21
1119 0.88
1802 0.38
2316 0.98
15
SÁB
0557 0.33
1119 0.85
1759 0.50
2238 0.92
16
DOM
0636 0.33
1201 0.90
1731 0.40
2334 0.98
Dezembro
HORA ALT(m) HORA ALT(m)
01
SEG
0553 0.21
1153 0.90
1844 0.31
17
QUA
0001 0.98
0759 0.48
1253 0.88
1849 0.21
02
TER
0002 1.06
0701 0.21
1219 0.90
1925 0.23
18
QUI
0051 1.02
0701 0.50
0832 0.48
1329 0.90
1931 0.12
03
QUA
0047 1.12
0802 0.23
1259 0.90
2008 0.17
19
SEX
0134 1.06
0619 0.46
0904 0.50
1402 0.90
2012 0.07
04
QUI
0127 1.15
0904 0.29
1334 0.90
2101 0.10
20
SÁB
0217 1.08
0653 0.44
1444 0.90
2044 0.04
05
SEX
0214 1.15
1004 0.36
1408 0.88
2153 0.07
21
DOM
0301 1.08
0721 0.42
1521 0.88
2127 0.05
06
SÁB
0302 1.12
0706 0.56
0838 0.60
1106 0.46
1455 0.88
2240 0.08
22
SEG
0340 1.06
0757 0.42
1602 0.88
2219 0.09
07
DOM
0353 1.06
0747 0.56
0946 0.67
1219 0.56
1542 0.86
2104 0.23
2323 0.12
23
TER
0417 1.04
0825 0.44
1249 0.63
1642 0.86
2310 0.15
08
SEG
0440 1.00
0816 0.54
1057 0.73
1329 0.65
1619 0.85
2059 0.25
2206 0.29
24
QUA
0501 1.00
0902 0.48
1225 0.67
1359 0.65
1721 0.85
09
TER
0014 0.21
0521 0.92
0902 0.52
1202 0.79
1446 0.69
1708 0.85
2132 0.33
2306 0.36
25
QUI
0008 0.21
0540 0.96
0940 0.54
1234 0.69
1457 0.65
1806 0.85
10
QUA
0117 0.29
0610 0.86
0951 0.52
1304 0.81
1536 0.71
1802 0.85
2210 0.38
26
SEX
0110 0.27
0619 0.92
1008 0.60
1251 0.71
1534 0.62
1901 0.85
11
QUI
0006 0.46
0221 0.38
0702 0.81
1031 0.54
1355 0.81
1623 0.71
1859 0.85
2259 0.46
27
SÁB
0210 0.31
0708 0.85
1049 0.67
1302 0.71
1616 0.60
2002 0.86
12
SEX
0102 0.54
0353 0.44
0757 0.77
1119 0.56
1429 0.75
1702 0.67
1955 0.85
2349 0.52
28
DOM
0327 0.35
0812 0.81
1134 0.71
1306 0.73
1659 0.52
2121 0.88
13
SÁB
0153 0.58
0455 0.48
0855 0.75
1229 0.60
1506 0.67
1719 0.63
2051 0.86
29
SEG
0442 0.38
0932 0.77
1742 0.44
2244 0.94
14
DOM
0057 0.58
0236 0.60
0553 0.48
1014 0.77
1727 0.54
2155 0.88
30
TER
0602 0.38
1101 0.77
1825 0.33
2355 1.02
15
SEG
0638 0.48
1117 0.81
1742 0.44
2301 0.92
31
QUA
0708 0.35
1147 0.79
1912 0.23
16
TER
0714 0.48
1206 0.85
1816 0.31
DG6-62 Original
