167
PORTO DE FLORIANÓPOLIS (ESTADO DE SANTA CATARINA) - 2025
Latitude 27° 35'.3 S Longitude 48° 33'.4 W Fuso UTC -03.0 horas
DNPVN 60 Componentes Nível Médio 0.63 m Carta 1902
Janeiro
HORA ALT(m) HORA ALT(m)
01
QUA
0321 1.15
0755 0.58
0927 0.61
1146 0.56
1542 0.99
2219 -0.06
17
SEX
0444 0.92
0846 0.15
1644 0.84
2104 0.01
02
QUI
0404 1.07
0812 0.50
1034 0.59
1249 0.52
1619 0.90
2314 -0.09
18
SÁB
0512 0.83
0914 0.08
1721 0.75
2127 0.02
03
SEX
0444 0.97
0842 0.41
1121 0.58
1351 0.48
1704 0.80
19
DOM
0553 0.75
0949 0.08
1802 0.70
2201 0.08
04
SÁB
0021 -0.08
0517 0.86
0906 0.34
1214 0.59
1457 0.44
1759 0.71
20
SEG
0102 0.32
0249 0.28
0632 0.69
1019 0.15
1853 0.68
2223 0.20
05
DOM
0136 -0.06
0559 0.76
0936 0.29
1302 0.60
1557 0.41
1853 0.67
2342 0.24
21
TER
0127 0.45
0359 0.33
0717 0.66
1102 0.27
1427 0.45
1606 0.42
1938 0.70
2259 0.36
06
SEG
0246 -0.02
0642 0.69
1008 0.28
1347 0.62
1646 0.38
1946 0.67
2302 0.35
22
QUA
0201 0.57
0459 0.37
0814 0.68
1159 0.41
1408 0.47
1649 0.36
2023 0.76
2329 0.54
07
TER
0031 0.38
0351 0.04
0729 0.65
1051 0.31
1416 0.62
1719 0.36
2046 0.71
2353 0.51
23
QUI
0221 0.67
0551 0.41
0919 0.74
1717 0.31
2121 0.84
08
QUA
0110 0.54
0455 0.12
0825 0.66
1138 0.37
1451 0.62
1757 0.34
2202 0.79
24
SEX
0025 0.72
0244 0.76
0631 0.44
1029 0.83
1755 0.24
2242 0.94
09
QUI
0559 0.21
0925 0.70
1231 0.47
1508 0.61
1823 0.32
2342 0.93
25
SÁB
0708 0.46
1136 0.91
1825 0.17
10
SEX
0659 0.31
1029 0.77
1351 0.56
1525 0.59
1901 0.28
26
DOM
0008 1.04
0751 0.45
1238 0.98
1902 0.07
11
SÁB
0044 1.07
0755 0.41
1140 0.85
1940 0.23
27
SEG
0104 1.12
0829 0.43
1327 1.02
1949 -0.04
12
DOM
0129 1.16
0849 0.50
1251 0.93
2019 0.16
28
TER
0155 1.15
0912 0.40
1410 1.03
2036 -0.15
13
SEG
0214 1.20
0947 0.56
1349 0.99
2104 0.08
29
QUA
0242 1.14
1004 0.37
1455 1.02
2125 -0.25
14
TER
0259 1.17
0721 0.59
0902 0.62
1046 0.59
1436 1.02
2151 0.03
30
QUI
0323 1.09
1101 0.35
1532 0.98
2214 -0.29
15
QUA
0336 1.11
0744 0.43
1516 1.00
2229 0.01
31
SEX
0401 1.02
0812 0.32
1012 0.39
1157 0.36
1608 0.94
2304 -0.26
16
QUI
0408 1.02
0810 0.27
1601 0.94
2302 0.03
Fevereiro
HORA ALT(m) HORA ALT(m)
01
SÁB
0432 0.94
0825 0.23
1123 0.43
1255 0.41
1655 0.90
17
SEG
0525 0.89
0921 0.11
1727 0.92
2121 0.22
02
DOM
0004 -0.14
0502 0.87
0853 0.17
1223 0.51
1402 0.48
1738 0.85
2251 0.17
18
TER
0059 0.52
0238 0.49
0602 0.87
0955 0.24
1804 0.92
2149 0.37
03
SEG
0119 0.02
0540 0.80
0912 0.13
1308 0.60
1514 0.52
1817 0.82
2157 0.28
19
QUA
0108 0.70
0349 0.55
0649 0.84
1025 0.38
1853 0.94
2206 0.52
04
TER
0001 0.39
0246 0.17
0614 0.76
0947 0.15
1346 0.68
1610 0.52
1906 0.81
2216 0.44
20
QUI
0129 0.85
0442 0.59
0734 0.83
1110 0.54
1349 0.61
1601 0.54
1940 0.95
2232 0.69
05
QUA
0055 0.63
0357 0.29
0701 0.74
1019 0.23
1406 0.73
1701 0.50
2004 0.81
2251 0.62
21
SEX
0153 0.96
0523 0.59
0836 0.84
1649 0.46
2034 0.96
2257 0.85
06
QUI
0138 0.83
0501 0.38
0757 0.73
1104 0.34
1429 0.75
1734 0.45
2302 0.81
22
SÁB
0202 1.02
0608 0.56
0957 0.88
1723 0.34
07
SEX
0212 0.97
0602 0.44
0859 0.75
1157 0.49
1453 0.75
1806 0.36
23
DOM
0153 1.06
0653 0.51
1121 0.93
1802 0.19
08
SÁB
0231 1.03
0659 0.48
1008 0.81
1301 0.64
1501 0.73
1846 0.26
24
SEG
0112 1.12
0729 0.43
1231 0.99
1846 0.03
09
DOM
0102 1.12
0751 0.50
1129 0.88
1919 0.15
25
TER
0127 1.18
0806 0.36
1319 1.03
1929 -0.12
10
SEG
0131 1.18
0831 0.50
1246 0.97
2002 0.05
26
QUA
0159 1.20
0851 0.31
1401 1.07
2019 -0.25
11
TER
0204 1.19
0859 0.49
1344 1.03
2047 -0.04
27
QUI
0232 1.18
0929 0.29
1440 1.10
2110 -0.31
12
QUA
0242 1.15
0712 0.38
1427 1.05
2125 -0.08
28
SEX
0304 1.14
1002 0.32
1514 1.13
2201 -0.28
13
QUI
0310 1.10
0732 0.21
1506 1.04
2201 -0.06
14
SEX
0347 1.03
0802 0.09
1547 1.01
2221 0.01
15
SÁB
0416 0.98
0829 0.03
1617 0.96
2040 0.04
16
DOM
0455 0.93
0859 0.04
1655 0.93
2102 0.11
Março
HORA ALT(m) HORA ALT(m)
01
SÁB
0336 1.08
0749 0.28
1555 1.15
2255 -0.13
17
SEG
0423 1.12
0834 0.19
1621 1.20
2025 0.37
02
DOM
0404 1.03
0802 0.22
1632 1.15
2357 0.11
18
TER
0501 1.11
0902 0.30
1657 1.22
2051 0.49
03
SEG
0440 0.99
0817 0.19
1708 1.13
2059 0.39
2301 0.49
19
QUA
0046 0.82
0234 0.78
0538 1.08
0927 0.44
1731 1.22
2108 0.61
04
TER
0125 0.36
0510 0.96
0849 0.18
1302 0.74
1434 0.72
1757 1.09
2114 0.52
20
QUI
0049 0.98
0334 0.81
0610 1.04
1004 0.57
1808 1.19
2131 0.73
05
QUA
0002 0.79
0257 0.52
0555 0.94
0914 0.23
1321 0.83
1540 0.73
1844 1.03
2147 0.67
21
SEX
0102 1.11
0417 0.79
0659 0.99
1042 0.70
1216 0.71
1451 0.67
1859 1.14
2157 0.83
06
QUI
0055 1.05
0402 0.61
0636 0.90
0959 0.34
1346 0.88
1623 0.67
1936 0.96
2204 0.81
22
SÁB
0119 1.18
0504 0.73
0759 0.93
1601 0.56
1955 1.06
2206 0.93
07
SEX
0134 1.20
0502 0.65
0725 0.87
1042 0.49
1402 0.90
1704 0.57
23
DOM
0132 1.19
0551 0.63
0927 0.91
1651 0.39
2159 0.99
08
SÁB
0204 1.23
0601 0.65
0842 0.86
1134 0.64
1417 0.87
1747 0.44
24
SEG
0125 1.18
0625 0.51
1114 0.94
1734 0.19
09
DOM
0208 1.17
0653 0.61
1004 0.91
1249 0.77
1429 0.82
1819 0.30
25
TER
0108 1.19
0704 0.40
1210 0.99
1817 0.01
10
SEG
0057 1.18
0732 0.56
1121 0.98
1901 0.17
26
QUA
0116 1.22
0744 0.33
1253 1.06
1906 -0.14
11
TER
0110 1.20
0759 0.51
1231 1.04
1944 0.07
27
QUI
0140 1.23
0812 0.30
1338 1.13
2002 -0.21
12
QUA
0140 1.20
0644 0.43
1325 1.09
2021 0.02
28
SEX
0202 1.21
0844 0.32
1414 1.22
2057 -0.19
13
QUI
0206 1.18
0647 0.26
1408 1.13
2101 0.02
29
SÁB
0232 1.18
0721 0.37
1457 1.30
2151 -0.05
14
SEX
0242 1.16
0714 0.14
1451 1.15
2132 0.09
30
DOM
0301 1.16
0710 0.34
1536 1.36
2244 0.19
15
SÁB
0312 1.14
0744 0.09
1521 1.16
1949 0.19
31
SEG
0336 1.13
0723 0.31
1610 1.38
2006 0.57
2116 0.60
2357 0.49
16
DOM
0351 1.13
0810 0.11
1555 1.19
2006 0.26
Abril
HORA ALT(m) HORA ALT(m)
01
TER
0406 1.12
0749 0.30
1655 1.35
2019 0.69
2302 0.89
17
QUI
0019 1.00
0217 0.94
0504 1.16
0927 0.55
1702 1.36
2046 0.76
02
QUA
0149 0.71
0451 1.10
0814 0.32
1221 0.83
1346 0.81
1732 1.27
2051 0.78
18
SEX
0025 1.10
0312 0.91
0547 1.08
1229 0.60
1744 1.27
2106 0.80
03
QUI
0001 1.16
0302 0.79
0525 1.06
0855 0.38
1242 0.88
1453 0.79
1812 1.17
2114 0.85
19
SÁB
0044 1.16
0402 0.82
0623 0.97
1355 0.57
1821 1.16
2127 0.84
04
SEX
0049 1.33
0402 0.81
0610 1.01
0936 0.49
1304 0.91
1547 0.72
1906 1.05
2142 0.91
20
DOM
0059 1.17
0449 0.70
0725 0.87
1508 0.45
1912 1.03
2147 0.88
05
SÁB
0123 1.36
0501 0.78
0708 0.94
1025 0.60
1331 0.89
1631 0.60
21
SEG
0108 1.13
0523 0.56
0910 0.83
1608 0.28
2021 0.92
2149 0.90
06
DOM
0159 1.28
0555 0.72
0834 0.91
1132 0.71
1357 0.84
1712 0.46
22
TER
0102 1.09
0602 0.43
1027 0.86
1702 0.10
07
SEG
0147 1.10
0636 0.63
0959 0.94
1359 0.77
1759 0.33
23
QUA
0051 1.08
0640 0.33
1119 0.92
1757 -0.04
08
TER
0019 1.08
0704 0.55
1102 0.99
1840 0.23
24
QUI
0055 1.09
0706 0.29
1212 1.01
1851 -0.11
09
QUA
0040 1.11
0708 0.47
1202 1.04
1919 0.17
25
SEX
0104 1.11
0738 0.30
1302 1.11
1947 -0.09
10
QUI
0102 1.14
0559 0.33
1257 1.08
2002 0.17
26
SÁB
0125 1.12
0755 0.35
1353 1.24
2046 0.02
11
SEX
0134 1.16
0621 0.21
1344 1.14
2042 0.22
27
DOM
0151 1.13
0629 0.40
1438 1.34
2140 0.22
12
SÁB
0204 1.19
0651 0.15
1419 1.20
2104 0.32
28
SEG
0221 1.13
0627 0.39
1516 1.41
2242 0.48
13
DOM
0244 1.22
0723 0.17
1457 1.27
1910 0.41
29
TER
0301 1.13
0653 0.37
1601 1.42
1929 0.81
2114 0.86
14
SEG
0316 1.23
0751 0.24
1525 1.34
1931 0.51
30
QUA
0014 0.73
0344 1.11
0716 0.37
1157 0.68
1642 1.37
2002 0.85
2259 1.08
15
TER
0357 1.24
0821 0.33
1559 1.38
1959 0.61
16
QUA
0431 1.21
0849 0.44
1629 1.39
2017 0.69
DG6-62 Original
168
PORTO DE FLORIANÓPOLIS (ESTADO DE SANTA CATARINA) - 2025
Latitude 27° 35'.3 S Longitude 48° 33'.4 W Fuso UTC -03.0 horas
DNPVN 60 Componentes Nível Médio 0.63 m Carta 1902
Maio
HORA ALT(m) HORA ALT(m)
01
QUI
0157 0.83
0421 1.08
0759 0.39
1110 0.72
1306 0.66
1714 1.26
2034 0.85
2357 1.24
17
SÁB
0006 0.95
0301 0.78
0516 0.92
1225 0.31
1719 1.13
2104 0.68
02
SEX
0301 0.84
0506 1.03
0838 0.43
1147 0.73
1402 0.62
1801 1.13
2108 0.82
18
DOM
0027 0.95
0347 0.65
0606 0.79
1327 0.24
1802 1.00
2127 0.67
03
SÁB
0044 1.29
0359 0.80
0601 0.95
0927 0.48
1219 0.71
1459 0.55
1847 0.97
2147 0.79
19
SEG
0051 0.91
0421 0.51
0712 0.69
1431 0.16
1855 0.87
2151 0.66
04
DOM
0119 1.22
0453 0.72
0704 0.86
1031 0.53
1302 0.67
1553 0.47
1946 0.84
2217 0.77
20
TER
0102 0.85
0502 0.38
0838 0.66
1534 0.06
1955 0.76
2202 0.68
05
SEG
0159 1.05
0538 0.61
0823 0.82
1149 0.55
1346 0.61
1646 0.38
21
QUA
0059 0.79
0540 0.28
0944 0.70
1636 -0.03
2202 0.71
06
TER
0212 0.83
0610 0.51
0936 0.83
1404 0.55
1732 0.30
2325 0.82
22
QUI
0032 0.78
0608 0.23
1032 0.78
1734 -0.07
07
QUA
0634 0.43
1029 0.86
1819 0.25
2357 0.89
23
SEX
0019 0.80
0640 0.23
1127 0.88
1834 -0.04
08
QUI
0614 0.34
1119 0.90
1906 0.24
24
SÁB
0021 0.86
0702 0.25
1232 1.00
1936 0.05
09
SEX
0027 0.97
0538 0.22
1212 0.96
1955 0.28
25
DOM
0042 0.92
0729 0.30
1334 1.12
2040 0.20
10
SÁB
0101 1.06
0612 0.16
1304 1.04
2031 0.37
26
SEG
0112 0.97
0757 0.35
1423 1.23
2142 0.38
11
DOM
0136 1.13
0640 0.16
1353 1.14
1808 0.50
1906 0.51
2101 0.47
27
TER
0153 1.00
0602 0.37
0847 0.40
1508 1.29
2251 0.57
12
SEG
0208 1.18
0721 0.19
1429 1.24
1834 0.58
2006 0.61
2114 0.60
28
QUA
0236 1.00
0625 0.35
0853 0.44
1019 0.42
1557 1.28
1925 0.83
2104 0.87
13
TER
0251 1.20
0751 0.25
1502 1.31
1908 0.65
29
QUI
0019 0.70
0317 0.98
0706 0.33
0925 0.45
1146 0.38
1634 1.21
2002 0.77
2257 0.96
14
QUA
0323 1.18
0844 0.32
1540 1.34
1936 0.70
30
SEX
0147 0.74
0406 0.94
0755 0.32
1008 0.44
1240 0.32
1708 1.09
2046 0.66
2357 1.01
15
QUI
0402 1.13
1010 0.36
1608 1.32
2008 0.72
31
SÁB
0253 0.70
0501 0.86
0846 0.30
1059 0.41
1323 0.27
1749 0.94
2119 0.53
16
SEX
0002 0.92
0201 0.87
0444 1.04
1121 0.35
1647 1.24
2038 0.71
Junho
HORA ALT(m) HORA ALT(m)
01
DOM
0044 0.97
0346 0.62
0557 0.77
0940 0.28
1153 0.37
1408 0.25
1823 0.79
2201 0.42
17
TER
0055 0.58
0402 0.31
0659 0.52
1402 -0.13
1836 0.69
2208 0.34
02
SEG
0121 0.87
0431 0.52
0657 0.67
1040 0.26
1251 0.34
1504 0.24
1906 0.67
2240 0.37
18
QUA
0114 0.55
0446 0.24
0801 0.51
1504 -0.11
1921 0.62
2232 0.37
03
TER
0202 0.71
0512 0.42
0802 0.62
1140 0.25
1353 0.34
1606 0.24
2002 0.58
2325 0.39
19
QUI
0136 0.52
0514 0.19
0901 0.57
1614 -0.06
2016 0.58
2302 0.42
04
QUA
0231 0.53
0547 0.33
0902 0.62
1232 0.27
1447 0.35
1710 0.23
2117 0.56
20
SEX
0142 0.50
0551 0.18
0959 0.66
1721 0.00
2121 0.57
05
QUI
0555 0.26
0955 0.66
1329 0.32
1529 0.38
1810 0.24
2257 0.64
21
SÁB
0051 0.50
0614 0.19
1101 0.77
1829 0.08
2255 0.63
06
SEX
0546 0.19
1040 0.73
1436 0.38
1608 0.42
1902 0.27
2353 0.77
22
DOM
0649 0.19
1214 0.87
1936 0.19
07
SÁB
0553 0.13
1125 0.81
1701 0.47
1951 0.33
23
SEG
0002 0.73
0717 0.19
1332 0.99
2044 0.29
08
DOM
0032 0.90
0625 0.10
1221 0.90
1746 0.53
2027 0.41
24
TER
0051 0.81
0802 0.18
1429 1.09
2149 0.39
09
SEG
0106 1.00
0655 0.10
1319 1.00
2102 0.49
25
QUA
0134 0.86
0901 0.15
1512 1.13
2251 0.48
10
TER
0147 1.06
0734 0.10
1408 1.09
2129 0.56
26
QUI
0217 0.87
1008 0.10
1557 1.10
2104 0.66
2359 0.54
11
QUA
0221 1.06
0817 0.11
1455 1.14
2153 0.60
27
SEX
0306 0.85
1114 0.03
1627 1.02
2014 0.48
2302 0.66
12
QUI
0301 1.02
0908 0.10
1531 1.14
2016 0.61
28
SÁB
0108 0.56
0401 0.79
0816 0.11
0912 0.13
1204 -0.02
1701 0.90
2051 0.30
13
SEX
0344 0.93
1012 0.06
1604 1.09
2031 0.55
2355 0.64
29
DOM
0004 0.66
0217 0.53
0453 0.71
0859 0.05
1019 0.09
1251 -0.03
1731 0.77
2119 0.14
14
SÁB
0106 0.63
0421 0.82
1116 0.00
1642 1.01
2059 0.47
30
SEG
0057 0.62
0316 0.46
0544 0.62
0936 0.02
1127 0.08
1331 0.02
1802 0.66
2157 0.05
15
DOM
0001 0.63
0223 0.54
0506 0.70
1212 -0.07
1714 0.90
2121 0.40
16
SEG
0023 0.61
0314 0.42
0601 0.59
1304 -0.12
1755 0.79
2151 0.36
Julho
HORA ALT(m) HORA ALT(m)
01
TER
0134 0.55
0404 0.38
0631 0.53
1016 0.02
1255 0.13
1419 0.10
1844 0.56
2223 0.04
17
QUI
0131 0.47
0416 0.28
0717 0.54
1459 -0.02
1859 0.61
2219 0.15
02
QUA
0206 0.46
0447 0.31
0721 0.49
1104 0.06
1402 0.22
1549 0.19
1923 0.50
2302 0.11
18
SEX
0157 0.50
0459 0.26
0817 0.58
1251 0.35
1614 0.11
1947 0.57
2253 0.23
03
QUI
0227 0.36
0502 0.26
0816 0.50
1155 0.15
1451 0.33
1702 0.24
2016 0.49
2355 0.25
19
SÁB
0210 0.52
0529 0.25
0929 0.65
1359 0.54
1727 0.20
2040 0.55
2325 0.36
04
SEX
0214 0.30
0510 0.20
0906 0.56
1240 0.27
1519 0.43
1804 0.27
2138 0.52
20
DOM
0229 0.53
0602 0.22
1057 0.75
1306 0.70
1444 0.72
1836 0.27
2201 0.57
05
SÁB
0527 0.14
0957 0.65
1323 0.41
1557 0.52
1859 0.32
2317 0.65
21
SEG
0042 0.49
0240 0.53
0636 0.16
1251 0.87
1944 0.32
2346 0.67
06
DOM
0553 0.09
1042 0.75
1425 0.55
1614 0.58
1942 0.37
22
TER
0710 0.09
1357 0.99
2049 0.35
07
SEG
0008 0.80
0621 0.05
1138 0.83
2017 0.40
23
QUA
0044 0.77
0757 0.01
1434 1.06
2142 0.37
08
TER
0053 0.90
0655 0.01
1302 0.90
2059 0.42
24
QUI
0127 0.84
0846 -0.06
1506 1.06
2223 0.39
09
QUA
0127 0.94
0731 -0.04
1406 0.96
2129 0.42
25
SEX
0212 0.87
0940 -0.11
1544 1.02
1946 0.38
2251 0.42
10
QUI
0204 0.94
0810 -0.10
1457 1.00
2159 0.39
26
SÁB
0302 0.85
1038 -0.15
1608 0.94
2008 0.18
11
SEX
0249 0.89
0901 -0.16
1534 0.99
2216 0.37
27
DOM
0353 0.79
1127 -0.14
1640 0.85
2040 0.02
12
SÁB
0329 0.81
1001 -0.23
1606 0.94
2049 0.30
28
SEG
0436 0.72
0842 -0.08
1014 -0.02
1208 -0.08
1706 0.77
2108 -0.09
13
DOM
0412 0.72
1102 -0.29
1642 0.87
2102 0.21
29
TER
0244 0.49
0512 0.65
0908 -0.06
1255 0.04
1742 0.69
2138 -0.10
14
SEG
0021 0.37
0459 0.64
1159 -0.31
1708 0.79
2117 0.14
30
QUA
0202 0.48
0321 0.46
0557 0.60
0946 0.01
1347 0.20
1812 0.64
2204 -0.03
15
TER
0042 0.39
0246 0.33
0546 0.57
1251 -0.27
1742 0.71
2142 0.10
31
QUI
0219 0.45
0357 0.42
0640 0.58
1016 0.13
1357 0.37
1544 0.33
1859 0.61
2232 0.11
16
QUA
0104 0.43
0338 0.29
0627 0.53
1347 -0.16
1814 0.65
2201 0.11
Agosto
HORA ALT(m) HORA ALT(m)
01
SEX
0216 0.41
0404 0.38
0719 0.59
1057 0.28
1421 0.52
1657 0.39
1946 0.60
2304 0.28
17
DOM
0201 0.73
0508 0.42
0921 0.77
1055 0.75
1404 0.92
1742 0.47
2006 0.68
2302 0.43
02
SÁB
0159 0.42
0431 0.32
0812 0.65
1132 0.44
1453 0.65
1753 0.43
2044 0.61
18
SEG
0210 0.73
0547 0.32
1442 1.01
1844 0.48
2134 0.67
2351 0.60
03
DOM
0101 0.48
0501 0.25
0908 0.73
1210 0.59
1508 0.73
1838 0.45
2247 0.68
19
TER
0221 0.71
0617 0.20
1410 1.03
1944 0.46
2347 0.77
04
SEG
0532 0.18
1008 0.80
1259 0.73
1517 0.78
1916 0.45
20
QUA
0659 0.08
1346 1.08
2036 0.43
05
TER
0002 0.81
0602 0.09
1127 0.86
2001 0.43
21
QUI
0040 0.90
0738 -0.02
1410 1.10
2112 0.41
06
QUA
0042 0.90
0640 -0.01
1334 0.93
2036 0.38
22
SEX
0119 0.98
0817 -0.09
1444 1.08
2004 0.41
2129 0.40
07
QUI
0116 0.94
0714 -0.12
1414 0.98
2106 0.31
23
SÁB
0204 1.00
0902 -0.11
1508 1.04
1917 0.21
08
SEX
0155 0.95
0759 -0.22
1455 1.01
2140 0.26
24
DOM
0249 0.99
0953 -0.07
1542 1.00
1951 0.06
09
SÁB
0234 0.92
0847 -0.30
1525 1.00
2153 0.23
25
SEG
0329 0.96
0755 0.00
0917 0.03
1042 0.02
1606 0.97
2019 -0.02
10
DOM
0312 0.88
0946 -0.34
1557 0.97
2031 0.19
26
TER
0404 0.92
0810 0.03
1642 0.94
2051 -0.03
11
SEG
0357 0.85
1046 -0.32
1621 0.92
2040 0.12
27
QUA
0444 0.90
0836 0.11
1710 0.91
2116 0.03
12
TER
0438 0.81
1144 -0.23
1651 0.87
2057 0.08
28
QUI
0510 0.88
0902 0.23
1359 0.51
1751 0.89
2142 0.16
13
QUA
0514 0.79
1240 -0.07
1717 0.82
2110 0.07
29
SEX
0553 0.88
0925 0.39
1319 0.70
1538 0.62
1825 0.86
2206 0.31
14
QUI
0114 0.55
0302 0.50
0601 0.77
1102 0.29
1349 0.14
1755 0.79
2132 0.10
30
SÁB
0629 0.88
0955 0.54
1349 0.85
1642 0.66
1906 0.83
2232 0.49
15
SEX
0129 0.64
0357 0.50
0649 0.75
1002 0.41
1214 0.51
1510 0.32
1832 0.75
2159 0.16
31
DOM
0127 0.63
0349 0.56
0716 0.89
1016 0.69
1404 0.95
1725 0.66
2002 0.80
2302 0.65
16
SÁB
0147 0.70
0436 0.48
0747 0.74
1031 0.59
1317 0.74
1634 0.43
1912 0.71
2225 0.28
DG6-62 Original
169
PORTO DE FLORIANÓPOLIS (ESTADO DE SANTA CATARINA) - 2025
Latitude 27° 35'.3 S Longitude 48° 33'.4 W Fuso UTC -03.0 horas
DNPVN 60 Componentes Nível Médio 0.63 m Carta 1902
Setembro
HORA ALT(m) HORA ALT(m)
01
SEG
0057 0.69
0425 0.46
0817 0.90
1049 0.81
1421 1.00
1808 0.62
2346 0.80
17
QUA
0157 0.86
0601 0.28
1253 1.12
1925 0.59
2331 0.94
02
TER
0502 0.33
1102 0.91
1423 1.00
1853 0.56
18
QUI
0640 0.15
1302 1.13
2004 0.53
03
QUA
0002 0.91
0540 0.19
1332 1.01
1925 0.48
19
SEX
0019 1.05
0716 0.07
1332 1.12
2021 0.49
04
QUI
0032 0.99
0614 0.03
1331 1.06
2002 0.39
20
SÁB
0102 1.13
0757 0.04
1402 1.13
1819 0.33
05
SEX
0102 1.04
0657 -0.12
1359 1.10
2036 0.31
21
DOM
0146 1.16
0831 0.09
1434 1.13
1853 0.19
06
SÁB
0136 1.07
0742 -0.22
1429 1.12
2101 0.27
22
SEG
0219 1.18
0716 0.17
1502 1.15
1923 0.12
07
DOM
0210 1.09
0829 -0.25
1459 1.12
2110 0.27
23
TER
0259 1.19
0714 0.21
1538 1.16
1959 0.13
08
SEG
0253 1.12
0921 -0.20
1525 1.10
1951 0.25
24
QUA
0334 1.20
0738 0.30
1606 1.18
2027 0.19
09
TER
0331 1.13
1021 -0.07
1555 1.09
2002 0.23
25
QUI
0402 1.21
0802 0.41
1646 1.17
2057 0.29
10
QUA
0408 1.14
1127 0.13
1617 1.06
2016 0.22
26
SEX
0438 1.22
0821 0.54
1223 0.89
1406 0.85
1714 1.14
2121 0.42
11
QUI
0453 1.13
0829 0.42
1012 0.49
1244 0.37
1653 1.04
2038 0.23
27
SÁB
0506 1.22
0849 0.66
1247 1.03
1517 0.91
1757 1.09
2149 0.55
12
SEX
0112 0.80
0219 0.79
0529 1.08
0855 0.57
1121 0.76
1408 0.58
1725 1.00
2102 0.26
28
DOM
0553 1.18
0906 0.77
1306 1.12
1614 0.89
1838 1.02
2210 0.67
13
SÁB
0108 0.87
0317 0.77
0610 1.03
0910 0.72
1223 1.00
1536 0.70
1804 0.96
2131 0.34
29
SEG
0059 0.77
0251 0.73
0636 1.11
0931 0.86
1327 1.17
1704 0.82
1921 0.94
2231 0.78
14
DOM
0116 0.92
0404 0.69
0708 0.95
0932 0.85
1314 1.17
1646 0.72
1859 0.90
2204 0.45
30
TER
0012 0.81
0347 0.59
0732 1.04
0957 0.94
1346 1.16
1747 0.72
2053 0.88
2210 0.87
15
SEG
0131 0.94
0447 0.58
1359 1.25
1746 0.70
1959 0.84
2249 0.61
16
TER
0151 0.91
0519 0.43
1429 1.20
1838 0.65
2131 0.82
2340 0.78
Outubro
HORA ALT(m) HORA ALT(m)
01
QUA
0425 0.42
0957 0.99
1338 1.11
1816 0.61
2346 0.95
17
SEX
0617 0.24
1204 1.04
1919 0.55
2353 1.08
02
QUI
0504 0.23
1255 1.10
1855 0.49
18
SÁB
0701 0.21
1242 1.07
1731 0.45
03
SEX
0008 1.03
0551 0.06
1259 1.13
1923 0.41
19
DOM
0036 1.16
0740 0.24
1316 1.12
1755 0.31
04
SÁB
0036 1.11
0636 -0.07
1321 1.16
1955 0.36
20
SEG
0112 1.23
0804 0.32
1355 1.19
1827 0.24
05
DOM
0106 1.19
0721 -0.12
1353 1.19
2017 0.36
21
TER
0151 1.29
0616 0.39
1429 1.25
1908 0.24
06
SEG
0146 1.27
0810 -0.07
1417 1.20
2021 0.39
22
QUA
0223 1.34
0640 0.46
1502 1.30
1940 0.29
07
TER
0221 1.34
0904 0.07
1449 1.22
1906 0.39
23
QUI
0257 1.38
0706 0.55
1540 1.32
2023 0.37
08
QUA
0302 1.39
1006 0.30
1514 1.22
1914 0.39
24
SEX
0331 1.41
0731 0.65
1608 1.30
2049 0.45
09
QUI
0349 1.41
0740 0.61
0906 0.66
1129 0.55
1551 1.22
1936 0.39
25
SÁB
0402 1.41
0759 0.72
1159 1.07
1357 1.02
1649 1.24
2125 0.53
10
SEX
0425 1.37
0759 0.74
1019 0.93
1304 0.76
1619 1.19
2002 0.39
26
DOM
0444 1.36
0817 0.78
1212 1.14
1501 1.01
1719 1.15
2155 0.61
11
SÁB
0506 1.30
0814 0.84
1121 1.17
1425 0.87
1702 1.15
2036 0.43
27
SEG
0517 1.27
0847 0.83
1240 1.16
1557 0.93
1802 1.04
2225 0.67
2353 0.68
12
DOM
0031 0.95
0244 0.86
0555 1.19
0846 0.92
1217 1.33
1540 0.90
1751 1.07
2110 0.49
28
TER
0146 0.65
0602 1.16
0910 0.86
1301 1.14
1642 0.81
1902 0.92
13
SEG
0046 0.98
0325 0.74
0647 1.05
0902 0.96
1306 1.38
1642 0.86
1844 0.99
2159 0.58
29
QUA
0259 0.51
0659 1.04
0936 0.89
1317 1.08
1714 0.67
2012 0.85
14
TER
0104 0.97
0408 0.60
1355 1.32
1734 0.78
1955 0.92
2249 0.69
30
QUI
0351 0.34
0812 0.95
0957 0.93
1314 1.00
1753 0.54
2229 0.86
15
QUA
0125 0.91
0457 0.45
1429 1.16
1819 0.69
2119 0.91
31
SEX
0438 0.18
1204 0.99
1817 0.44
2323 0.95
16
QUI
0002 0.80
0138 0.83
0538 0.33
1144 1.03
1901 0.61
2255 0.99
Novembro
HORA ALT(m) HORA ALT(m)
01
SÁB
0523 0.05
1202 1.03
1849 0.38
2359 1.07
17
SEG
0001 1.07
0731 0.37
1229 1.05
1753 0.29
02
DOM
0614 -0.01
1231 1.08
1912 0.37
18
TER
0044 1.17
0602 0.52
0802 0.47
1312 1.15
1832 0.26
03
SEG
0036 1.21
0706 0.01
1255 1.13
1938 0.40
19
QUA
0116 1.27
0538 0.56
1357 1.23
1923 0.28
04
TER
0114 1.33
0801 0.13
1331 1.17
1947 0.45
20
QUI
0153 1.34
0612 0.62
1436 1.28
2010 0.31
05
QUA
0201 1.43
0859 0.33
1402 1.21
1821 0.48
21
SEX
0227 1.38
0647 0.67
1506 1.29
2051 0.34
06
QUI
0246 1.47
1006 0.57
1444 1.22
1836 0.48
22
SÁB
0304 1.39
0714 0.71
1547 1.24
2138 0.36
07
SEX
0327 1.46
0706 0.85
0902 0.92
1151 0.78
1516 1.22
1902 0.46
23
DOM
0346 1.35
0746 0.72
1127 0.97
1317 0.93
1616 1.15
2219 0.37
08
SÁB
0410 1.40
0731 0.91
1014 1.13
1310 0.87
1601 1.19
1940 0.46
24
SEG
0421 1.26
0812 0.70
1153 0.97
1416 0.88
1659 1.03
2316 0.38
09
DOM
0459 1.29
0802 0.91
1114 1.26
1419 0.91
1647 1.12
2017 0.46
2342 0.77
25
TER
0502 1.15
0847 0.68
1214 0.94
1512 0.77
1747 0.89
10
SEG
0155 0.67
0540 1.14
0838 0.87
1210 1.30
1523 0.88
1734 1.02
2106 0.47
26
QUA
0059 0.35
0547 1.03
0916 0.66
1249 0.88
1604 0.64
1846 0.78
11
TER
0006 0.78
0251 0.57
0621 0.99
0916 0.82
1304 1.25
1623 0.81
1832 0.93
2201 0.50
27
QUI
0216 0.26
0632 0.91
0957 0.67
1310 0.82
1651 0.51
1949 0.72
12
QUA
0046 0.76
0340 0.46
0727 0.85
1008 0.78
1357 1.12
1714 0.70
1946 0.86
2257 0.55
28
SEX
0314 0.15
0732 0.83
1046 0.69
1331 0.75
1717 0.41
2057 0.73
13
QUI
0112 0.72
0423 0.37
0902 0.79
1131 0.74
1440 0.93
1801 0.60
2059 0.84
29
SÁB
0408 0.07
0847 0.81
1753 0.35
2208 0.82
14
SEX
0002 0.61
0149 0.66
0514 0.31
1006 0.81
1314 0.68
1508 0.72
1825 0.53
2206 0.88
30
DOM
0506 0.03
0957 0.86
1816 0.33
2316 0.96
15
SÁB
0604 0.28
1057 0.87
1829 0.47
2308 0.96
16
DOM
0655 0.30
1142 0.95
1734 0.37
Dezembro
HORA ALT(m) HORA ALT(m)
01
SEG
0604 0.05
1049 0.92
1847 0.34
17
QUA
0008 1.06
0502 0.63
0801 0.50
1242 1.05
1859 0.20
02
TER
0006 1.12
0702 0.13
1144 0.98
1916 0.36
18
QUI
0051 1.17
0827 0.58
1327 1.13
1938 0.18
03
QUA
0059 1.26
0759 0.27
1238 1.04
1959 0.38
19
SEX
0129 1.23
0847 0.65
1408 1.16
2019 0.15
04
QUI
0147 1.34
0901 0.45
1329 1.08
2049 0.40
20
SÁB
0208 1.25
0659 0.65
1451 1.14
2101 0.12
05
SEX
0234 1.37
1014 0.63
1412 1.10
1816 0.47
1916 0.48
2144 0.40
21
DOM
0253 1.22
0723 0.61
1525 1.08
2146 0.08
06
SÁB
0319 1.34
0706 0.89
0844 0.92
1153 0.73
1501 1.10
1857 0.43
2021 0.47
2244 0.39
22
SEG
0336 1.16
0759 0.54
1104 0.68
1212 0.67
1602 0.99
2231 0.04
07
DOM
0406 1.26
0732 0.83
1006 1.00
1301 0.76
1547 1.06
1938 0.38
2138 0.44
2355 0.37
23
TER
0416 1.07
0823 0.47
1132 0.64
1314 0.61
1647 0.87
2321 0.03
08
SEG
0451 1.13
0806 0.72
1110 1.03
1402 0.76
1631 0.99
2023 0.32
2251 0.44
24
QUA
0457 0.97
0901 0.40
1208 0.61
1416 0.55
1729 0.76
09
TER
0104 0.33
0523 0.98
0851 0.58
1208 1.00
1502 0.72
1719 0.89
2110 0.27
2346 0.45
25
QUI
0032 0.03
0534 0.88
0929 0.37
1251 0.58
1517 0.48
1817 0.68
10
QUA
0206 0.29
0602 0.84
0931 0.46
1306 0.91
1602 0.65
1817 0.80
2201 0.26
26
SEX
0149 0.03
0614 0.80
1004 0.37
1319 0.57
1608 0.41
1910 0.65
11
QUI
0027 0.47
0304 0.27
0649 0.71
1016 0.38
1401 0.80
1657 0.56
1917 0.73
2247 0.29
27
SÁB
0255 0.03
0704 0.75
1044 0.41
1355 0.57
1655 0.37
2006 0.68
12
SEX
0110 0.50
0402 0.26
0744 0.64
1110 0.36
1446 0.67
1727 0.48
2016 0.70
2334 0.37
28
DOM
0359 0.05
0801 0.73
1121 0.47
1410 0.58
1723 0.34
2108 0.74
13
SÁB
0201 0.52
0502 0.27
0849 0.64
1216 0.39
1508 0.54
1751 0.41
2116 0.73
29
SEG
0501 0.09
0901 0.75
1212 0.54
1429 0.59
1759 0.32
2238 0.86
14
DOM
0046 0.47
0251 0.53
0601 0.30
0953 0.71
1459 0.44
1753 0.35
2221 0.80
30
TER
0602 0.15
1001 0.80
1325 0.60
1440 0.61
1827 0.30
15
SEG
0210 0.54
0342 0.56
0649 0.34
1053 0.82
1801 0.28
2321 0.93
31
QUA
0002 1.02
0702 0.23
1101 0.85
1906 0.26
16
TER
0323 0.58
0425 0.59
0725 0.41
1149 0.94
1825 0.23
DG6-62 Original
