170
PORTO DE IMBITUBA (ESTADO DE SANTA CATARINA) - 2025
Latitude 28° 14' S Longitude 48° 39' W Fuso UTC -03.0 horas
IAGS/IBGE 57 Componentes Nível Médio 0.45 m Carta 1921
Janeiro
HORA ALT(m) HORA ALT(m)
01
QUA
0340 0.79
1019 0.43
1414 0.63
2149 -0.05
17
SEX
0402 0.67
0934 0.42
1514 0.78
2304 0.10
02
QUI
0408 0.77
1110 0.45
1455 0.64
2234 -0.03
18
SÁB
0429 0.63
0931 0.38
1559 0.76
2347 0.19
03
SEX
0455 0.72
1159 0.47
1525 0.64
2319 0.02
19
DOM
0453 0.59
1010 0.37
1640 0.72
04
SÁB
0538 0.65
1251 0.48
1610 0.63
20
SEG
0023 0.28
0527 0.54
1106 0.37
1717 0.65
05
DOM
0012 0.08
0606 0.58
0853 0.56
1336 0.48
1655 0.62
21
TER
0146 0.36
0544 0.50
1257 0.39
1810 0.58
06
SEG
0116 0.16
0755 0.51
1121 0.54
1436 0.47
1742 0.58
22
QUA
0319 0.42
0614 0.46
1102 0.44
1501 0.36
1921 0.52
2104 0.51
07
TER
0221 0.24
0757 0.46
1204 0.52
1523 0.44
1851 0.54
2059 0.51
2323 0.53
23
QUI
0017 0.54
0508 0.41
1155 0.47
1604 0.31
08
QUA
0351 0.32
0719 0.43
1246 0.50
1612 0.38
24
SEX
0059 0.61
0616 0.39
1225 0.49
1706 0.24
09
QUI
0042 0.60
0512 0.35
0816 0.43
1001 0.42
1314 0.47
1717 0.31
25
SÁB
0119 0.67
0659 0.36
1242 0.52
1759 0.16
10
SEX
0125 0.67
0623 0.36
0908 0.45
1104 0.42
1334 0.46
1808 0.21
26
DOM
0129 0.73
0725 0.35
1308 0.54
1844 0.08
11
SÁB
0214 0.72
0712 0.38
1012 0.48
1223 0.45
1857 0.13
27
SEG
0155 0.78
0802 0.34
1334 0.58
1929 0.01
12
DOM
0219 0.75
0759 0.40
1114 0.53
1942 0.05
28
TER
0225 0.82
0842 0.34
1347 0.61
2010 -0.06
13
SEG
0246 0.76
0829 0.42
1208 0.60
2021 -0.01
29
QUA
0257 0.84
0919 0.35
1359 0.65
2057 -0.10
14
TER
0304 0.76
0910 0.44
1304 0.67
2104 -0.03
30
QUI
0323 0.83
1001 0.36
1417 0.70
2138 -0.10
15
QUA
0327 0.73
0946 0.45
1355 0.73
2147 -0.01
31
SEX
0359 0.79
1032 0.38
1449 0.72
2219 -0.06
16
QUI
0347 0.70
1002 0.44
1432 0.77
2223 0.04
Fevereiro
HORA ALT(m) HORA ALT(m)
01
SÁB
0419 0.71
1104 0.40
1517 0.74
2304 0.02
17
SEG
0412 0.62
1014 0.27
1614 0.74
2306 0.32
02
DOM
0440 0.63
1129 0.42
1553 0.72
2355 0.13
18
TER
0417 0.58
1104 0.29
1640 0.67
2321 0.41
03
SEG
0429 0.56
0827 0.43
1159 0.42
1623 0.69
19
QUA
0431 0.54
1210 0.31
1719 0.59
2131 0.48
04
TER
0051 0.27
0444 0.52
0821 0.37
1702 0.63
2044 0.47
2257 0.49
20
QUI
0019 0.50
0306 0.49
0447 0.50
1053 0.38
1336 0.33
1834 0.52
2021 0.50
05
QUA
0206 0.39
0504 0.50
0853 0.32
1355 0.42
1749 0.54
2025 0.47
21
SEX
0023 0.59
0838 0.39
1140 0.42
1514 0.30
06
QUI
0014 0.59
0406 0.47
0525 0.48
0931 0.30
1304 0.42
1525 0.37
1906 0.45
2014 0.45
22
SÁB
0059 0.66
0817 0.39
1208 0.46
1625 0.24
07
SEX
0110 0.68
1008 0.31
1325 0.42
1649 0.29
23
DOM
0112 0.73
0704 0.36
1242 0.51
1732 0.15
08
SÁB
0202 0.73
0757 0.45
1057 0.37
1338 0.43
1759 0.19
24
SEG
0121 0.79
0716 0.32
1302 0.56
1821 0.06
09
DOM
0238 0.75
0716 0.43
0942 0.48
1201 0.44
1336 0.46
1844 0.10
25
TER
0138 0.83
0749 0.30
1325 0.61
1912 -0.02
10
SEG
0202 0.75
0744 0.41
1112 0.56
1927 0.03
26
QUA
0204 0.86
0814 0.29
1342 0.67
1959 -0.09
11
TER
0208 0.75
0806 0.39
1212 0.66
2008 -0.02
27
QUI
0236 0.86
0855 0.28
1349 0.72
2042 -0.12
12
QUA
0232 0.75
0832 0.38
1306 0.74
2049 -0.02
28
SEX
0302 0.83
0923 0.29
1408 0.77
2117 -0.10
13
QUI
0249 0.74
0857 0.35
1349 0.81
2119 -0.00
14
SEX
0304 0.72
0912 0.32
1423 0.84
2201 0.06
15
SÁB
0331 0.70
0921 0.29
1502 0.83
2234 0.14
16
DOM
0351 0.66
0940 0.27
1540 0.80
2257 0.23
Março
HORA ALT(m) HORA ALT(m)
01
SÁB
0323 0.75
0955 0.30
1427 0.80
2202 -0.02
17
SEG
0316 0.67
0932 0.19
1519 0.80
2214 0.29
02
DOM
0340 0.67
1014 0.31
1501 0.80
2251 0.10
18
TER
0321 0.63
1008 0.19
1547 0.74
2231 0.38
03
SEG
0323 0.60
1042 0.33
1527 0.76
2332 0.26
19
QUA
0336 0.59
1057 0.21
1619 0.67
2227 0.46
04
TER
0331 0.57
0742 0.30
1044 0.33
1602 0.70
2021 0.49
2151 0.50
20
QUI
0353 0.56
1155 0.24
1701 0.59
2027 0.51
05
QUA
0042 0.42
0355 0.56
0802 0.24
1631 0.61
1953 0.47
2331 0.61
21
SEX
0029 0.56
1301 0.27
1949 0.52
06
QUI
0223 0.54
0401 0.56
0832 0.21
1710 0.50
1957 0.44
22
SÁB
0006 0.64
0814 0.36
1057 0.39
1436 0.26
07
SEX
0032 0.71
0910 0.22
1249 0.38
1502 0.33
1944 0.40
23
DOM
0031 0.71
0801 0.37
1136 0.45
1553 0.21
08
SÁB
0116 0.76
0953 0.28
1304 0.40
1625 0.26
24
SEG
0042 0.77
0647 0.34
1208 0.51
1702 0.13
09
DOM
0159 0.76
1034 0.38
1312 0.44
1740 0.18
25
TER
0049 0.82
0657 0.30
1236 0.58
1801 0.04
10
SEG
0219 0.72
0701 0.44
0946 0.51
1301 0.49
1823 0.10
26
QUA
0106 0.85
0714 0.27
1257 0.65
1851 -0.03
11
TER
0112 0.71
0708 0.39
1112 0.61
1908 0.05
27
QUI
0134 0.86
0749 0.25
1317 0.72
1940 -0.08
12
QUA
0127 0.72
0731 0.34
1208 0.72
1951 0.03
28
SEX
0202 0.83
0814 0.24
1329 0.77
2017 -0.08
13
QUI
0142 0.73
0755 0.29
1255 0.80
2021 0.03
29
SÁB
0232 0.76
0849 0.23
1349 0.81
2102 -0.03
14
SEX
0202 0.73
0814 0.26
1331 0.85
2101 0.06
30
DOM
0247 0.67
0916 0.23
1412 0.82
2151 0.09
15
SÁB
0229 0.72
0834 0.22
1408 0.86
2132 0.13
31
SEG
0227 0.60
0949 0.23
1440 0.79
2236 0.25
16
DOM
0253 0.70
0855 0.20
1446 0.84
2159 0.20
Abril
HORA ALT(m) HORA ALT(m)
01
TER
0231 0.57
1012 0.23
1512 0.73
2323 0.42
17
QUI
0302 0.59
1047 0.14
1619 0.66
2231 0.52
02
QUA
0257 0.58
0708 0.22
0916 0.26
1057 0.24
1546 0.64
1851 0.54
2204 0.62
18
SEX
0144 0.54
0312 0.56
1142 0.17
1732 0.59
2004 0.56
2317 0.60
03
QUI
0112 0.55
0306 0.59
0736 0.18
1155 0.26
1617 0.55
1859 0.48
2332 0.71
19
SÁB
1238 0.20
2346 0.66
04
SEX
0810 0.18
1117 0.30
1302 0.28
1712 0.45
1904 0.43
20
DOM
0801 0.37
0946 0.39
1359 0.21
2355 0.72
05
SÁB
0021 0.77
0855 0.23
1202 0.35
1447 0.27
21
SEG
0732 0.39
1042 0.45
1514 0.17
2355 0.76
06
DOM
0104 0.77
0938 0.32
1227 0.40
1602 0.24
22
TER
0559 0.35
1117 0.53
1629 0.11
07
SEG
0140 0.72
0619 0.49
0744 0.50
1031 0.42
1242 0.45
1708 0.19
23
QUA
0008 0.80
0614 0.30
1147 0.60
1727 0.05
08
TER
0042 0.65
0616 0.43
0940 0.55
1759 0.14
24
QUI
0032 0.82
0646 0.26
1223 0.67
1821 -0.00
09
QUA
0031 0.66
0636 0.36
1101 0.65
1842 0.12
25
SEX
0101 0.79
0708 0.23
1246 0.74
1912 -0.01
10
QUI
0040 0.67
0659 0.29
1147 0.74
1923 0.11
26
SÁB
0131 0.74
0742 0.21
1312 0.78
2002 0.02
11
SEX
0051 0.69
0716 0.23
1231 0.79
2002 0.12
27
DOM
0147 0.66
0812 0.19
1336 0.80
2051 0.11
12
SÁB
0116 0.70
0742 0.19
1312 0.83
2040 0.16
28
SEG
0125 0.59
0851 0.16
1410 0.78
2138 0.25
13
DOM
0146 0.70
0812 0.16
1355 0.83
2104 0.22
29
TER
0127 0.56
0923 0.15
1440 0.73
2227 0.39
14
SEG
0217 0.68
0846 0.13
1427 0.81
2132 0.29
30
QUA
0157 0.57
1006 0.14
1527 0.66
1753 0.62
2004 0.65
2340 0.53
15
TER
0232 0.65
0921 0.12
1504 0.77
2149 0.37
16
QUA
0251 0.62
1001 0.12
1538 0.72
2204 0.44
DG6-62 Original
171
PORTO DE IMBITUBA (ESTADO DE SANTA CATARINA) - 2025
Latitude 28° 14' S Longitude 48° 39' W Fuso UTC -03.0 horas
IAGS/IBGE 57 Componentes Nível Médio 0.45 m Carta 1921
Maio
HORA ALT(m) HORA ALT(m)
01
QUI
0216 0.59
0655 0.21
0823 0.23
1101 0.15
1601 0.58
1751 0.56
2201 0.70
17
SÁB
0114 0.53
0308 0.56
1127 0.10
1804 0.63
02
SEX
0251 0.61
0716 0.20
0931 0.25
1157 0.18
1751 0.50
2314 0.74
18
DOM
0216 0.51
0353 0.52
1217 0.13
2201 0.64
03
SÁB
0801 0.23
1021 0.29
1259 0.21
19
SEG
0319 0.48
0449 0.49
1329 0.15
2229 0.68
04
DOM
0004 0.74
0849 0.29
1102 0.34
1412 0.23
20
TER
0408 0.43
0747 0.45
0946 0.47
1446 0.14
2306 0.72
05
SEG
0047 0.69
0944 0.37
1134 0.39
1517 0.23
21
QUA
0451 0.39
1023 0.54
1555 0.12
2336 0.73
06
TER
0112 0.62
0449 0.50
0736 0.55
1627 0.23
2355 0.58
22
QUI
0529 0.34
1104 0.61
1701 0.10
07
QUA
0516 0.42
0912 0.59
1721 0.21
2351 0.60
23
SEX
0002 0.72
0602 0.29
1144 0.67
1801 0.09
08
QUI
0553 0.34
1029 0.65
1812 0.21
2349 0.62
24
SÁB
0029 0.68
0638 0.24
1236 0.72
1859 0.12
09
SEX
0619 0.26
1119 0.71
1902 0.21
25
DOM
0046 0.61
0706 0.19
1319 0.76
1953 0.18
10
SÁB
0008 0.65
0653 0.20
1212 0.75
1947 0.23
26
SEG
0023 0.56
0747 0.14
1406 0.77
2042 0.27
11
DOM
0034 0.66
0719 0.15
1302 0.77
2014 0.26
27
TER
0021 0.54
0829 0.10
1506 0.75
2131 0.38
12
SEG
0110 0.66
0753 0.11
1342 0.78
2055 0.31
28
QUA
0057 0.56
0910 0.07
1606 0.71
1802 0.71
2227 0.48
13
TER
0134 0.64
0832 0.09
1423 0.77
2117 0.38
29
QUI
0129 0.58
1002 0.06
1947 0.69
2347 0.56
14
QUA
0202 0.62
0908 0.07
1508 0.74
2149 0.44
30
SEX
0204 0.62
1057 0.07
2136 0.68
15
QUI
0216 0.60
0953 0.07
1553 0.71
2216 0.49
31
SÁB
0101 0.59
0257 0.64
1147 0.10
2301 0.67
16
SEX
0253 0.58
1040 0.08
1651 0.67
Junho
HORA ALT(m) HORA ALT(m)
01
DOM
0138 0.60
0344 0.65
1236 0.16
1859 0.49
2357 0.63
17
TER
0202 0.47
0501 0.56
1304 0.12
2102 0.62
02
SEG
0204 0.58
0442 0.65
1346 0.22
1955 0.46
18
QUA
0255 0.44
0559 0.54
1412 0.15
2219 0.62
03
TER
0025 0.58
0251 0.54
0544 0.62
1453 0.26
19
QUI
0342 0.41
0949 0.54
1525 0.19
2316 0.61
04
QUA
0053 0.51
0323 0.47
0704 0.59
1559 0.29
2304 0.51
20
SEX
0423 0.37
1040 0.59
1644 0.21
2353 0.58
05
QUI
0406 0.40
0834 0.59
1701 0.29
2312 0.53
21
SÁB
0521 0.31
1149 0.64
1747 0.24
06
SEX
0501 0.33
1004 0.62
1755 0.30
2308 0.57
22
DOM
0021 0.54
0604 0.24
1304 0.71
1855 0.27
07
SÁB
0551 0.25
1106 0.65
1847 0.31
2338 0.60
23
SEG
0008 0.50
0647 0.16
1357 0.75
1951 0.32
2323 0.50
08
DOM
0629 0.19
1210 0.69
1927 0.32
24
TER
0729 0.09
1446 0.78
2036 0.38
09
SEG
0008 0.61
0702 0.13
1302 0.72
2004 0.34
25
QUA
0001 0.54
0816 0.04
1521 0.77
2125 0.44
10
TER
0036 0.61
0740 0.09
1347 0.74
2049 0.38
26
QUI
0040 0.57
0902 -0.00
1602 0.74
2212 0.49
11
QUA
0114 0.60
0817 0.05
1436 0.75
2121 0.42
27
SEX
0121 0.62
0953 -0.00
1627 0.68
2251 0.53
12
QUI
0140 0.60
0901 0.02
1519 0.75
2202 0.45
28
SÁB
0210 0.68
1040 0.02
1640 0.62
2101 0.58
2323 0.55
13
SEX
0210 0.60
0944 0.02
1602 0.73
2249 0.48
29
DOM
0302 0.71
1121 0.07
1657 0.57
2040 0.50
14
SÁB
0253 0.60
1027 0.02
1657 0.70
30
SEG
0353 0.73
1206 0.15
1716 0.54
2116 0.45
15
DOM
0040 0.49
0325 0.59
1114 0.04
1755 0.67
16
SEG
0117 0.48
0414 0.58
1204 0.07
1847 0.64
Julho
HORA ALT(m) HORA ALT(m)
01
TER
0440 0.71
1301 0.24
1753 0.52
2202 0.42
17
QUI
0131 0.43
0516 0.62
1346 0.24
1821 0.51
2116 0.48
2306 0.49
02
QUA
0523 0.67
1404 0.31
1827 0.50
2302 0.42
18
SEX
0225 0.41
0617 0.56
0949 0.53
1508 0.32
1851 0.47
2106 0.44
2357 0.48
03
QUI
0631 0.61
1519 0.36
1916 0.48
2257 0.45
19
SÁB
0319 0.37
1208 0.59
1644 0.36
1925 0.44
2136 0.41
04
SEX
0306 0.38
0759 0.56
1644 0.38
2102 0.48
20
DOM
0029 0.46
0429 0.31
1306 0.67
1757 0.38
2021 0.43
2210 0.41
05
SÁB
0410 0.32
1002 0.57
1253 0.55
1742 0.38
2249 0.51
21
SEG
0106 0.45
0546 0.23
1347 0.74
1902 0.38
2140 0.45
2346 0.43
06
DOM
0521 0.25
1255 0.61
1840 0.37
2325 0.54
22
TER
0138 0.45
0632 0.13
1417 0.78
1949 0.40
2302 0.50
07
SEG
0606 0.18
1302 0.67
1919 0.37
23
QUA
0717 0.05
1431 0.79
2023 0.41
2355 0.56
08
TER
0004 0.56
0647 0.12
1331 0.72
2002 0.37
24
QUI
0804 -0.01
1501 0.78
2102 0.43
09
QUA
0032 0.57
0723 0.06
1404 0.75
2042 0.39
25
SEX
0038 0.64
0851 -0.03
1516 0.74
2129 0.44
10
QUI
0123 0.59
0804 0.01
1446 0.78
2116 0.40
26
SÁB
0125 0.71
0927 -0.02
1536 0.69
2155 0.44
11
SEX
0144 0.61
0851 -0.02
1514 0.78
2159 0.41
27
DOM
0210 0.77
1012 0.02
1549 0.65
2155 0.42
12
SÁB
0216 0.64
0929 -0.03
1557 0.77
2229 0.42
28
SEG
0259 0.80
1059 0.09
1602 0.61
2106 0.38
13
DOM
0253 0.66
1014 -0.03
1629 0.73
2316 0.43
29
TER
0342 0.79
1136 0.18
1629 0.58
2138 0.34
14
SEG
0327 0.67
1102 -0.00
1706 0.68
30
QUA
0419 0.75
1208 0.28
1647 0.55
2208 0.34
15
TER
0010 0.44
0406 0.67
1149 0.06
1753 0.63
31
QUI
0457 0.69
1302 0.38
1727 0.52
16
QUA
0053 0.44
0444 0.65
1236 0.14
1808 0.56
Agosto
HORA ALT(m) HORA ALT(m)
01
SEX
0019 0.36
0534 0.61
1053 0.46
1259 0.46
1502 0.44
1753 0.49
2259 0.40
17
DOM
0008 0.40
0247 0.35
1253 0.69
2138 0.31
02
SÁB
0216 0.35
0701 0.53
0925 0.51
1244 0.54
1644 0.44
1817 0.46
2157 0.42
2336 0.44
18
SEG
0046 0.41
0406 0.29
1329 0.75
2208 0.35
03
DOM
0329 0.31
1302 0.61
1753 0.42
2357 0.47
19
TER
0106 0.43
0536 0.20
1401 0.78
1906 0.43
2101 0.45
2301 0.43
04
SEG
0446 0.25
1317 0.67
1847 0.39
20
QUA
0121 0.46
0621 0.10
1349 0.78
1929 0.41
2302 0.53
05
TER
0019 0.50
0547 0.18
1332 0.72
1916 0.37
21
QUI
0706 0.03
1359 0.77
1959 0.40
2353 0.63
06
QUA
0029 0.54
0627 0.10
1342 0.76
1957 0.35
22
SEX
0747 -0.01
1412 0.75
2017 0.38
07
QUI
0057 0.58
0708 0.03
1402 0.80
2021 0.34
23
SÁB
0032 0.73
0823 -0.02
1434 0.72
2044 0.35
08
SEX
0131 0.62
0753 -0.02
1429 0.81
2059 0.34
24
DOM
0117 0.80
0904 0.01
1446 0.70
2057 0.32
09
SÁB
0144 0.66
0834 -0.06
1459 0.81
2127 0.34
25
SEG
0202 0.84
0949 0.07
1501 0.67
2053 0.29
10
DOM
0210 0.71
0912 -0.07
1525 0.78
2159 0.34
26
TER
0244 0.84
1023 0.16
1519 0.65
2116 0.26
11
SEG
0236 0.74
1001 -0.04
1555 0.73
2221 0.35
27
QUA
0321 0.81
1059 0.25
1534 0.61
2144 0.25
12
TER
0310 0.76
1047 0.02
1617 0.65
2255 0.37
28
QUI
0357 0.76
1104 0.34
1555 0.58
2219 0.27
13
QUA
0344 0.75
1125 0.12
1619 0.59
2331 0.38
29
SEX
0427 0.69
1057 0.43
1608 0.54
2353 0.30
14
QUI
0412 0.71
1214 0.25
1625 0.54
2038 0.37
2301 0.39
30
SÁB
0502 0.60
0847 0.49
1304 0.53
1510 0.50
2114 0.36
2242 0.36
15
SEX
0016 0.38
0446 0.64
1336 0.38
1655 0.51
2046 0.33
2344 0.39
31
DOM
0119 0.31
0617 0.51
0802 0.50
1231 0.59
2059 0.38
2310 0.41
16
SÁB
0116 0.37
0517 0.56
0802 0.49
1153 0.58
1536 0.46
1717 0.48
2106 0.30
DG6-62 Original
172
PORTO DE IMBITUBA (ESTADO DE SANTA CATARINA) - 2025
Latitude 28° 14' S Longitude 48° 39' W Fuso UTC -03.0 horas
IAGS/IBGE 57 Componentes Nível Médio 0.45 m Carta 1921
Setembro
HORA ALT(m) HORA ALT(m)
01
SEG
0253 0.29
1251 0.67
2012 0.39
2349 0.46
17
QUA
0051 0.44
0523 0.18
1349 0.76
1846 0.44
2101 0.48
2223 0.47
02
TER
0404 0.24
1302 0.72
1855 0.37
18
QUI
0051 0.49
0606 0.10
1310 0.73
1859 0.40
2301 0.59
03
QUA
0008 0.51
0519 0.17
1314 0.77
1904 0.34
19
SEX
0644 0.06
1312 0.72
1912 0.35
2338 0.70
04
QUI
0029 0.56
0606 0.08
1319 0.81
1925 0.31
20
SÁB
0721 0.04
1329 0.71
1938 0.30
05
SEX
0047 0.62
0651 0.01
1340 0.83
1959 0.29
21
DOM
0017 0.79
0802 0.05
1338 0.71
1957 0.26
06
SÁB
0112 0.67
0732 -0.05
1402 0.84
2023 0.27
22
SEG
0104 0.84
0842 0.09
1355 0.70
2021 0.22
07
DOM
0127 0.73
0812 -0.08
1429 0.81
2057 0.26
23
TER
0147 0.86
0912 0.16
1419 0.69
2042 0.18
08
SEG
0149 0.78
0859 -0.07
1453 0.76
2121 0.26
24
QUA
0223 0.84
0953 0.24
1440 0.66
2110 0.17
09
TER
0216 0.81
0942 -0.00
1504 0.68
2151 0.27
25
QUI
0304 0.80
1014 0.33
1501 0.63
2146 0.17
10
QUA
0247 0.80
1025 0.11
1504 0.62
2208 0.28
26
SEX
0340 0.74
1012 0.41
1508 0.60
2225 0.20
11
QUI
0319 0.77
1108 0.25
1510 0.58
2240 0.29
27
SÁB
0412 0.67
1012 0.48
1514 0.56
2338 0.23
12
SEX
0349 0.70
1206 0.41
1527 0.56
1955 0.26
2342 0.31
28
DOM
0438 0.59
0802 0.52
1249 0.57
13
SÁB
0416 0.62
0714 0.51
1047 0.60
1404 0.53
1546 0.55
2012 0.22
2319 0.33
29
SEG
0051 0.26
1204 0.64
2016 0.36
2249 0.39
14
DOM
0059 0.32
0457 0.51
0710 0.46
1204 0.71
2046 0.22
2359 0.37
30
TER
0212 0.26
1214 0.70
1955 0.37
2312 0.45
15
SEG
0225 0.30
1253 0.78
2116 0.27
16
TER
0023 0.40
0351 0.25
1325 0.79
2157 0.35
Outubro
HORA ALT(m) HORA ALT(m)
01
QUA
0321 0.22
1234 0.75
1825 0.36
2334 0.52
17
SEX
0538 0.15
1221 0.64
1808 0.38
2234 0.63
02
QUI
0444 0.16
1236 0.79
1831 0.32
2359 0.59
18
SÁB
0617 0.13
1231 0.65
1836 0.31
2316 0.73
03
SEX
0540 0.07
1249 0.82
1857 0.28
19
DOM
0702 0.13
1232 0.67
1859 0.24
04
SÁB
0023 0.66
0623 -0.00
1308 0.83
1917 0.24
20
SEG
0004 0.79
0742 0.15
1249 0.68
1925 0.19
05
DOM
0040 0.72
0708 -0.04
1332 0.81
1951 0.22
21
TER
0049 0.82
0810 0.19
1316 0.69
1955 0.14
06
SEG
0104 0.78
0757 -0.05
1355 0.77
2019 0.20
22
QUA
0127 0.82
0853 0.25
1344 0.68
2032 0.12
07
TER
0127 0.82
0838 -0.00
1412 0.69
2053 0.19
23
QUI
0210 0.80
0919 0.33
1410 0.66
2102 0.10
08
QUA
0201 0.82
0921 0.10
1408 0.63
2117 0.18
24
SEX
0253 0.76
0936 0.40
1423 0.63
2142 0.11
09
QUI
0229 0.79
1010 0.24
1410 0.59
2155 0.19
25
SÁB
0340 0.72
0947 0.46
1449 0.60
2221 0.13
10
SEX
0310 0.73
1106 0.40
1429 0.58
1904 0.24
2008 0.25
2234 0.21
26
DOM
0417 0.66
1016 0.53
1302 0.55
1459 0.56
2317 0.17
11
SÁB
0338 0.65
0623 0.57
0916 0.63
1246 0.54
1453 0.58
1916 0.19
2155 0.26
2340 0.23
27
SEG
0446 0.60
0736 0.56
1134 0.59
12
DOM
0410 0.55
0619 0.51
1051 0.72
1953 0.19
2253 0.30
28
TER
0017 0.19
1121 0.64
2017 0.38
13
SEG
0053 0.25
0447 0.45
0619 0.44
1159 0.78
2025 0.22
2319 0.35
29
QUA
0134 0.21
1149 0.69
1940 0.40
2223 0.45
14
TER
0210 0.25
1240 0.79
2104 0.30
2359 0.40
30
QUI
0249 0.19
1146 0.73
1725 0.37
2259 0.53
15
QUA
0319 0.23
1312 0.75
1846 0.50
2149 0.40
31
SEX
0401 0.15
1155 0.76
1751 0.32
2321 0.60
16
QUI
0016 0.45
0446 0.19
1336 0.68
1755 0.45
2053 0.53
Novembro
HORA ALT(m) HORA ALT(m)
01
SÁB
0504 0.09
1212 0.78
1812 0.27
2349 0.67
17
SEG
0644 0.24
1146 0.62
1832 0.21
2351 0.73
02
DOM
0601 0.04
1238 0.77
1847 0.23
18
TER
0717 0.25
1212 0.65
1904 0.15
03
SEG
0019 0.74
0649 0.02
1302 0.74
1914 0.19
19
QUA
0038 0.76
0801 0.28
1247 0.66
1944 0.10
04
TER
0047 0.79
0738 0.05
1325 0.68
1949 0.16
20
QUI
0121 0.77
0836 0.34
1321 0.65
2021 0.07
05
QUA
0123 0.81
0817 0.12
1317 0.61
2025 0.13
21
SEX
0212 0.76
0904 0.39
1349 0.64
2059 0.05
06
QUI
0208 0.79
0910 0.24
1312 0.58
2102 0.10
22
SÁB
0302 0.75
0942 0.44
1408 0.62
2132 0.05
07
SEX
0255 0.75
1008 0.38
1338 0.57
2147 0.10
23
DOM
0351 0.72
1006 0.49
1432 0.60
2212 0.07
08
SÁB
0359 0.69
0601 0.66
0717 0.67
1117 0.50
1401 0.59
1944 0.24
2232 0.12
24
SEG
0432 0.68
1202 0.53
1501 0.58
2304 0.10
09
DOM
0908 0.71
1301 0.59
1427 0.61
1902 0.21
2049 0.25
2334 0.15
25
TER
0525 0.64
1359 0.52
1525 0.54
10
SEG
1029 0.75
1940 0.23
2159 0.29
26
QUA
0002 0.13
0902 0.62
1502 0.50
1636 0.51
11
TER
0038 0.18
1142 0.75
2023 0.28
2251 0.34
27
QUI
0102 0.15
0942 0.64
1549 0.45
1801 0.48
2055 0.46
12
QUA
0153 0.21
1223 0.72
1702 0.58
2108 0.35
2319 0.40
28
SEX
0210 0.16
1023 0.67
1614 0.40
2206 0.53
13
QUI
0259 0.23
1304 0.65
1621 0.52
1849 0.56
2202 0.44
2351 0.45
29
SÁB
0317 0.16
1110 0.69
1655 0.35
2253 0.60
14
SEX
0404 0.24
1325 0.57
1651 0.45
2012 0.57
30
DOM
0438 0.14
1146 0.69
1732 0.29
2327 0.66
15
SÁB
0508 0.24
1151 0.55
1717 0.36
2204 0.63
16
DOM
0601 0.23
1134 0.58
1755 0.28
2302 0.69
Dezembro
HORA ALT(m) HORA ALT(m)
01
SEG
0538 0.13
1216 0.67
1806 0.24
17
QUA
0710 0.33
1157 0.60
1853 0.13
02
TER
0016 0.72
0634 0.14
1240 0.62
1847 0.18
18
QUI
0049 0.71
0757 0.35
1232 0.61
1934 0.08
03
QUA
0102 0.77
0723 0.18
1236 0.57
1925 0.12
19
SEX
0134 0.74
0825 0.38
1319 0.62
2010 0.04
04
QUI
0201 0.79
0812 0.25
1217 0.54
2008 0.06
20
SÁB
0229 0.75
0906 0.41
1347 0.63
2051 0.01
05
SEX
0306 0.79
0910 0.35
1246 0.55
2057 0.02
21
DOM
0308 0.76
0953 0.43
1412 0.63
2121 -0.00
06
SÁB
0402 0.77
1012 0.45
1310 0.58
2140 0.01
22
SEG
0353 0.75
1021 0.46
1440 0.63
2202 0.01
07
DOM
0647 0.72
1117 0.53
1357 0.62
2225 0.03
23
TER
0421 0.72
1106 0.47
1510 0.63
2253 0.04
08
SEG
0855 0.70
1219 0.58
1434 0.65
2317 0.07
24
QUA
0502 0.69
1216 0.48
1557 0.61
2340 0.08
09
TER
1008 0.67
1302 0.61
1512 0.67
25
QUI
0555 0.64
1304 0.47
1646 0.60
10
QUA
0014 0.13
0647 0.48
1129 0.64
1344 0.61
1612 0.67
2157 0.34
26
SEX
0029 0.12
0649 0.60
1402 0.46
1732 0.57
11
QUI
0116 0.20
0555 0.45
0723 0.43
1221 0.59
1412 0.57
1710 0.65
2259 0.39
27
SÁB
0136 0.17
0906 0.58
1502 0.42
1849 0.55
12
SEX
0214 0.27
0804 0.42
1308 0.53
1502 0.51
1819 0.61
2223 0.43
2347 0.44
28
DOM
0244 0.22
1032 0.57
1555 0.38
2231 0.57
13
SÁB
0317 0.32
0902 0.44
1329 0.47
1551 0.43
1944 0.58
29
SEG
0410 0.25
1147 0.56
1640 0.32
2340 0.64
14
DOM
0446 0.34
0912 0.48
1627 0.35
2134 0.58
30
TER
0525 0.26
1236 0.54
1736 0.24
15
SEG
0544 0.34
1012 0.52
1723 0.27
2259 0.62
31
QUA
0049 0.72
0632 0.27
1319 0.52
1825 0.16
16
TER
0629 0.33
1108 0.56
1808 0.19
2355 0.67
DG6-62 Original
