86
PORTO DE MACEIÓ (ESTADO DE ALAGOAS) - 2025
Latitude 09° 41' S Longitude 35° 43'.5 W Fuso UTC -03.0 horas
DHN 53 Componentes Nível Médio 1.16 m Carta 921
Janeiro
HORA ALT(m) HORA ALT(m)
01
QUA
0438 1.90
1042 0.28
1646 1.99
2306 0.12
17
SEX
0551 1.87
1153 0.39
1802 1.95
02
QUI
0516 1.90
1121 0.30
1729 2.00
2353 0.16
18
SÁB
0021 0.32
0625 1.80
1223 0.47
1840 1.85
03
SEX
0601 1.87
1204 0.35
1814 1.99
19
DOM
0055 0.44
0702 1.71
1301 0.57
1917 1.75
04
SÁB
0036 0.23
0649 1.82
1253 0.42
1902 1.95
20
SEG
0134 0.56
0742 1.61
1342 0.67
2002 1.64
05
DOM
0127 0.32
0736 1.74
1344 0.50
1957 1.89
21
TER
0217 0.68
0831 1.52
1442 0.75
2059 1.53
06
SEG
0223 0.43
0832 1.66
1447 0.56
2055 1.81
22
QUA
0323 0.76
0931 1.44
1555 0.79
2208 1.45
07
TER
0329 0.52
0936 1.59
1555 0.59
2202 1.73
23
QUI
0440 0.80
1053 1.42
1714 0.76
2336 1.44
08
QUA
0440 0.57
1053 1.58
1708 0.56
2316 1.70
24
SEX
0604 0.76
1204 1.47
1832 0.67
09
QUI
0559 0.56
1201 1.62
1825 0.48
25
SÁB
0051 1.51
0706 0.67
1302 1.57
1925 0.53
10
SEX
0031 1.71
0704 0.51
1304 1.70
1929 0.36
26
DOM
0146 1.62
0755 0.55
1351 1.70
2014 0.39
11
SÁB
0138 1.77
0801 0.42
1359 1.81
2025 0.23
27
SEG
0231 1.75
0834 0.43
1431 1.84
2055 0.25
12
DOM
0234 1.84
0849 0.35
1447 1.91
2114 0.13
28
TER
0308 1.88
0914 0.33
1510 1.98
2134 0.13
13
SEG
0319 1.90
0931 0.29
1531 1.99
2159 0.08
29
QUA
0347 1.99
0953 0.24
1553 2.11
2214 0.05
14
TER
0402 1.94
1010 0.26
1610 2.04
2238 0.08
30
QUI
0425 2.07
1029 0.19
1631 2.20
2257 0.01
15
QUA
0442 1.94
1047 0.27
1651 2.04
2314 0.13
31
SEX
0502 2.10
1108 0.17
1714 2.24
2336 0.04
16
QUI
0516 1.92
1119 0.32
1727 2.01
2349 0.21
Fevereiro
HORA ALT(m) HORA ALT(m)
01
SÁB
0542 2.08
1147 0.20
1757 2.22
17
SEG
0014 0.42
0621 1.85
1219 0.49
1836 1.84
02
DOM
0016 0.13
0623 2.00
1227 0.28
1840 2.13
18
TER
0046 0.54
0657 1.74
1255 0.59
1914 1.70
03
SEG
0101 0.27
0706 1.88
1312 0.39
1929 1.98
19
QUA
0119 0.66
0732 1.61
1338 0.70
2001 1.55
04
TER
0149 0.44
0757 1.74
1408 0.52
2021 1.80
20
QUI
0206 0.79
0825 1.49
1442 0.79
2106 1.42
05
QUA
0249 0.62
0857 1.60
1521 0.62
2134 1.63
21
SEX
0332 0.89
0938 1.40
1625 0.83
2251 1.37
06
QUI
0408 0.74
1016 1.51
1657 0.65
2308 1.54
22
SÁB
0521 0.89
1117 1.42
1804 0.74
07
SEX
0551 0.75
1149 1.53
1831 0.56
23
DOM
0032 1.47
0642 0.78
1238 1.54
1908 0.58
08
SÁB
0040 1.58
0708 0.66
1304 1.65
1934 0.42
24
SEG
0132 1.63
0736 0.63
1331 1.72
1955 0.41
09
DOM
0147 1.69
0802 0.53
1359 1.79
2025 0.28
25
TER
0214 1.82
0816 0.47
1414 1.93
2038 0.24
10
SEG
0236 1.82
0842 0.42
1444 1.94
2106 0.17
26
QUA
0253 2.00
0855 0.32
1455 2.13
2116 0.09
11
TER
0312 1.93
0919 0.33
1521 2.05
2144 0.12
27
QUI
0327 2.14
0932 0.20
1534 2.30
2155 -0.01
12
QUA
0349 2.01
0955 0.27
1557 2.12
2216 0.11
28
SEX
0402 2.24
1008 0.11
1612 2.41
2236 -0.04
13
QUI
0419 2.05
1023 0.26
1627 2.15
2249 0.15
14
SEX
0451 2.05
1053 0.28
1701 2.13
2316 0.21
15
SÁB
0517 2.02
1121 0.33
1732 2.06
2346 0.31
16
DOM
0549 1.95
1151 0.40
1802 1.97
Março
HORA ALT(m) HORA ALT(m)
01
SÁB
0440 2.27
1046 0.08
1653 2.43
2312 -0.00
17
SEG
0516 2.04
1119 0.37
1734 2.01
2340 0.43
02
DOM
0516 2.23
1125 0.11
1734 2.36
2353 0.13
18
TER
0547 1.94
1151 0.45
1804 1.88
03
SEG
0559 2.12
1204 0.20
1817 2.20
19
QUA
0008 0.54
0619 1.82
1221 0.54
1840 1.73
04
TER
0034 0.31
0642 1.97
1249 0.35
1906 1.98
20
QUI
0042 0.67
0655 1.69
1302 0.66
1925 1.57
05
QUA
0119 0.52
0725 1.78
1346 0.52
2002 1.74
21
SEX
0121 0.81
0738 1.56
1401 0.77
2025 1.45
06
QUI
0219 0.73
0827 1.61
1508 0.66
2123 1.54
22
SÁB
0242 0.94
0851 1.46
1542 0.83
2216 1.41
07
SEX
0357 0.87
0957 1.50
1659 0.69
2321 1.48
23
DOM
0440 0.96
1034 1.46
1727 0.77
08
SÁB
0551 0.86
1149 1.54
1831 0.59
24
SEG
0004 1.52
0610 0.85
1204 1.59
1840 0.61
09
DOM
0051 1.58
0704 0.74
1302 1.69
1927 0.45
25
TER
0104 1.71
0704 0.69
1302 1.81
1925 0.42
10
SEG
0146 1.73
0751 0.60
1351 1.85
2010 0.34
26
QUA
0147 1.92
0749 0.51
1347 2.04
2008 0.24
11
TER
0221 1.87
0825 0.48
1429 1.99
2049 0.25
27
QUI
0223 2.10
0825 0.33
1429 2.26
2051 0.09
12
QUA
0253 1.99
0859 0.38
1502 2.10
2117 0.21
28
SEX
0259 2.25
0904 0.19
1508 2.43
2129 0.01
13
QUI
0321 2.08
0929 0.32
1532 2.17
2149 0.20
29
SÁB
0336 2.34
0946 0.09
1551 2.51
2208 -0.01
14
SEX
0351 2.13
0957 0.29
1602 2.20
2216 0.21
30
DOM
0412 2.36
1023 0.05
1632 2.48
2251 0.06
15
SÁB
0417 2.14
1023 0.29
1634 2.18
2246 0.26
31
SEG
0453 2.30
1104 0.09
1716 2.36
2331 0.21
16
DOM
0449 2.11
1051 0.32
1702 2.11
2312 0.33
Abril
HORA ALT(m) HORA ALT(m)
01
TER
0532 2.17
1149 0.19
1802 2.16
17
QUI
0553 1.87
1204 0.53
1821 1.74
02
QUA
0012 0.41
0617 2.00
1236 0.35
1855 1.92
18
SEX
0017 0.70
0631 1.76
1246 0.63
1908 1.62
03
QUI
0101 0.62
0708 1.82
1340 0.53
1957 1.69
19
SÁB
0104 0.83
0716 1.66
1347 0.73
2010 1.53
04
SEX
0204 0.82
0814 1.65
1506 0.66
2123 1.53
20
DOM
0223 0.94
0825 1.58
1516 0.79
2149 1.51
05
SÁB
0347 0.93
0947 1.57
1647 0.69
2321 1.53
21
SEG
0402 0.96
0955 1.59
1646 0.74
2325 1.62
06
DOM
0531 0.90
1131 1.62
1808 0.62
22
TER
0525 0.87
1117 1.72
1757 0.61
07
SEG
0031 1.65
0638 0.79
1240 1.75
1902 0.53
23
QUA
0021 1.79
0623 0.72
1223 1.91
1851 0.45
08
TER
0119 1.78
0721 0.67
1323 1.88
1944 0.45
24
QUI
0108 1.97
0710 0.54
1312 2.12
1936 0.29
09
QUA
0153 1.91
0759 0.56
1401 2.00
2016 0.38
25
SEX
0149 2.14
0755 0.37
1359 2.30
2019 0.17
10
QUI
0221 2.01
0827 0.47
1434 2.09
2049 0.34
26
SÁB
0227 2.26
0836 0.23
1446 2.42
2102 0.11
11
SEX
0251 2.09
0859 0.41
1504 2.15
2116 0.32
27
DOM
0308 2.33
0919 0.13
1527 2.45
2146 0.12
12
SÁB
0317 2.14
0929 0.36
1536 2.17
2146 0.32
28
SEG
0351 2.34
1004 0.09
1614 2.40
2229 0.20
13
DOM
0349 2.15
0959 0.34
1606 2.15
2214 0.35
29
TER
0431 2.28
1053 0.12
1702 2.26
2312 0.33
14
SEG
0416 2.13
1027 0.35
1640 2.08
2244 0.40
30
QUA
0516 2.17
1144 0.22
1753 2.07
2359 0.51
15
TER
0449 2.07
1057 0.38
1710 1.99
2310 0.48
16
QUA
0519 1.98
1131 0.44
1746 1.87
2342 0.58
DG6-62 Original
87
PORTO DE MACEIÓ (ESTADO DE ALAGOAS) - 2025
Latitude 09° 41' S Longitude 35° 43'.5 W Fuso UTC -03.0 horas
DHN 53 Componentes Nível Médio 1.16 m Carta 921
Maio
HORA ALT(m) HORA ALT(m)
01
QUI
0606 2.03
1232 0.35
1847 1.88
17
SÁB
0008 0.71
0619 1.85
1244 0.58
1902 1.71
02
SEX
0051 0.68
0702 1.88
1338 0.50
1951 1.71
18
DOM
0101 0.81
0710 1.79
1344 0.65
2001 1.66
03
SÁB
0155 0.83
0806 1.76
1451 0.62
2108 1.61
19
SEG
0208 0.89
0810 1.75
1449 0.69
2114 1.66
04
DOM
0319 0.91
0923 1.70
1608 0.68
2236 1.61
20
TER
0323 0.90
0921 1.77
1602 0.67
2231 1.72
05
SEG
0446 0.91
1049 1.71
1721 0.68
2347 1.69
21
QUA
0438 0.84
1036 1.85
1710 0.61
2336 1.84
06
TER
0549 0.85
1151 1.78
1817 0.64
22
QUI
0540 0.72
1138 1.97
1810 0.50
07
QUA
0032 1.78
0638 0.76
1244 1.86
1902 0.59
23
SEX
0025 1.96
0634 0.58
1236 2.10
1904 0.40
08
QUI
0112 1.88
0717 0.67
1321 1.94
1942 0.54
24
SÁB
0114 2.08
0723 0.43
1329 2.21
1953 0.32
09
SEX
0146 1.97
0755 0.59
1359 2.01
2014 0.49
25
DOM
0201 2.18
0812 0.30
1421 2.27
2040 0.28
10
SÁB
0216 2.04
0829 0.52
1434 2.05
2047 0.45
26
SEG
0246 2.23
0902 0.20
1510 2.28
2127 0.29
11
DOM
0249 2.08
0902 0.45
1508 2.07
2116 0.44
27
TER
0332 2.25
0955 0.16
1602 2.23
2214 0.34
12
SEG
0319 2.10
0936 0.41
1546 2.05
2149 0.44
28
QUA
0416 2.23
1046 0.16
1655 2.14
2302 0.43
13
TER
0355 2.09
1006 0.39
1617 2.00
2219 0.48
29
QUI
0506 2.17
1138 0.22
1746 2.02
2349 0.54
14
QUA
0425 2.05
1042 0.40
1655 1.94
2253 0.53
30
SEX
0559 2.08
1227 0.32
1840 1.90
15
QUI
0501 1.99
1119 0.44
1731 1.86
2327 0.62
31
SÁB
0040 0.66
0651 1.98
1321 0.45
1934 1.79
16
SEX
0540 1.92
1159 0.50
1812 1.78
Junho
HORA ALT(m) HORA ALT(m)
01
DOM
0131 0.77
0747 1.89
1416 0.57
2031 1.72
17
TER
0144 0.76
0755 1.94
1421 0.58
2040 1.79
02
SEG
0236 0.85
0846 1.82
1519 0.67
2134 1.68
18
QUA
0249 0.79
0851 1.92
1523 0.61
2144 1.78
03
TER
0338 0.89
0947 1.77
1617 0.73
2238 1.69
19
QUI
0353 0.78
0955 1.92
1627 0.61
2249 1.81
04
QUA
0444 0.89
1051 1.76
1719 0.75
2338 1.74
20
SEX
0459 0.72
1101 1.94
1736 0.59
2351 1.87
05
QUI
0540 0.85
1147 1.78
1812 0.72
21
SÁB
0602 0.62
1206 1.98
1838 0.54
06
SEX
0021 1.80
0632 0.78
1240 1.81
1859 0.68
22
DOM
0046 1.95
0702 0.50
1308 2.02
1936 0.49
07
SÁB
0106 1.86
0717 0.70
1323 1.86
1942 0.63
23
SEG
0142 2.03
0802 0.38
1410 2.06
2027 0.44
08
DOM
0146 1.93
0801 0.61
1406 1.90
2017 0.58
24
TER
0231 2.11
0859 0.26
1506 2.10
2117 0.41
09
SEG
0217 1.98
0840 0.52
1449 1.93
2055 0.54
25
QUA
0321 2.17
0951 0.19
1559 2.10
2206 0.41
10
TER
0257 2.01
0916 0.45
1525 1.94
2129 0.52
26
QUI
0408 2.21
1040 0.17
1647 2.08
2253 0.43
11
QUA
0334 2.04
0953 0.41
1604 1.94
2204 0.52
27
SEX
0457 2.20
1127 0.20
1732 2.03
2336 0.49
12
QUI
0408 2.04
1031 0.38
1646 1.93
2242 0.54
28
SÁB
0544 2.16
1208 0.28
1817 1.96
13
SEX
0447 2.03
1110 0.39
1721 1.91
2319 0.59
29
DOM
0016 0.57
0627 2.09
1253 0.40
1902 1.89
14
SÁB
0529 2.01
1153 0.42
1804 1.88
30
SEG
0059 0.66
0714 1.99
1336 0.52
1944 1.81
15
DOM
0002 0.64
0612 1.99
1236 0.47
1853 1.85
16
SEG
0051 0.71
0701 1.96
1327 0.53
1942 1.81
Julho
HORA ALT(m) HORA ALT(m)
01
TER
0140 0.76
0759 1.90
1417 0.65
2031 1.74
17
QUI
0210 0.67
0817 1.98
1446 0.58
2101 1.78
02
QUA
0234 0.84
0846 1.80
1512 0.75
2123 1.68
18
SEX
0312 0.71
0919 1.88
1553 0.66
2208 1.72
03
QUI
0331 0.89
0942 1.71
1608 0.81
2227 1.66
19
SÁB
0427 0.72
1032 1.80
1708 0.70
2321 1.73
04
SEX
0440 0.90
1047 1.66
1716 0.82
2331 1.67
20
DOM
0546 0.66
1155 1.77
1825 0.68
05
SÁB
0544 0.85
1157 1.65
1816 0.79
21
SEG
0031 1.80
0702 0.54
1308 1.82
1932 0.60
06
DOM
0025 1.72
0647 0.77
1257 1.69
1912 0.73
22
TER
0132 1.91
0802 0.39
1412 1.90
2023 0.51
07
SEG
0114 1.78
0736 0.66
1347 1.74
1957 0.66
23
QUA
0225 2.03
0859 0.26
1504 1.99
2112 0.43
08
TER
0159 1.86
0821 0.55
1434 1.81
2036 0.60
24
QUI
0314 2.14
0944 0.17
1551 2.05
2155 0.38
09
QUA
0236 1.94
0902 0.45
1512 1.88
2116 0.54
25
SEX
0359 2.22
1027 0.14
1632 2.08
2234 0.37
10
QUI
0314 2.01
0940 0.37
1553 1.93
2153 0.49
26
SÁB
0438 2.24
1104 0.17
1708 2.07
2308 0.40
11
SEX
0355 2.08
1017 0.31
1631 1.98
2229 0.47
27
DOM
0517 2.21
1142 0.24
1746 2.03
2344 0.47
12
SÁB
0432 2.12
1057 0.28
1708 2.01
2306 0.47
28
SEG
0557 2.14
1214 0.35
1819 1.95
13
DOM
0514 2.15
1136 0.29
1749 2.01
2347 0.50
29
TER
0016 0.55
0631 2.04
1249 0.47
1857 1.87
14
SEG
0557 2.16
1217 0.32
1832 1.98
30
QUA
0053 0.65
0710 1.91
1325 0.60
1934 1.76
15
TER
0029 0.54
0640 2.12
1302 0.39
1914 1.93
31
QUI
0132 0.75
0753 1.78
1406 0.72
2021 1.66
16
QUA
0114 0.60
0727 2.06
1351 0.48
2002 1.85
Agosto
HORA ALT(m) HORA ALT(m)
01
SEX
0225 0.83
0840 1.64
1501 0.82
2116 1.58
17
DOM
0416 0.71
1023 1.60
1701 0.79
2310 1.60
02
SÁB
0334 0.89
0951 1.53
1612 0.87
2232 1.54
18
SEG
0553 0.65
1202 1.60
1829 0.73
03
DOM
0501 0.87
1116 1.49
1740 0.86
2347 1.57
19
TER
0032 1.70
0708 0.49
1317 1.70
1932 0.61
04
SEG
0621 0.79
1234 1.54
1846 0.80
20
QUA
0132 1.86
0802 0.34
1410 1.84
2016 0.49
05
TER
0049 1.65
0717 0.67
1332 1.63
1940 0.70
21
QUI
0219 2.01
0849 0.22
1455 1.96
2059 0.39
06
QUA
0138 1.77
0806 0.53
1417 1.75
2017 0.59
22
SEX
0302 2.14
0925 0.14
1531 2.04
2134 0.32
07
QUI
0217 1.90
0846 0.40
1459 1.88
2057 0.49
23
SÁB
0340 2.22
1002 0.13
1604 2.09
2206 0.30
08
SEX
0259 2.04
0921 0.28
1532 1.99
2134 0.40
24
DOM
0412 2.25
1036 0.15
1636 2.09
2238 0.32
09
SÁB
0336 2.16
0959 0.19
1608 2.07
2208 0.33
25
SEG
0447 2.22
1104 0.22
1706 2.05
2306 0.37
10
DOM
0412 2.25
1036 0.14
1646 2.12
2246 0.30
26
TER
0519 2.14
1136 0.31
1738 1.98
2338 0.44
11
SEG
0453 2.30
1114 0.14
1721 2.12
2323 0.31
27
QUA
0553 2.02
1204 0.42
1810 1.88
12
TER
0532 2.29
1155 0.19
1802 2.07
28
QUI
0008 0.53
0625 1.88
1236 0.54
1849 1.76
13
QUA
0002 0.36
0614 2.22
1234 0.30
1846 1.97
29
SEX
0044 0.63
0704 1.72
1310 0.67
1927 1.63
14
QUI
0046 0.45
0701 2.08
1319 0.44
1929 1.84
30
SÁB
0129 0.74
0753 1.56
1357 0.79
2019 1.51
15
SEX
0138 0.56
0755 1.91
1414 0.60
2025 1.71
31
DOM
0234 0.83
0859 1.42
1517 0.89
2129 1.44
16
SÁB
0246 0.67
0857 1.73
1527 0.74
2138 1.61
DG6-62 Original
88
PORTO DE MACEIÓ (ESTADO DE ALAGOAS) - 2025
Latitude 09° 41' S Longitude 35° 43'.5 W Fuso UTC -03.0 horas
DHN 53 Componentes Nível Médio 1.16 m Carta 921
Setembro
HORA ALT(m) HORA ALT(m)
01
SEG
0414 0.86
1036 1.37
1701 0.90
2306 1.45
17
QUA
0031 1.69
0702 0.42
1314 1.68
1921 0.57
02
TER
0553 0.78
1212 1.45
1819 0.81
18
QUI
0121 1.85
0749 0.30
1357 1.82
2001 0.44
03
QUA
0023 1.56
0657 0.64
1312 1.59
1914 0.68
19
SEX
0202 2.00
0827 0.21
1429 1.93
2034 0.35
04
QUI
0114 1.72
0740 0.48
1357 1.75
1955 0.54
20
SÁB
0240 2.11
0901 0.16
1501 2.02
2106 0.29
05
SEX
0155 1.91
0819 0.32
1431 1.91
2029 0.41
21
DOM
0312 2.18
0931 0.15
1531 2.06
2138 0.26
06
SÁB
0234 2.09
0855 0.18
1504 2.05
2106 0.28
22
SEG
0346 2.19
1001 0.17
1601 2.07
2204 0.26
07
DOM
0310 2.25
0931 0.07
1540 2.15
2142 0.19
23
TER
0414 2.15
1029 0.22
1629 2.03
2232 0.29
08
SEG
0349 2.36
1008 0.02
1614 2.20
2217 0.14
24
QUA
0447 2.07
1057 0.29
1701 1.96
2302 0.35
09
TER
0425 2.39
1049 0.03
1653 2.18
2257 0.14
25
QUI
0517 1.95
1123 0.38
1732 1.86
2334 0.42
10
QUA
0506 2.34
1125 0.11
1732 2.09
2338 0.21
26
SEX
0553 1.81
1153 0.49
1806 1.74
11
QUI
0551 2.20
1206 0.26
1814 1.96
27
SÁB
0006 0.52
0627 1.65
1227 0.61
1847 1.61
12
SEX
0021 0.33
0638 2.00
1253 0.44
1902 1.79
28
DOM
0047 0.63
0712 1.49
1308 0.74
1932 1.49
13
SÁB
0116 0.48
0736 1.76
1349 0.64
2002 1.63
29
SEG
0147 0.74
0814 1.36
1425 0.86
2046 1.40
14
DOM
0236 0.62
0847 1.56
1517 0.79
2123 1.52
30
TER
0332 0.80
1002 1.32
1616 0.88
2223 1.41
15
SEG
0421 0.66
1032 1.47
1706 0.81
2312 1.55
16
TER
0559 0.57
1212 1.54
1829 0.70
Outubro
HORA ALT(m) HORA ALT(m)
01
QUA
0510 0.74
1144 1.41
1746 0.80
2344 1.53
17
SEX
0057 1.82
0719 0.34
1327 1.77
1932 0.45
02
QUI
0619 0.60
1240 1.58
1838 0.65
18
SÁB
0134 1.93
0759 0.27
1359 1.87
2004 0.36
03
SEX
0042 1.72
0704 0.43
1321 1.75
1919 0.49
19
DOM
0210 2.01
0829 0.23
1427 1.94
2036 0.30
04
SÁB
0121 1.92
0746 0.26
1359 1.93
1959 0.33
20
SEG
0244 2.05
0859 0.21
1459 1.98
2106 0.26
05
DOM
0202 2.12
0823 0.11
1431 2.07
2034 0.19
21
TER
0314 2.06
0927 0.21
1527 1.99
2138 0.25
06
SEG
0242 2.28
0901 -0.00
1506 2.17
2112 0.08
22
QUA
0347 2.03
0957 0.23
1559 1.97
2206 0.25
07
TER
0319 2.37
0940 -0.04
1546 2.20
2153 0.02
23
QUI
0417 1.96
1025 0.28
1629 1.91
2238 0.29
08
QUA
0402 2.37
1019 -0.01
1623 2.16
2234 0.03
24
SEX
0453 1.86
1055 0.36
1702 1.83
2312 0.34
09
QUI
0447 2.27
1102 0.10
1704 2.06
2319 0.11
25
SÁB
0525 1.74
1123 0.45
1738 1.72
2347 0.43
10
SEX
0532 2.09
1146 0.27
1753 1.92
26
DOM
0602 1.61
1159 0.57
1816 1.62
11
SÁB
0008 0.24
0623 1.87
1234 0.47
1846 1.75
27
SEG
0025 0.53
0649 1.49
1246 0.68
1902 1.52
12
DOM
0110 0.41
0725 1.64
1334 0.66
1951 1.60
28
TER
0125 0.63
0751 1.39
1349 0.79
2008 1.45
13
SEG
0236 0.54
0846 1.47
1512 0.78
2117 1.52
29
QUA
0246 0.70
0914 1.36
1529 0.83
2129 1.46
14
TER
0414 0.57
1032 1.44
1655 0.76
2259 1.57
30
QUI
0416 0.67
1047 1.43
1655 0.76
2255 1.56
15
QUA
0540 0.51
1159 1.53
1804 0.66
31
SEX
0531 0.56
1155 1.57
1755 0.63
2355 1.73
16
QUI
0006 1.69
0638 0.42
1247 1.65
1855 0.55
Novembro
HORA ALT(m) HORA ALT(m)
01
SÁB
0623 0.41
1238 1.73
1842 0.47
17
SEG
0138 1.84
0759 0.35
1357 1.82
2008 0.36
02
DOM
0044 1.92
0708 0.25
1319 1.89
1923 0.30
18
TER
0214 1.88
0831 0.31
1427 1.87
2044 0.30
03
SEG
0127 2.09
0751 0.12
1359 2.02
2004 0.15
19
QUA
0251 1.90
0902 0.29
1501 1.89
2116 0.26
04
TER
0212 2.22
0832 0.03
1438 2.10
2049 0.04
20
QUI
0323 1.89
0932 0.29
1534 1.89
2149 0.24
05
QUA
0259 2.27
0914 -0.00
1519 2.13
2134 -0.02
21
SEX
0401 1.85
1004 0.31
1606 1.87
2221 0.25
06
QUI
0344 2.25
0959 0.04
1602 2.11
2219 -0.02
22
SÁB
0436 1.79
1036 0.35
1644 1.82
2259 0.28
07
SEX
0431 2.14
1046 0.15
1649 2.02
2312 0.05
23
DOM
0508 1.72
1108 0.42
1719 1.76
2338 0.35
08
SÁB
0519 1.98
1131 0.29
1738 1.91
24
SEG
0549 1.64
1146 0.51
1801 1.69
09
DOM
0004 0.17
0616 1.79
1223 0.46
1836 1.78
25
TER
0016 0.43
0634 1.56
1231 0.60
1846 1.63
10
SEG
0108 0.32
0717 1.62
1323 0.61
1942 1.67
26
QUA
0108 0.51
0723 1.50
1323 0.68
1944 1.59
11
TER
0219 0.44
0829 1.49
1449 0.70
2057 1.60
27
QUI
0210 0.57
0827 1.47
1442 0.72
2047 1.59
12
QUA
0344 0.51
0955 1.46
1608 0.72
2216 1.60
28
SEX
0323 0.59
0944 1.49
1555 0.70
2157 1.64
13
QUI
0455 0.53
1112 1.50
1716 0.67
2323 1.65
29
SÁB
0432 0.54
1055 1.56
1702 0.61
2302 1.74
14
SEX
0559 0.50
1204 1.59
1810 0.60
30
DOM
0540 0.44
1153 1.67
1759 0.48
15
SÁB
0017 1.72
0646 0.45
1247 1.67
1855 0.52
16
DOM
0101 1.79
0723 0.40
1323 1.76
1932 0.44
Dezembro
HORA ALT(m) HORA ALT(m)
01
SEG
0002 1.86
0634 0.33
1240 1.79
1853 0.33
17
QUA
0153 1.70
0808 0.44
1404 1.75
2025 0.37
02
TER
0059 1.97
0725 0.23
1329 1.90
1944 0.19
18
QUI
0234 1.75
0846 0.38
1440 1.80
2102 0.29
03
QUA
0151 2.06
0812 0.15
1414 1.99
2032 0.07
19
SEX
0308 1.78
0919 0.35
1516 1.85
2138 0.24
04
QUI
0244 2.10
0901 0.12
1502 2.04
2123 -0.01
20
SÁB
0347 1.80
0953 0.33
1555 1.87
2212 0.22
05
SEX
0332 2.09
0949 0.13
1551 2.06
2216 -0.03
21
DOM
0423 1.80
1025 0.34
1629 1.88
2249 0.22
06
SÁB
0423 2.03
1038 0.19
1638 2.03
2308 0.01
22
SEG
0501 1.79
1101 0.37
1706 1.87
2325 0.26
07
DOM
0514 1.94
1123 0.28
1731 1.97
23
TER
0536 1.76
1136 0.42
1747 1.85
08
SEG
0001 0.09
0606 1.82
1212 0.39
1823 1.89
24
QUA
0004 0.31
0616 1.73
1216 0.47
1829 1.82
09
TER
0053 0.23
0701 1.70
1302 0.50
1917 1.80
25
QUI
0047 0.38
0701 1.68
1302 0.54
1916 1.79
10
QUA
0149 0.37
0755 1.60
1401 0.61
2014 1.71
26
SEX
0138 0.45
0749 1.63
1357 0.60
2006 1.75
11
QUI
0247 0.50
0853 1.52
1504 0.68
2116 1.64
27
SÁB
0232 0.51
0847 1.58
1502 0.62
2108 1.72
12
SEX
0353 0.59
0959 1.49
1610 0.70
2221 1.59
28
DOM
0342 0.54
0955 1.56
1612 0.61
2216 1.72
13
SÁB
0455 0.63
1104 1.50
1712 0.69
2323 1.59
29
SEG
0451 0.54
1106 1.59
1721 0.53
2327 1.74
14
DOM
0557 0.61
1201 1.55
1812 0.63
30
TER
0604 0.48
1210 1.67
1832 0.41
15
SEG
0021 1.62
0647 0.57
1246 1.61
1901 0.55
31
QUA
0038 1.80
0710 0.40
1310 1.77
1932 0.27
16
TER
0108 1.66
0732 0.50
1327 1.68
1946 0.46
DG6-62 Original
