89
TERMINAL MARÍTIMO INÁCIO BARBOSA (ESTADO DE SERGIPE) - 2025
Latitude 10° 50'.6 S Longitude 36° 55'.1 W Fuso UTC -03.0 horas
PETROBRAS 17 Componentes Nível Médio 1.17 m Carta 1001
Janeiro
HORA ALT(m) HORA ALT(m)
01
QUA
0440 2.00
1042 0.37
1647 2.15
2310 0.21
17
SEX
0557 1.96
1159 0.46
1806 2.05
02
QUI
0519 1.99
1125 0.39
1729 2.13
2355 0.24
18
SÁB
0031 0.33
0634 1.87
1234 0.55
1847 1.94
03
SEX
0604 1.95
1210 0.43
1814 2.08
19
DOM
0108 0.45
0712 1.76
1312 0.64
1927 1.81
04
SÁB
0042 0.31
0653 1.88
1259 0.49
1902 2.00
20
SEG
0153 0.58
0757 1.65
1355 0.73
2014 1.69
05
DOM
0134 0.40
0744 1.80
1355 0.56
1959 1.91
21
TER
0240 0.70
0846 1.55
1447 0.81
2112 1.58
06
SEG
0231 0.49
0844 1.74
1459 0.61
2102 1.82
22
QUA
0338 0.80
0946 1.50
1557 0.85
2227 1.52
07
TER
0338 0.56
0951 1.70
1608 0.64
2214 1.77
23
QUI
0447 0.84
1057 1.50
1717 0.83
2349 1.53
08
QUA
0451 0.60
1102 1.71
1721 0.60
2329 1.77
24
SEX
0559 0.82
1206 1.56
1829 0.74
09
QUI
0601 0.58
1210 1.77
1831 0.52
25
SÁB
0055 1.61
0657 0.74
1302 1.69
1925 0.60
10
SEX
0040 1.83
0702 0.53
1308 1.87
1929 0.41
26
DOM
0146 1.72
0746 0.63
1351 1.83
2010 0.45
11
SÁB
0138 1.91
0757 0.47
1401 1.97
2021 0.30
27
SEG
0227 1.84
0827 0.51
1431 1.99
2055 0.30
12
DOM
0227 1.99
0844 0.41
1447 2.07
2108 0.21
28
TER
0306 1.96
0908 0.39
1512 2.13
2134 0.18
13
SEG
0314 2.05
0927 0.36
1529 2.14
2153 0.16
29
QUA
0346 2.06
0949 0.29
1553 2.24
2214 0.10
14
TER
0357 2.08
1006 0.34
1608 2.17
2232 0.14
30
QUI
0423 2.13
1027 0.22
1632 2.30
2255 0.07
15
QUA
0438 2.08
1046 0.36
1651 2.17
2312 0.16
31
SEX
0502 2.15
1108 0.21
1712 2.30
2336 0.10
16
QUI
0516 2.04
1121 0.40
1727 2.12
2353 0.23
Fevereiro
HORA ALT(m) HORA ALT(m)
01
SÁB
0544 2.12
1151 0.24
1757 2.24
17
SEG
0023 0.40
0627 1.85
1225 0.51
1844 1.88
02
DOM
0017 0.18
0625 2.04
1236 0.32
1842 2.13
18
TER
0059 0.54
0701 1.73
1301 0.62
1919 1.72
03
SEG
0104 0.31
0712 1.93
1325 0.43
1931 1.98
19
QUA
0136 0.70
0738 1.61
1344 0.74
2006 1.57
04
TER
0159 0.47
0804 1.79
1423 0.56
2031 1.82
20
QUI
0223 0.84
0827 1.51
1447 0.84
2119 1.45
05
QUA
0302 0.62
0910 1.68
1540 0.66
2147 1.69
21
SEX
0340 0.93
0947 1.45
1625 0.87
2310 1.43
06
QUI
0423 0.72
1034 1.62
1706 0.68
2316 1.65
22
SÁB
0516 0.93
1123 1.50
1802 0.78
07
SEX
0551 0.73
1201 1.66
1827 0.60
23
DOM
0034 1.52
0632 0.83
1238 1.64
1906 0.62
08
SÁB
0040 1.71
0702 0.66
1306 1.77
1931 0.48
24
SEG
0127 1.68
0723 0.67
1327 1.82
1955 0.44
09
DOM
0140 1.81
0759 0.56
1359 1.90
2019 0.35
25
TER
0208 1.85
0806 0.49
1410 2.02
2034 0.26
10
SEG
0227 1.92
0842 0.47
1440 2.02
2102 0.23
26
QUA
0247 2.01
0849 0.32
1453 2.20
2112 0.11
11
TER
0306 2.01
0916 0.39
1516 2.13
2140 0.16
27
QUI
0323 2.15
0927 0.18
1532 2.34
2153 0.01
12
QUA
0344 2.07
0951 0.33
1553 2.19
2212 0.12
28
SEX
0401 2.24
1006 0.09
1610 2.41
2232 -0.03
13
QUI
0416 2.10
1021 0.31
1627 2.22
2247 0.13
14
SEX
0451 2.09
1055 0.31
1702 2.20
2317 0.18
15
SÁB
0521 2.04
1123 0.35
1736 2.13
2351 0.27
16
DOM
0555 1.96
1155 0.42
1808 2.02
Março
HORA ALT(m) HORA ALT(m)
01
SÁB
0438 2.27
1047 0.06
1653 2.41
2310 0.01
17
SEG
0517 2.01
1119 0.34
1736 2.03
2346 0.40
02
DOM
0517 2.24
1127 0.10
1734 2.33
2353 0.13
18
TER
0549 1.91
1151 0.44
1808 1.89
03
SEG
0601 2.14
1212 0.21
1817 2.18
19
QUA
0016 0.55
0617 1.80
1225 0.55
1846 1.72
04
TER
0038 0.30
0646 1.99
1301 0.36
1908 1.98
20
QUI
0051 0.70
0655 1.68
1306 0.68
1927 1.56
05
QUA
0129 0.50
0738 1.82
1401 0.54
2008 1.78
21
SEX
0136 0.85
0742 1.56
1406 0.80
2038 1.43
06
QUI
0236 0.69
0844 1.65
1519 0.67
2131 1.61
22
SÁB
0251 0.96
0857 1.48
1549 0.85
2234 1.40
07
SEX
0408 0.82
1016 1.57
1701 0.70
2316 1.58
23
DOM
0440 0.96
1044 1.50
1732 0.77
08
SÁB
0551 0.81
1153 1.62
1823 0.61
24
SEG
0004 1.51
0601 0.84
1204 1.65
1838 0.60
09
DOM
0042 1.67
0701 0.71
1301 1.74
1923 0.48
25
TER
0059 1.68
0657 0.66
1259 1.85
1925 0.41
10
SEG
0136 1.79
0749 0.60
1347 1.88
2006 0.35
26
QUA
0140 1.87
0740 0.45
1346 2.06
2006 0.23
11
TER
0214 1.90
0825 0.49
1423 2.01
2046 0.25
27
QUI
0216 2.05
0821 0.26
1425 2.24
2047 0.08
12
QUA
0249 1.99
0859 0.40
1459 2.11
2116 0.18
28
SEX
0257 2.20
0902 0.11
1506 2.37
2125 -0.01
13
QUI
0317 2.06
0925 0.33
1529 2.19
2147 0.14
29
SÁB
0334 2.30
0944 0.02
1549 2.44
2206 -0.03
14
SEX
0349 2.11
0955 0.28
1601 2.22
2216 0.14
30
DOM
0412 2.33
1023 -0.01
1631 2.42
2247 0.02
15
SÁB
0417 2.11
1021 0.26
1632 2.20
2246 0.19
31
SEG
0455 2.29
1106 0.05
1714 2.32
2331 0.15
16
DOM
0449 2.08
1051 0.28
1704 2.14
2314 0.28
Abril
HORA ALT(m) HORA ALT(m)
01
TER
0536 2.17
1153 0.17
1801 2.15
17
QUI
0553 1.84
1204 0.52
1823 1.71
02
QUA
0016 0.34
0621 2.01
1246 0.34
1853 1.94
18
SEX
0025 0.71
0629 1.73
1251 0.64
1910 1.57
03
QUI
0110 0.55
0716 1.82
1349 0.52
1957 1.74
19
SÁB
0114 0.83
0719 1.63
1355 0.74
2019 1.47
04
SEX
0221 0.74
0827 1.66
1510 0.65
2123 1.59
20
DOM
0229 0.92
0832 1.56
1525 0.77
2157 1.45
05
SÁB
0401 0.85
1001 1.58
1647 0.66
2308 1.58
21
SEG
0402 0.91
1002 1.58
1653 0.70
2319 1.55
06
DOM
0534 0.82
1132 1.63
1804 0.58
22
TER
0519 0.79
1121 1.70
1759 0.56
07
SEG
0023 1.67
0640 0.73
1236 1.74
1901 0.48
23
QUA
0016 1.71
0617 0.62
1221 1.88
1849 0.40
08
TER
0112 1.77
0723 0.62
1319 1.86
1942 0.38
24
QUI
0102 1.89
0706 0.43
1310 2.06
1934 0.25
09
QUA
0149 1.87
0759 0.52
1357 1.97
2014 0.30
25
SEX
0146 2.06
0753 0.25
1359 2.22
2016 0.12
10
QUI
0217 1.95
0827 0.43
1429 2.06
2046 0.25
26
SÁB
0225 2.19
0836 0.11
1442 2.32
2059 0.05
11
SEX
0249 2.02
0857 0.35
1501 2.13
2114 0.22
27
DOM
0306 2.28
0917 0.03
1525 2.37
2142 0.05
12
SÁB
0316 2.07
0921 0.30
1532 2.16
2144 0.22
28
SEG
0351 2.31
1002 0.01
1610 2.34
2225 0.11
13
DOM
0347 2.09
0951 0.27
1602 2.14
2212 0.26
29
TER
0432 2.26
1051 0.07
1659 2.24
2312 0.24
14
SEG
0416 2.07
1021 0.28
1636 2.08
2244 0.34
30
QUA
0517 2.16
1140 0.18
1749 2.09
15
TER
0447 2.02
1053 0.33
1708 1.98
2314 0.45
16
QUA
0517 1.94
1127 0.41
1746 1.85
2347 0.58
DG6-62 Original
90
TERMINAL MARÍTIMO INÁCIO BARBOSA (ESTADO DE SERGIPE) - 2025
Latitude 10° 50'.6 S Longitude 36° 55'.1 W Fuso UTC -03.0 horas
PETROBRAS 17 Componentes Nível Médio 1.17 m Carta 1001
Maio
HORA ALT(m) HORA ALT(m)
01
QUI
0002 0.40
0606 2.02
1234 0.32
1844 1.91
17
SÁB
0014 0.68
0617 1.81
1247 0.56
1904 1.63
02
SEX
0059 0.58
0702 1.86
1340 0.47
1949 1.74
18
DOM
0106 0.76
0710 1.74
1349 0.63
2004 1.56
03
SÁB
0208 0.73
0810 1.72
1457 0.57
2106 1.63
19
SEG
0212 0.81
0814 1.69
1459 0.65
2117 1.56
04
DOM
0334 0.82
0932 1.65
1616 0.60
2234 1.61
20
TER
0325 0.80
0927 1.70
1610 0.62
2231 1.62
05
SEG
0455 0.81
1053 1.66
1725 0.57
2344 1.66
21
QUA
0438 0.72
1040 1.77
1714 0.53
2331 1.73
06
TER
0559 0.75
1155 1.73
1819 0.51
22
QUI
0540 0.59
1144 1.88
1810 0.43
07
QUA
0032 1.72
0644 0.67
1242 1.81
1902 0.46
23
SEX
0023 1.87
0634 0.44
1240 2.01
1902 0.32
08
QUI
0110 1.80
0719 0.59
1319 1.89
1938 0.41
24
SÁB
0112 2.01
0723 0.29
1331 2.12
1951 0.24
09
SEX
0144 1.87
0753 0.50
1357 1.96
2010 0.37
25
DOM
0159 2.12
0812 0.18
1419 2.20
2036 0.19
10
SÁB
0212 1.94
0821 0.42
1431 2.02
2042 0.35
26
SEG
0246 2.20
0901 0.10
1508 2.24
2123 0.18
11
DOM
0246 1.99
0853 0.35
1504 2.04
2112 0.34
27
TER
0331 2.23
0949 0.08
1557 2.22
2210 0.22
12
SEG
0316 2.02
0925 0.32
1540 2.03
2146 0.37
28
QUA
0416 2.22
1040 0.11
1647 2.15
2259 0.31
13
TER
0349 2.03
0959 0.31
1614 1.99
2217 0.42
29
QUI
0504 2.15
1131 0.18
1738 2.04
2351 0.43
14
QUA
0421 2.00
1036 0.34
1653 1.92
2253 0.49
30
SEX
0557 2.05
1225 0.28
1831 1.92
15
QUI
0459 1.96
1114 0.40
1731 1.82
2331 0.59
31
SÁB
0046 0.55
0649 1.93
1323 0.39
1929 1.79
16
SEX
0536 1.89
1157 0.48
1814 1.72
Junho
HORA ALT(m) HORA ALT(m)
01
DOM
0146 0.67
0747 1.82
1425 0.49
2032 1.69
17
TER
0149 0.66
0753 1.84
1427 0.53
2040 1.68
02
SEG
0249 0.75
0851 1.74
1531 0.55
2140 1.64
18
QUA
0251 0.67
0855 1.81
1531 0.56
2144 1.68
03
TER
0357 0.79
0959 1.70
1632 0.59
2246 1.63
19
QUI
0357 0.65
1001 1.80
1634 0.55
2249 1.73
04
QUA
0459 0.78
1101 1.70
1727 0.59
2338 1.65
20
SEX
0502 0.58
1108 1.84
1738 0.51
2351 1.81
05
QUI
0551 0.73
1155 1.73
1816 0.58
21
SÁB
0604 0.49
1212 1.90
1836 0.45
06
SEX
0023 1.70
0634 0.67
1242 1.77
1857 0.55
22
DOM
0049 1.91
0704 0.38
1312 1.98
1931 0.39
07
SÁB
0102 1.76
0712 0.59
1323 1.83
1934 0.52
23
SEG
0142 2.02
0759 0.27
1406 2.05
2023 0.34
08
DOM
0140 1.83
0751 0.51
1402 1.88
2010 0.49
24
TER
0231 2.10
0851 0.19
1459 2.11
2112 0.31
09
SEG
0214 1.89
0827 0.43
1444 1.91
2047 0.47
25
QUA
0317 2.16
0942 0.13
1549 2.12
2201 0.30
10
TER
0251 1.95
0904 0.37
1519 1.93
2121 0.46
26
QUI
0404 2.19
1029 0.12
1636 2.10
2247 0.34
11
QUA
0327 1.99
0946 0.34
1601 1.93
2201 0.46
27
SEX
0453 2.17
1117 0.15
1723 2.05
2334 0.40
12
QUI
0404 2.01
1023 0.33
1640 1.90
2240 0.49
28
SÁB
0538 2.11
1206 0.22
1810 1.97
13
SEX
0446 2.01
1106 0.34
1719 1.86
2321 0.53
29
DOM
0019 0.48
0623 2.03
1255 0.31
1859 1.87
14
SÁB
0525 1.98
1151 0.38
1804 1.81
30
SEG
0106 0.57
0712 1.93
1346 0.42
1949 1.76
15
DOM
0004 0.57
0608 1.94
1238 0.43
1851 1.75
16
SEG
0055 0.62
0659 1.89
1331 0.49
1942 1.70
Julho
HORA ALT(m) HORA ALT(m)
01
TER
0157 0.66
0802 1.82
1434 0.53
2040 1.67
17
QUI
0216 0.57
0821 1.86
1453 0.55
2102 1.72
02
QUA
0249 0.74
0859 1.73
1529 0.62
2134 1.60
18
SEX
0321 0.62
0929 1.78
1601 0.61
2212 1.69
03
QUI
0346 0.79
0959 1.66
1625 0.68
2232 1.57
19
SÁB
0436 0.62
1046 1.75
1714 0.63
2327 1.72
04
SEX
0446 0.79
1101 1.63
1721 0.71
2329 1.59
20
DOM
0551 0.57
1201 1.77
1825 0.59
05
SÁB
0544 0.76
1202 1.64
1814 0.71
21
SEG
0034 1.81
0659 0.46
1306 1.85
1925 0.52
06
DOM
0021 1.64
0638 0.69
1257 1.69
1902 0.67
22
TER
0132 1.92
0757 0.34
1402 1.95
2017 0.44
07
SEG
0108 1.72
0725 0.60
1344 1.75
1947 0.62
23
QUA
0223 2.04
0847 0.23
1453 2.03
2106 0.37
08
TER
0151 1.81
0808 0.49
1425 1.82
2027 0.55
24
QUI
0308 2.13
0932 0.15
1538 2.09
2151 0.32
09
QUA
0232 1.91
0853 0.39
1506 1.88
2106 0.49
25
SEX
0353 2.20
1016 0.11
1619 2.11
2231 0.31
10
QUI
0310 2.00
0932 0.31
1547 1.93
2147 0.44
26
SÁB
0434 2.21
1059 0.11
1701 2.09
2308 0.33
11
SEX
0351 2.08
1012 0.26
1625 1.96
2225 0.40
27
DOM
0514 2.19
1138 0.17
1742 2.03
2347 0.39
12
SÁB
0431 2.12
1055 0.23
1704 1.97
2306 0.39
28
SEG
0555 2.12
1216 0.26
1819 1.94
13
DOM
0510 2.13
1134 0.25
1746 1.95
2349 0.41
29
TER
0023 0.47
0634 2.01
1257 0.38
1901 1.83
14
SEG
0553 2.10
1217 0.29
1825 1.90
30
QUA
0102 0.57
0714 1.88
1338 0.52
1942 1.71
15
TER
0032 0.45
0638 2.04
1304 0.37
1912 1.84
31
QUI
0144 0.67
0801 1.74
1423 0.66
2025 1.60
16
QUA
0121 0.51
0725 1.96
1355 0.46
2002 1.78
Agosto
HORA ALT(m) HORA ALT(m)
01
SEX
0231 0.76
0855 1.62
1516 0.77
2119 1.53
17
DOM
0423 0.67
1034 1.64
1708 0.75
2317 1.65
02
SÁB
0334 0.83
1004 1.53
1623 0.84
2231 1.50
18
SEG
0551 0.61
1202 1.69
1827 0.69
03
DOM
0455 0.83
1125 1.51
1736 0.85
2344 1.54
19
TER
0034 1.75
0701 0.49
1310 1.79
1929 0.58
04
SEG
0608 0.76
1236 1.57
1838 0.79
20
QUA
0129 1.89
0755 0.35
1402 1.91
2014 0.47
05
TER
0044 1.64
0708 0.65
1329 1.67
1927 0.69
21
QUI
0216 2.03
0840 0.23
1446 2.02
2057 0.37
06
QUA
0131 1.77
0755 0.51
1410 1.78
2008 0.57
22
SEX
0257 2.14
0917 0.14
1521 2.09
2131 0.31
07
QUI
0212 1.92
0836 0.37
1451 1.90
2049 0.45
23
SÁB
0334 2.22
0955 0.09
1559 2.13
2204 0.27
08
SEX
0255 2.06
0914 0.25
1525 2.00
2127 0.35
24
DOM
0408 2.25
1029 0.10
1631 2.13
2238 0.27
09
SÁB
0331 2.18
0953 0.16
1602 2.07
2204 0.27
25
SEG
0446 2.23
1102 0.15
1704 2.08
2308 0.31
10
DOM
0410 2.25
1031 0.11
1640 2.11
2246 0.23
26
TER
0517 2.16
1136 0.25
1740 2.00
2342 0.38
11
SEG
0451 2.27
1110 0.12
1717 2.10
2323 0.24
27
QUA
0555 2.05
1208 0.38
1810 1.89
12
TER
0531 2.24
1151 0.19
1759 2.05
28
QUI
0014 0.48
0631 1.90
1244 0.53
1847 1.76
13
QUA
0006 0.30
0612 2.15
1234 0.30
1842 1.95
29
SEX
0049 0.60
0708 1.74
1321 0.69
1925 1.63
14
QUI
0055 0.39
0701 2.01
1323 0.44
1931 1.83
30
SÁB
0132 0.72
0759 1.58
1410 0.84
2014 1.52
15
SEX
0149 0.51
0757 1.86
1421 0.59
2031 1.71
31
DOM
0234 0.83
0910 1.45
1525 0.94
2131 1.45
16
SÁB
0259 0.62
0904 1.72
1538 0.71
2149 1.64
DG6-62 Original
91
TERMINAL MARÍTIMO INÁCIO BARBOSA (ESTADO DE SERGIPE) - 2025
Latitude 10° 50'.6 S Longitude 36° 55'.1 W Fuso UTC -03.0 horas
PETROBRAS 17 Componentes Nível Médio 1.17 m Carta 1001
Setembro
HORA ALT(m) HORA ALT(m)
01
SEG
0410 0.87
1057 1.42
1701 0.95
2304 1.48
17
QUA
0029 1.75
0655 0.46
1308 1.80
1921 0.58
02
TER
0547 0.80
1219 1.51
1814 0.86
18
QUI
0119 1.90
0742 0.33
1351 1.92
2002 0.47
03
QUA
0017 1.61
0649 0.65
1310 1.64
1904 0.71
19
SEX
0201 2.03
0819 0.23
1425 2.02
2036 0.37
04
QUI
0108 1.78
0734 0.49
1351 1.80
1947 0.55
20
SÁB
0236 2.13
0855 0.16
1459 2.09
2106 0.30
05
SEX
0151 1.96
0812 0.32
1425 1.95
2023 0.38
21
DOM
0308 2.21
0925 0.12
1529 2.13
2136 0.25
06
SÁB
0229 2.13
0849 0.18
1501 2.08
2102 0.24
22
SEG
0342 2.23
0957 0.13
1559 2.13
2204 0.24
07
DOM
0306 2.27
0925 0.08
1536 2.18
2140 0.14
23
TER
0412 2.22
1027 0.19
1629 2.10
2234 0.27
08
SEG
0347 2.35
1004 0.03
1612 2.23
2217 0.09
24
QUA
0447 2.15
1057 0.28
1701 2.03
2304 0.33
09
TER
0425 2.37
1044 0.05
1651 2.22
2301 0.11
25
QUI
0519 2.03
1127 0.40
1731 1.93
2336 0.43
10
QUA
0506 2.31
1123 0.14
1731 2.14
2344 0.19
26
SEX
0555 1.89
1201 0.55
1804 1.81
11
QUI
0551 2.18
1206 0.29
1814 2.02
27
SÁB
0010 0.55
0631 1.72
1236 0.71
1842 1.68
12
SEX
0031 0.33
0640 2.01
1259 0.47
1904 1.86
28
DOM
0053 0.68
0717 1.55
1321 0.86
1927 1.56
13
SÁB
0129 0.49
0738 1.81
1401 0.66
2008 1.70
29
SEG
0155 0.80
0829 1.42
1436 0.97
2042 1.47
14
DOM
0246 0.63
0857 1.65
1531 0.80
2138 1.60
30
TER
0336 0.85
1023 1.39
1623 0.98
2223 1.49
15
SEG
0421 0.67
1040 1.59
1712 0.80
2316 1.63
16
TER
0551 0.59
1208 1.67
1829 0.71
Outubro
HORA ALT(m) HORA ALT(m)
01
QUA
0514 0.78
1149 1.49
1742 0.87
2344 1.62
17
SEX
0057 1.88
0717 0.35
1325 1.89
1938 0.50
02
QUI
0616 0.63
1240 1.64
1834 0.70
18
SÁB
0136 1.99
0755 0.28
1359 1.97
2008 0.41
03
SEX
0036 1.80
0702 0.46
1316 1.81
1916 0.51
19
DOM
0208 2.08
0825 0.23
1429 2.04
2038 0.34
04
SÁB
0119 1.99
0742 0.30
1353 1.99
1957 0.33
20
SEG
0242 2.13
0857 0.21
1459 2.08
2104 0.28
05
DOM
0201 2.17
0817 0.15
1429 2.14
2034 0.17
21
TER
0312 2.16
0925 0.22
1527 2.10
2134 0.26
06
SEG
0242 2.30
0859 0.05
1506 2.25
2114 0.06
22
QUA
0347 2.14
0955 0.27
1559 2.08
2204 0.27
07
TER
0319 2.38
0936 0.02
1546 2.30
2155 0.02
23
QUI
0417 2.08
1023 0.34
1629 2.03
2236 0.32
08
QUA
0402 2.38
1017 0.05
1625 2.28
2238 0.05
24
SEX
0455 1.98
1057 0.45
1701 1.95
2310 0.40
09
QUI
0447 2.31
1101 0.16
1706 2.19
2323 0.15
25
SÁB
0529 1.85
1129 0.58
1736 1.85
2349 0.51
10
SEX
0532 2.16
1147 0.32
1755 2.05
26
DOM
0608 1.71
1206 0.71
1812 1.74
11
SÁB
0016 0.30
0623 1.97
1242 0.52
1849 1.88
27
SEG
0034 0.63
0657 1.57
1255 0.84
1902 1.63
12
DOM
0117 0.47
0727 1.78
1351 0.70
1957 1.72
28
TER
0136 0.74
0802 1.46
1404 0.93
2008 1.56
13
SEG
0242 0.59
0853 1.63
1523 0.81
2125 1.63
29
QUA
0301 0.78
0934 1.43
1536 0.93
2136 1.56
14
TER
0414 0.62
1034 1.61
1701 0.80
2301 1.66
30
QUI
0429 0.74
1059 1.51
1657 0.84
2257 1.65
15
QUA
0534 0.55
1155 1.69
1808 0.70
31
SEX
0534 0.62
1155 1.65
1755 0.68
2359 1.81
16
QUI
0008 1.77
0632 0.45
1247 1.79
1859 0.60
Novembro
HORA ALT(m) HORA ALT(m)
01
SÁB
0621 0.47
1238 1.81
1842 0.50
17
SEG
0142 1.96
0755 0.37
1359 1.93
2008 0.42
02
DOM
0046 1.98
0706 0.32
1317 1.98
1923 0.32
18
TER
0214 2.01
0825 0.36
1429 1.99
2040 0.36
03
SEG
0131 2.14
0749 0.20
1359 2.13
2006 0.17
19
QUA
0251 2.03
0857 0.35
1501 2.03
2110 0.31
04
TER
0214 2.26
0831 0.11
1440 2.24
2051 0.06
20
QUI
0323 2.03
0929 0.37
1532 2.04
2146 0.30
05
QUA
0259 2.32
0912 0.08
1521 2.29
2136 0.02
21
SEX
0401 2.00
1002 0.41
1606 2.02
2219 0.32
06
QUI
0346 2.32
0959 0.12
1604 2.28
2221 0.05
22
SÁB
0438 1.93
1036 0.48
1644 1.98
2259 0.37
07
SEX
0431 2.25
1044 0.21
1653 2.21
2312 0.13
23
DOM
0514 1.84
1112 0.56
1717 1.92
2340 0.45
08
SÁB
0519 2.12
1134 0.35
1742 2.08
24
SEG
0557 1.74
1155 0.66
1801 1.84
09
DOM
0006 0.26
0614 1.96
1231 0.52
1836 1.93
25
TER
0025 0.54
0642 1.64
1242 0.74
1847 1.76
10
SEG
0110 0.40
0717 1.80
1338 0.67
1942 1.79
26
QUA
0117 0.62
0736 1.56
1338 0.80
1944 1.70
11
TER
0225 0.51
0834 1.68
1501 0.77
2101 1.71
27
QUI
0223 0.67
0842 1.53
1449 0.82
2051 1.67
12
QUA
0346 0.56
1001 1.64
1621 0.78
2221 1.70
28
SEX
0334 0.67
0955 1.56
1601 0.77
2204 1.71
13
QUI
0459 0.54
1114 1.67
1731 0.73
2329 1.75
29
SÁB
0442 0.61
1101 1.65
1706 0.67
2312 1.79
14
SEX
0557 0.49
1208 1.74
1821 0.65
30
DOM
0542 0.52
1157 1.78
1804 0.52
15
SÁB
0021 1.82
0644 0.44
1253 1.81
1902 0.57
16
DOM
0104 1.89
0721 0.40
1325 1.87
1938 0.49
Dezembro
HORA ALT(m) HORA ALT(m)
01
SEG
0010 1.91
0632 0.42
1246 1.92
1857 0.37
17
QUA
0155 1.85
0802 0.52
1404 1.87
2019 0.45
02
TER
0104 2.03
0721 0.32
1332 2.05
1947 0.23
18
QUI
0232 1.90
0838 0.49
1442 1.94
2057 0.38
03
QUA
0155 2.14
0810 0.24
1419 2.17
2036 0.13
19
SEX
0310 1.93
0912 0.46
1516 2.00
2134 0.33
04
QUI
0246 2.21
0859 0.19
1506 2.24
2125 0.06
20
SÁB
0349 1.94
0949 0.45
1553 2.04
2210 0.30
05
SEX
0332 2.23
0946 0.20
1555 2.26
2214 0.06
21
DOM
0425 1.93
1025 0.46
1629 2.04
2251 0.31
06
SÁB
0421 2.20
1034 0.25
1642 2.22
2304 0.10
22
SEG
0502 1.90
1102 0.49
1706 2.03
2329 0.34
07
DOM
0512 2.12
1125 0.34
1731 2.15
2359 0.18
23
TER
0544 1.84
1142 0.53
1747 1.99
08
SEG
0604 2.01
1217 0.46
1821 2.04
24
QUA
0010 0.40
0621 1.78
1223 0.58
1829 1.93
09
TER
0055 0.29
0701 1.88
1314 0.58
1917 1.92
25
QUI
0057 0.47
0706 1.72
1310 0.63
1916 1.86
10
QUA
0155 0.41
0801 1.76
1416 0.68
2019 1.81
26
SEX
0147 0.54
0759 1.67
1404 0.67
2010 1.80
11
QUI
0259 0.50
0906 1.68
1523 0.75
2125 1.73
27
SÁB
0246 0.60
0857 1.64
1510 0.69
2116 1.75
12
SEX
0404 0.57
1012 1.64
1631 0.77
2234 1.70
28
DOM
0351 0.62
1004 1.65
1621 0.67
2229 1.75
13
SÁB
0504 0.59
1114 1.64
1731 0.74
2336 1.71
29
SEG
0501 0.61
1114 1.71
1732 0.59
2342 1.80
14
DOM
0601 0.60
1206 1.67
1821 0.69
30
TER
0606 0.55
1219 1.82
1838 0.47
15
SEG
0027 1.75
0646 0.58
1251 1.73
1904 0.62
31
QUA
0047 1.89
0706 0.47
1316 1.95
1938 0.33
16
TER
0112 1.80
0725 0.55
1327 1.80
1944 0.53
DG6-62 Original
