92
CAPITANIA DOS PORTOS DE SERGIPE (ESTADO DE SERGIPE) - 2025
Latitude 10° 55'.2 S Longitude 37° 02'.8 W Fuso UTC -03.0 horas
DHN 15 Componentes Nível Médio 1.16 m Carta 1003
Janeiro
HORA ALT(m) HORA ALT(m)
01
QUA
0514 1.95
1116 0.35
1716 2.04
2342 0.13
17
SEX
0012 0.25
0625 1.88
1221 0.41
1832 1.98
02
QUI
0555 1.96
1159 0.35
1757 2.05
18
SÁB
0049 0.33
0701 1.83
1259 0.46
1910 1.89
03
SEX
0023 0.15
0636 1.93
1242 0.38
1842 2.03
19
DOM
0123 0.43
0738 1.77
1338 0.54
1953 1.79
04
SÁB
0108 0.20
0721 1.89
1325 0.42
1932 1.99
20
SEG
0202 0.54
0819 1.70
1419 0.63
2040 1.68
05
DOM
0201 0.28
0812 1.84
1417 0.47
2029 1.93
21
TER
0247 0.65
0910 1.62
1512 0.72
2138 1.58
06
SEG
0257 0.38
0908 1.78
1519 0.52
2132 1.86
22
QUA
0346 0.75
1010 1.57
1625 0.78
2249 1.52
07
TER
0402 0.48
1012 1.74
1632 0.55
2244 1.81
23
QUI
0502 0.81
1121 1.54
1755 0.77
08
QUA
0516 0.54
1117 1.73
1751 0.52
2359 1.79
24
SEX
0006 1.52
0627 0.79
1236 1.58
1906 0.68
09
QUI
0629 0.55
1227 1.76
1901 0.44
25
SÁB
0121 1.59
0734 0.72
1340 1.66
2002 0.55
10
SEX
0110 1.81
0732 0.52
1329 1.83
2002 0.33
26
DOM
0221 1.69
0823 0.61
1431 1.77
2051 0.40
11
SÁB
0216 1.86
0827 0.46
1425 1.91
2055 0.24
27
SEG
0308 1.81
0906 0.49
1512 1.89
2131 0.26
12
DOM
0310 1.91
0914 0.41
1516 1.98
2142 0.17
28
TER
0349 1.91
0949 0.38
1551 2.01
2208 0.13
13
SEG
0357 1.94
0959 0.37
1601 2.04
2223 0.14
29
QUA
0425 2.00
1025 0.29
1629 2.11
2249 0.04
14
TER
0438 1.95
1038 0.35
1640 2.07
2302 0.14
30
QUI
0502 2.06
1102 0.22
1706 2.18
2327 0.00
15
QUA
0514 1.95
1112 0.35
1717 2.07
2340 0.18
31
SEX
0538 2.09
1144 0.19
1746 2.21
16
QUI
0551 1.92
1149 0.37
1757 2.04
Fevereiro
HORA ALT(m) HORA ALT(m)
01
SÁB
0006 0.01
0616 2.08
1219 0.19
1825 2.19
17
SEG
0046 0.36
0653 1.87
1259 0.42
1908 1.85
02
DOM
0049 0.08
0657 2.03
1304 0.24
1910 2.12
18
TER
0116 0.47
0727 1.78
1334 0.53
1947 1.73
03
SEG
0134 0.21
0740 1.94
1351 0.33
2002 2.00
19
QUA
0155 0.60
0806 1.67
1417 0.65
2036 1.60
04
TER
0223 0.37
0829 1.84
1447 0.44
2101 1.86
20
QUI
0242 0.74
0901 1.57
1517 0.76
2147 1.49
05
QUA
0323 0.54
0929 1.73
1557 0.55
2212 1.73
21
SEX
0355 0.86
1017 1.49
1655 0.81
2323 1.46
06
QUI
0442 0.68
1042 1.66
1723 0.59
2340 1.65
22
SÁB
0544 0.89
1153 1.50
1834 0.73
07
SEX
0608 0.72
1204 1.66
1851 0.53
23
DOM
0059 1.53
0708 0.79
1312 1.61
1942 0.57
08
SÁB
0108 1.67
0723 0.67
1321 1.73
1957 0.42
24
SEG
0202 1.68
0804 0.64
1408 1.77
2029 0.38
09
DOM
0219 1.75
0821 0.57
1423 1.84
2051 0.31
25
TER
0251 1.83
0849 0.47
1453 1.94
2110 0.20
10
SEG
0310 1.84
0906 0.47
1512 1.95
2132 0.22
26
QUA
0329 1.97
0927 0.31
1532 2.09
2151 0.05
11
TER
0351 1.91
0947 0.39
1553 2.03
2210 0.16
27
QUI
0404 2.09
1004 0.17
1610 2.22
2229 -0.05
12
QUA
0425 1.95
1021 0.32
1627 2.09
2246 0.15
28
SEX
0440 2.16
1044 0.08
1647 2.30
2306 -0.09
13
QUI
0455 1.98
1055 0.29
1701 2.11
2314 0.17
14
SEX
0523 1.99
1123 0.28
1732 2.09
2346 0.21
15
SÁB
0553 1.97
1155 0.30
1802 2.04
16
DOM
0014 0.27
0621 1.93
1225 0.35
1834 1.95
Março
HORA ALT(m) HORA ALT(m)
01
SÁB
0512 2.20
1119 0.03
1725 2.32
2346 -0.05
17
SEG
0546 1.98
1157 0.29
1801 1.96
02
DOM
0549 2.18
1201 0.04
1804 2.27
18
TER
0008 0.35
0612 1.91
1225 0.36
1832 1.86
03
SEG
0025 0.05
0627 2.11
1242 0.12
1849 2.16
19
QUA
0042 0.46
0644 1.82
1301 0.47
1906 1.74
04
TER
0106 0.22
0708 2.00
1325 0.25
1938 1.99
20
QUI
0116 0.59
0719 1.71
1344 0.59
1955 1.61
05
QUA
0155 0.42
0757 1.86
1417 0.41
2036 1.80
21
SEX
0202 0.74
0810 1.59
1440 0.71
2104 1.49
06
QUI
0251 0.63
0857 1.71
1529 0.56
2153 1.63
22
SÁB
0310 0.87
0929 1.50
1610 0.78
2251 1.46
07
SEX
0410 0.79
1014 1.61
1706 0.64
2331 1.56
23
DOM
0502 0.91
1114 1.51
1759 0.71
08
SÁB
0555 0.82
1151 1.60
1842 0.59
24
SEG
0029 1.55
0638 0.80
1238 1.63
1908 0.54
09
DOM
0108 1.61
0714 0.74
1316 1.69
1949 0.46
25
TER
0132 1.70
0736 0.62
1338 1.80
2001 0.34
10
SEG
0212 1.71
0808 0.61
1414 1.82
2038 0.35
26
QUA
0217 1.87
0819 0.42
1423 1.99
2046 0.16
11
TER
0257 1.81
0853 0.48
1459 1.94
2116 0.26
27
QUI
0259 2.02
0902 0.24
1506 2.16
2125 0.02
12
QUA
0331 1.90
0927 0.37
1534 2.03
2151 0.20
28
SEX
0334 2.14
0942 0.09
1546 2.28
2204 -0.07
13
QUI
0401 1.96
1001 0.29
1606 2.08
2217 0.18
29
SÁB
0410 2.21
1017 -0.01
1625 2.34
2244 -0.08
14
SEX
0427 2.00
1029 0.24
1636 2.10
2249 0.19
30
DOM
0446 2.24
1059 -0.05
1704 2.34
2321 -0.01
15
SÁB
0453 2.02
1059 0.22
1704 2.08
2314 0.22
31
SEG
0523 2.21
1140 -0.02
1747 2.26
16
DOM
0517 2.01
1125 0.24
1732 2.03
2342 0.27
Abril
HORA ALT(m) HORA ALT(m)
01
TER
0002 0.11
0601 2.13
1219 0.08
1829 2.11
17
QUI
0016 0.49
0614 1.83
1240 0.44
1846 1.73
02
QUA
0046 0.29
0644 2.00
1306 0.23
1919 1.93
18
SEX
0057 0.61
0653 1.73
1323 0.54
1936 1.62
03
QUI
0131 0.49
0732 1.85
1401 0.40
2019 1.73
19
SÁB
0146 0.73
0746 1.63
1421 0.63
2049 1.53
04
SEX
0227 0.69
0834 1.70
1510 0.57
2142 1.58
20
DOM
0253 0.83
0904 1.57
1546 0.68
2223 1.52
05
SÁB
0351 0.83
0959 1.60
1651 0.65
2317 1.53
21
SEG
0427 0.85
1038 1.58
1716 0.62
2347 1.60
06
DOM
0534 0.85
1132 1.60
1821 0.60
22
TER
0555 0.75
1157 1.70
1831 0.48
07
SEG
0046 1.59
0653 0.75
1253 1.69
1925 0.50
23
QUA
0049 1.74
0659 0.57
1259 1.86
1925 0.32
08
TER
0144 1.69
0747 0.61
1349 1.80
2010 0.40
24
QUI
0138 1.89
0749 0.38
1351 2.02
2012 0.17
09
QUA
0223 1.79
0825 0.48
1431 1.90
2049 0.33
25
SEX
0221 2.02
0832 0.21
1436 2.16
2059 0.06
10
QUI
0257 1.88
0901 0.38
1506 1.98
2119 0.28
26
SÁB
0301 2.13
0914 0.06
1519 2.26
2140 0.01
11
SEX
0325 1.94
0932 0.30
1538 2.02
2151 0.26
27
DOM
0340 2.19
0957 -0.03
1602 2.29
2219 0.02
12
SÁB
0353 1.99
1002 0.25
1606 2.03
2216 0.26
28
SEG
0417 2.21
1038 -0.05
1646 2.25
2302 0.09
13
DOM
0419 2.01
1029 0.24
1636 2.02
2246 0.28
29
TER
0459 2.18
1119 -0.01
1731 2.16
2344 0.22
14
SEG
0447 2.00
1059 0.25
1704 1.98
2312 0.33
30
QUA
0540 2.10
1204 0.09
1817 2.02
15
TER
0514 1.97
1129 0.29
1734 1.91
2344 0.40
16
QUA
0542 1.91
1202 0.35
1806 1.83
DG6-62 Original
93
CAPITANIA DOS PORTOS DE SERGIPE (ESTADO DE SERGIPE) - 2025
Latitude 10° 55'.2 S Longitude 37° 02'.8 W Fuso UTC -03.0 horas
DHN 15 Componentes Nível Médio 1.16 m Carta 1003
Maio
HORA ALT(m) HORA ALT(m)
01
QUI
0025 0.37
0625 1.99
1255 0.24
1908 1.86
17
SÁB
0046 0.60
0642 1.77
1314 0.45
1932 1.67
02
SEX
0112 0.54
0717 1.86
1349 0.40
2010 1.70
18
DOM
0136 0.68
0738 1.72
1412 0.51
2038 1.63
03
SÁB
0210 0.70
0819 1.73
1457 0.54
2125 1.59
19
SEG
0238 0.73
0847 1.69
1519 0.54
2151 1.63
04
DOM
0325 0.80
0938 1.65
1619 0.62
2246 1.56
20
TER
0353 0.73
1002 1.71
1638 0.52
2301 1.68
05
SEG
0457 0.82
1059 1.64
1744 0.62
2357 1.60
21
QUA
0508 0.66
1114 1.78
1749 0.45
06
TER
0610 0.74
1208 1.69
1847 0.56
22
QUI
0001 1.77
0616 0.53
1217 1.89
1851 0.35
07
QUA
0055 1.67
0706 0.63
1306 1.76
1932 0.50
23
SEX
0055 1.88
0712 0.37
1316 2.00
1944 0.25
08
QUI
0138 1.75
0751 0.52
1353 1.83
2010 0.44
24
SÁB
0144 1.98
0802 0.22
1408 2.09
2031 0.19
09
SEX
0214 1.83
0827 0.43
1432 1.88
2047 0.40
25
DOM
0229 2.06
0853 0.10
1457 2.15
2116 0.16
10
SÁB
0249 1.89
0902 0.36
1506 1.91
2116 0.37
26
SEG
0314 2.12
0938 0.03
1546 2.16
2201 0.17
11
DOM
0319 1.93
0934 0.32
1540 1.92
2149 0.37
27
TER
0359 2.14
1021 0.01
1632 2.12
2246 0.23
12
SEG
0351 1.95
1004 0.29
1612 1.92
2217 0.38
28
QUA
0442 2.12
1106 0.04
1719 2.05
2327 0.31
13
TER
0419 1.95
1038 0.29
1644 1.89
2253 0.41
29
QUI
0527 2.07
1155 0.12
1808 1.95
14
QUA
0451 1.92
1110 0.31
1717 1.85
2325 0.46
30
SEX
0012 0.42
0614 2.00
1244 0.24
1901 1.84
15
QUI
0521 1.88
1149 0.34
1755 1.80
31
SÁB
0101 0.53
0706 1.90
1334 0.37
1957 1.73
16
SEX
0002 0.52
0559 1.83
1227 0.40
1838 1.73
Junho
HORA ALT(m) HORA ALT(m)
01
DOM
0151 0.63
0802 1.81
1429 0.49
2055 1.65
17
TER
0216 0.58
0825 1.84
1455 0.41
2112 1.74
02
SEG
0251 0.71
0904 1.73
1534 0.59
2157 1.61
18
QUA
0317 0.59
0929 1.83
1559 0.45
2214 1.75
03
TER
0359 0.75
1010 1.68
1644 0.64
2257 1.61
19
QUI
0425 0.57
1036 1.84
1706 0.46
2316 1.78
04
QUA
0510 0.73
1114 1.67
1749 0.64
2355 1.64
20
SEX
0536 0.50
1144 1.87
1814 0.44
05
QUI
0614 0.68
1214 1.68
1844 0.61
21
SÁB
0014 1.83
0644 0.40
1247 1.91
1914 0.40
06
SEX
0046 1.69
0706 0.60
1308 1.72
1929 0.58
22
DOM
0112 1.90
0742 0.29
1347 1.96
2008 0.35
07
SÁB
0131 1.75
0753 0.52
1357 1.75
2010 0.54
23
SEG
0206 1.97
0836 0.19
1444 2.00
2101 0.32
08
DOM
0212 1.80
0832 0.46
1438 1.79
2049 0.50
24
TER
0257 2.03
0925 0.11
1536 2.02
2147 0.31
09
SEG
0251 1.85
0908 0.40
1517 1.82
2123 0.47
25
QUA
0346 2.07
1012 0.08
1625 2.01
2231 0.32
10
TER
0327 1.88
0947 0.35
1557 1.83
2201 0.46
26
QUI
0431 2.09
1059 0.09
1712 1.98
2314 0.35
11
QUA
0402 1.89
1021 0.32
1632 1.84
2238 0.46
27
SEX
0516 2.08
1144 0.14
1757 1.93
2357 0.39
12
QUI
0436 1.90
1101 0.30
1710 1.84
2312 0.47
28
SÁB
0602 2.04
1225 0.22
1842 1.87
13
SEX
0512 1.90
1138 0.29
1751 1.83
2355 0.49
29
DOM
0040 0.45
0647 1.97
1308 0.32
1925 1.80
14
SÁB
0553 1.89
1217 0.30
1834 1.81
30
SEG
0119 0.52
0734 1.89
1355 0.43
2010 1.73
15
DOM
0036 0.52
0636 1.88
1304 0.33
1921 1.78
16
SEG
0123 0.55
0727 1.86
1357 0.37
2014 1.75
Julho
HORA ALT(m) HORA ALT(m)
01
TER
0206 0.59
0823 1.80
1440 0.54
2101 1.68
17
QUI
0246 0.46
0857 1.90
1521 0.44
2131 1.78
02
QUA
0259 0.66
0917 1.71
1532 0.64
2153 1.64
18
SEX
0349 0.51
1002 1.83
1629 0.53
2236 1.75
03
QUI
0401 0.71
1016 1.64
1634 0.71
2251 1.62
19
SÁB
0502 0.52
1114 1.79
1746 0.57
2344 1.75
04
SEX
0510 0.73
1117 1.60
1742 0.73
2351 1.62
20
DOM
0619 0.47
1229 1.79
1857 0.56
05
SÁB
0617 0.70
1223 1.60
1846 0.71
21
SEG
0053 1.80
0729 0.37
1342 1.83
1959 0.50
06
DOM
0049 1.65
0717 0.63
1323 1.63
1940 0.67
22
TER
0155 1.88
0827 0.27
1444 1.89
2051 0.43
07
SEG
0142 1.71
0806 0.55
1417 1.69
2025 0.61
23
QUA
0251 1.97
0917 0.17
1534 1.94
2138 0.37
08
TER
0229 1.77
0853 0.46
1504 1.75
2106 0.54
24
QUI
0340 2.04
1004 0.12
1619 1.97
2217 0.33
09
QUA
0312 1.83
0931 0.37
1547 1.81
2147 0.49
25
SEX
0423 2.09
1047 0.10
1659 1.98
2259 0.31
10
QUI
0351 1.89
1008 0.29
1625 1.86
2223 0.44
26
SÁB
0502 2.11
1123 0.13
1736 1.96
2336 0.32
11
SEX
0427 1.95
1047 0.22
1702 1.90
2302 0.39
27
DOM
0542 2.09
1201 0.19
1810 1.93
12
SÁB
0504 1.99
1125 0.18
1740 1.93
2342 0.37
28
SEG
0010 0.35
0619 2.03
1236 0.28
1847 1.88
13
DOM
0542 2.02
1204 0.16
1817 1.93
29
TER
0047 0.41
0659 1.95
1310 0.39
1921 1.82
14
SEG
0019 0.37
0623 2.03
1249 0.19
1859 1.91
30
QUA
0123 0.48
0740 1.84
1349 0.50
2002 1.74
15
TER
0102 0.38
0708 2.01
1332 0.25
1944 1.87
31
QUI
0204 0.57
0823 1.72
1429 0.62
2051 1.66
16
QUA
0151 0.42
0759 1.97
1423 0.34
2034 1.83
Agosto
HORA ALT(m) HORA ALT(m)
01
SEX
0253 0.67
0916 1.61
1517 0.74
2146 1.59
17
DOM
0440 0.56
1059 1.68
1725 0.71
2323 1.67
02
SÁB
0359 0.76
1023 1.53
1631 0.82
2255 1.55
18
SEG
0608 0.53
1229 1.68
1849 0.68
03
DOM
0525 0.78
1142 1.50
1801 0.83
19
TER
0046 1.73
0723 0.43
1346 1.75
1953 0.58
04
SEG
0008 1.56
0647 0.72
1301 1.54
1914 0.77
20
QUA
0153 1.84
0821 0.30
1442 1.84
2044 0.47
05
TER
0117 1.63
0747 0.61
1404 1.64
2006 0.67
21
QUI
0246 1.96
0908 0.20
1525 1.92
2123 0.37
06
QUA
0212 1.73
0834 0.47
1453 1.75
2053 0.55
22
SEX
0329 2.05
0951 0.14
1602 1.97
2202 0.29
07
QUI
0257 1.84
0914 0.33
1532 1.86
2131 0.44
23
SÁB
0406 2.11
1025 0.12
1636 2.00
2236 0.25
08
SEX
0336 1.95
0953 0.21
1608 1.95
2206 0.34
24
DOM
0442 2.13
1059 0.14
1704 2.01
2308 0.24
09
SÁB
0410 2.05
1029 0.11
1644 2.01
2244 0.26
25
SEG
0514 2.11
1129 0.19
1734 1.99
2340 0.26
10
DOM
0447 2.13
1106 0.05
1716 2.05
2319 0.21
26
TER
0547 2.06
1201 0.27
1804 1.95
11
SEG
0523 2.17
1146 0.04
1751 2.06
2359 0.19
27
QUA
0010 0.32
0619 1.97
1229 0.37
1836 1.88
12
TER
0602 2.18
1223 0.09
1829 2.03
28
QUI
0044 0.40
0655 1.86
1301 0.48
1908 1.79
13
QUA
0040 0.22
0644 2.13
1306 0.19
1910 1.97
29
SEX
0117 0.51
0732 1.72
1336 0.61
1951 1.68
14
QUI
0121 0.29
0732 2.03
1355 0.33
1959 1.88
30
SÁB
0201 0.63
0821 1.59
1421 0.75
2044 1.57
15
SEX
0214 0.38
0827 1.90
1449 0.50
2055 1.77
31
DOM
0301 0.75
0931 1.48
1529 0.87
2201 1.49
16
SÁB
0316 0.49
0936 1.76
1559 0.64
2202 1.69
DG6-62 Original
94
CAPITANIA DOS PORTOS DE SERGIPE (ESTADO DE SERGIPE) - 2025
Latitude 10° 55'.2 S Longitude 37° 02'.8 W Fuso UTC -03.0 horas
DHN 15 Componentes Nível Médio 1.16 m Carta 1003
Setembro
HORA ALT(m) HORA ALT(m)
01
SEG
0431 0.82
1108 1.44
1717 0.91
2336 1.49
17
QUA
0042 1.71
0716 0.45
1340 1.73
1942 0.59
02
TER
0616 0.76
1242 1.51
1851 0.82
18
QUI
0146 1.84
0808 0.32
1427 1.83
2027 0.46
03
QUA
0055 1.59
0721 0.61
1346 1.64
1947 0.68
19
SEX
0232 1.96
0853 0.23
1504 1.92
2104 0.34
04
QUI
0151 1.73
0810 0.44
1431 1.79
2029 0.52
20
SÁB
0310 2.05
0927 0.18
1536 1.98
2140 0.26
05
SEX
0234 1.89
0851 0.27
1508 1.93
2106 0.36
21
DOM
0346 2.10
1001 0.16
1604 2.02
2210 0.21
06
SÁB
0310 2.04
0927 0.12
1542 2.04
2144 0.23
22
SEG
0416 2.11
1029 0.18
1631 2.03
2240 0.20
07
DOM
0347 2.16
1004 0.01
1614 2.12
2217 0.12
23
TER
0446 2.09
1057 0.23
1659 2.02
2308 0.22
08
SEG
0421 2.25
1044 -0.03
1647 2.16
2257 0.06
24
QUA
0514 2.03
1123 0.29
1725 1.98
2338 0.28
09
TER
0501 2.28
1119 -0.02
1721 2.16
2334 0.05
25
QUI
0544 1.95
1153 0.38
1755 1.91
10
QUA
0538 2.26
1201 0.06
1759 2.11
26
SEX
0008 0.36
0616 1.84
1223 0.49
1825 1.82
11
QUI
0014 0.10
0619 2.16
1242 0.20
1840 2.02
27
SÁB
0046 0.47
0651 1.71
1259 0.61
1902 1.70
12
SEX
0059 0.21
0708 2.02
1325 0.38
1925 1.89
28
DOM
0125 0.60
0738 1.58
1344 0.76
1953 1.58
13
SÁB
0151 0.35
0806 1.84
1419 0.58
2023 1.75
29
SEG
0219 0.72
0851 1.47
1451 0.89
2114 1.48
14
DOM
0257 0.50
0919 1.68
1536 0.75
2142 1.65
30
TER
0349 0.80
1040 1.44
1640 0.93
2259 1.49
15
SEG
0427 0.60
1057 1.59
1714 0.80
2314 1.63
16
TER
0604 0.56
1231 1.63
1842 0.73
Outubro
HORA ALT(m) HORA ALT(m)
01
QUA
0536 0.74
1210 1.53
1816 0.83
17
SEX
0121 1.83
0747 0.38
1359 1.81
2002 0.46
02
QUI
0019 1.60
0649 0.58
1312 1.67
1914 0.66
18
SÁB
0206 1.92
0825 0.31
1434 1.89
2042 0.36
03
SEX
0116 1.76
0740 0.40
1357 1.83
1959 0.47
19
DOM
0246 1.99
0901 0.27
1504 1.96
2112 0.28
04
SÁB
0202 1.94
0819 0.22
1434 1.97
2038 0.29
20
SEG
0317 2.03
0931 0.26
1532 2.00
2146 0.24
05
DOM
0242 2.10
0901 0.08
1508 2.09
2114 0.14
21
TER
0349 2.03
1001 0.27
1601 2.01
2212 0.22
06
SEG
0319 2.23
0940 -0.01
1544 2.18
2155 0.02
22
QUA
0417 2.01
1027 0.30
1627 2.01
2244 0.24
07
TER
0359 2.30
1016 -0.04
1617 2.22
2232 -0.03
23
QUI
0447 1.96
1057 0.35
1655 1.97
2312 0.29
08
QUA
0436 2.31
1057 0.00
1655 2.21
2312 -0.02
24
SEX
0517 1.89
1125 0.42
1723 1.91
2346 0.36
09
QUI
0517 2.25
1136 0.11
1732 2.14
2355 0.05
25
SÁB
0551 1.81
1159 0.51
1757 1.82
10
SEX
0602 2.13
1217 0.26
1814 2.04
26
DOM
0021 0.45
0627 1.70
1236 0.62
1834 1.73
11
SÁB
0042 0.18
0653 1.96
1304 0.45
1904 1.90
27
SEG
0104 0.55
0717 1.60
1321 0.74
1925 1.62
12
DOM
0134 0.34
0753 1.78
1402 0.64
2004 1.75
28
TER
0201 0.64
0829 1.51
1425 0.84
2040 1.55
13
SEG
0244 0.50
0912 1.63
1517 0.79
2127 1.65
29
QUA
0316 0.70
1001 1.50
1557 0.87
2214 1.55
14
TER
0414 0.60
1047 1.57
1659 0.82
2301 1.64
30
QUI
0449 0.67
1123 1.57
1727 0.79
2334 1.65
15
QUA
0549 0.57
1212 1.62
1819 0.73
31
SEX
0604 0.55
1225 1.69
1832 0.63
16
QUI
0021 1.72
0657 0.47
1314 1.72
1917 0.59
Novembro
HORA ALT(m) HORA ALT(m)
01
SÁB
0034 1.79
0701 0.39
1312 1.84
1921 0.45
17
SEG
0214 1.87
0829 0.41
1431 1.88
2047 0.36
02
DOM
0123 1.96
0749 0.24
1355 1.97
2006 0.26
18
TER
0251 1.90
0902 0.39
1502 1.93
2119 0.31
03
SEG
0210 2.10
0831 0.13
1434 2.09
2051 0.11
19
QUA
0325 1.91
0934 0.39
1534 1.95
2153 0.29
04
TER
0253 2.21
0912 0.06
1512 2.17
2131 0.00
20
QUI
0359 1.91
1004 0.39
1604 1.95
2223 0.29
05
QUA
0336 2.26
0955 0.04
1553 2.21
2212 -0.05
21
SEX
0431 1.88
1036 0.42
1636 1.93
2257 0.31
06
QUI
0419 2.25
1036 0.09
1632 2.20
2257 -0.04
22
SÁB
0504 1.85
1108 0.46
1708 1.90
2331 0.34
07
SEX
0504 2.18
1117 0.18
1714 2.14
2342 0.04
23
DOM
0540 1.79
1146 0.52
1742 1.84
08
SÁB
0551 2.07
1202 0.32
1801 2.05
24
SEG
0008 0.39
0619 1.73
1223 0.59
1821 1.78
09
DOM
0029 0.16
0644 1.92
1251 0.47
1851 1.93
25
TER
0055 0.45
0708 1.67
1310 0.66
1912 1.72
10
SEG
0123 0.32
0744 1.77
1346 0.63
1953 1.80
26
QUA
0146 0.51
0806 1.62
1406 0.72
2014 1.68
11
TER
0227 0.47
0857 1.65
1455 0.74
2106 1.71
27
QUI
0247 0.56
0916 1.60
1514 0.75
2127 1.67
12
QUA
0347 0.57
1014 1.60
1619 0.78
2227 1.67
28
SEX
0401 0.57
1025 1.63
1631 0.71
2242 1.72
13
QUI
0508 0.59
1127 1.61
1742 0.73
2342 1.70
29
SÁB
0512 0.52
1131 1.71
1744 0.60
2349 1.81
14
SEX
0617 0.55
1227 1.67
1844 0.63
30
DOM
0617 0.43
1227 1.81
1846 0.45
15
SÁB
0044 1.76
0710 0.50
1316 1.75
1931 0.52
16
DOM
0132 1.83
0755 0.45
1357 1.82
2010 0.43
Dezembro
HORA ALT(m) HORA ALT(m)
01
SEG
0047 1.92
0714 0.34
1316 1.92
1938 0.30
17
QUA
0229 1.76
0840 0.54
1440 1.83
2102 0.41
02
TER
0142 2.03
0804 0.25
1404 2.02
2025 0.15
18
QUI
0310 1.79
0914 0.50
1517 1.87
2138 0.36
03
QUA
0232 2.11
0853 0.19
1449 2.10
2112 0.05
19
SEX
0349 1.82
0951 0.47
1555 1.90
2212 0.32
04
QUI
0321 2.15
0938 0.17
1534 2.15
2201 -0.01
20
SÁB
0425 1.84
1023 0.46
1627 1.92
2247 0.29
05
SEX
0408 2.15
1021 0.19
1617 2.17
2247 -0.01
21
DOM
0501 1.85
1101 0.45
1702 1.92
2321 0.28
06
SÁB
0457 2.10
1104 0.24
1704 2.14
2332 0.04
22
SEG
0536 1.85
1136 0.46
1736 1.92
07
DOM
0546 2.02
1151 0.33
1751 2.08
23
TER
0001 0.28
0612 1.83
1214 0.48
1814 1.91
08
SEG
0017 0.13
0634 1.92
1236 0.43
1842 2.00
24
QUA
0042 0.31
0655 1.80
1257 0.51
1859 1.88
09
TER
0108 0.26
0727 1.81
1325 0.54
1936 1.89
25
QUI
0125 0.35
0740 1.77
1344 0.55
1949 1.85
10
QUA
0202 0.40
0823 1.72
1419 0.63
2034 1.79
26
SEX
0216 0.41
0832 1.73
1438 0.58
2047 1.81
11
QUI
0302 0.52
0923 1.65
1523 0.70
2140 1.71
27
SÁB
0314 0.48
0931 1.71
1542 0.60
2155 1.79
12
SEX
0410 0.62
1025 1.61
1638 0.73
2247 1.67
28
DOM
0423 0.52
1036 1.72
1655 0.57
2304 1.79
13
SÁB
0519 0.66
1125 1.62
1751 0.69
2353 1.66
29
SEG
0538 0.52
1140 1.75
1808 0.49
14
DOM
0621 0.65
1223 1.66
1851 0.63
30
TER
0016 1.83
0646 0.48
1244 1.83
1914 0.37
15
SEG
0053 1.68
0714 0.62
1314 1.71
1942 0.55
31
QUA
0121 1.90
0746 0.42
1342 1.92
2012 0.23
16
TER
0144 1.72
0801 0.58
1401 1.77
2021 0.48
DG6-62 Original
