110
PORTO DE TUBARÃO (ESTADO DO ESPÍRITO SANTO) - 2025
Latitude 20° 17'.3 S Longitude 40° 14'.6 W Fuso UTC -03.0 horas
DHN 82 Componentes Nível Médio 0.8 m Carta 1401
Janeiro
HORA ALT(m) HORA ALT(m)
01
QUA
0410 1.34
1004 0.28
1555 1.34
2225 -0.05
17
SEX
0514 1.27
1110 0.34
1704 1.32
2344 0.10
02
QUI
0453 1.33
1047 0.31
1634 1.34
2308 -0.02
18
SÁB
0546 1.21
1147 0.38
1740 1.27
03
SEX
0529 1.29
1127 0.35
1719 1.33
2355 0.04
19
DOM
0017 0.21
0614 1.15
1216 0.44
1812 1.20
04
SÁB
0610 1.23
1212 0.39
1806 1.30
20
SEG
0057 0.32
0647 1.09
1259 0.49
1853 1.12
05
DOM
0046 0.13
0701 1.16
1304 0.44
1859 1.25
21
TER
0131 0.44
0734 1.03
1353 0.54
1953 1.04
06
SEG
0136 0.24
0759 1.08
1404 0.48
2008 1.19
22
QUA
0221 0.54
0836 0.98
1457 0.57
2119 1.00
07
TER
0240 0.36
0906 1.03
1514 0.49
2121 1.15
23
QUI
0355 0.60
1002 0.97
1644 0.53
2306 1.01
08
QUA
0402 0.45
1021 1.01
1640 0.45
2255 1.14
24
SEX
0531 0.59
1123 1.01
1749 0.44
09
QUI
0531 0.48
1136 1.03
1747 0.35
25
SÁB
0021 1.09
0636 0.52
1227 1.08
1849 0.32
10
SEX
0012 1.19
0646 0.45
1234 1.09
1853 0.23
26
DOM
0123 1.18
0721 0.44
1308 1.17
1934 0.19
11
SÁB
0121 1.25
0736 0.41
1316 1.16
1946 0.11
27
SEG
0208 1.28
0804 0.36
1351 1.25
2012 0.06
12
DOM
0216 1.31
0817 0.37
1401 1.23
2027 0.01
28
TER
0247 1.36
0842 0.29
1431 1.34
2055 -0.04
13
SEG
0301 1.35
0857 0.33
1444 1.29
2112 -0.05
29
QUA
0321 1.41
0916 0.23
1506 1.42
2136 -0.11
14
TER
0336 1.36
0927 0.31
1519 1.34
2157 -0.07
30
QUI
0359 1.44
0953 0.20
1547 1.49
2214 -0.14
15
QUA
0410 1.34
1004 0.30
1557 1.36
2231 -0.05
31
SEX
0432 1.43
1029 0.19
1621 1.51
2255 -0.11
16
QUI
0446 1.31
1040 0.31
1631 1.35
2306 0.00
Fevereiro
HORA ALT(m) HORA ALT(m)
01
SÁB
0504 1.39
1106 0.21
1702 1.50
2334 -0.01
17
SEG
0525 1.26
1138 0.35
1738 1.31
02
DOM
0540 1.31
1149 0.26
1747 1.44
18
TER
0004 0.35
0553 1.19
1204 0.42
1808 1.22
03
SEG
0019 0.14
0616 1.21
1229 0.34
1831 1.34
19
QUA
0044 0.48
0621 1.12
1249 0.50
1853 1.11
04
TER
0104 0.32
0655 1.10
1321 0.42
1934 1.21
20
QUI
0117 0.61
0704 1.04
1351 0.57
2032 1.02
05
QUA
0201 0.50
0753 0.99
1427 0.49
2102 1.11
21
SEX
0240 0.72
0836 0.97
1546 0.60
2251 1.02
06
QUI
0338 0.65
0927 0.94
1619 0.50
2306 1.08
22
SÁB
0504 0.72
1046 0.98
1719 0.51
07
SEX
0546 0.66
1121 0.97
1747 0.41
23
DOM
0021 1.13
0621 0.63
1210 1.08
1829 0.37
08
SÁB
0034 1.16
0655 0.60
1231 1.07
1857 0.28
24
SEG
0114 1.25
0712 0.51
1257 1.21
1916 0.21
09
DOM
0132 1.25
0738 0.51
1312 1.19
1944 0.15
25
TER
0153 1.37
0747 0.40
1334 1.34
1957 0.06
10
SEG
0212 1.33
0810 0.42
1355 1.30
2019 0.05
26
QUA
0223 1.46
0821 0.28
1412 1.47
2032 -0.06
11
TER
0246 1.38
0842 0.34
1432 1.38
2059 -0.02
27
QUI
0259 1.53
0855 0.19
1451 1.58
2114 -0.14
12
QUA
0314 1.41
0908 0.27
1504 1.45
2134 -0.05
28
SEX
0331 1.55
0929 0.13
1525 1.66
2155 -0.15
13
QUI
0346 1.42
0942 0.24
1540 1.47
2204 -0.03
14
SEX
0410 1.40
1010 0.23
1606 1.46
2238 0.03
15
SÁB
0440 1.37
1042 0.25
1636 1.43
2304 0.11
16
DOM
0502 1.32
1106 0.29
1706 1.38
2336 0.23
Março
HORA ALT(m) HORA ALT(m)
01
SÁB
0402 1.53
1004 0.10
1602 1.68
2231 -0.07
17
SEG
0423 1.40
1036 0.25
1636 1.45
2257 0.30
02
DOM
0436 1.46
1046 0.13
1644 1.63
2312 0.07
18
TER
0447 1.35
1101 0.30
1706 1.38
2327 0.42
03
SEG
0506 1.37
1119 0.19
1727 1.53
2357 0.27
19
QUA
0510 1.28
1132 0.38
1744 1.28
04
TER
0536 1.25
1202 0.29
1810 1.38
20
QUI
0001 0.56
0538 1.20
1208 0.47
1821 1.17
05
QUA
0044 0.48
0608 1.13
1255 0.41
1917 1.20
21
SEX
0051 0.69
0616 1.11
1306 0.57
1959 1.06
06
QUI
0129 0.69
0638 1.03
1402 0.52
2102 1.08
22
SÁB
0206 0.81
0732 1.02
1438 0.63
2244 1.07
07
SEX
0332 0.82
0853 0.95
1617 0.55
2340 1.11
23
DOM
0440 0.80
1004 1.02
1657 0.55
08
SÁB
0557 0.78
1112 1.01
1746 0.45
24
SEG
0002 1.20
0555 0.69
1142 1.13
1757 0.40
09
DOM
0038 1.21
0647 0.68
1216 1.14
1849 0.32
25
TER
0044 1.33
0638 0.56
1227 1.28
1847 0.24
10
SEG
0117 1.30
0721 0.56
1301 1.28
1927 0.21
26
QUA
0119 1.44
0717 0.42
1304 1.44
1929 0.08
11
TER
0149 1.38
0749 0.44
1334 1.39
2002 0.12
27
QUI
0155 1.53
0751 0.28
1346 1.58
2008 -0.03
12
QUA
0214 1.44
0816 0.34
1410 1.47
2031 0.06
28
SEX
0225 1.58
0825 0.17
1425 1.70
2049 -0.08
13
QUI
0244 1.47
0846 0.26
1446 1.53
2104 0.04
29
SÁB
0259 1.59
0902 0.09
1504 1.76
2131 -0.05
14
SEX
0308 1.49
0910 0.21
1512 1.55
2136 0.06
30
DOM
0332 1.55
0942 0.06
1546 1.75
2210 0.05
15
SÁB
0334 1.47
0942 0.20
1542 1.54
2202 0.10
31
SEG
0404 1.47
1019 0.09
1627 1.66
2253 0.22
16
DOM
0401 1.45
1006 0.21
1606 1.51
2231 0.19
Abril
HORA ALT(m) HORA ALT(m)
01
TER
0436 1.37
1101 0.16
1712 1.52
2334 0.43
17
QUI
0444 1.31
1110 0.33
1727 1.29
2342 0.61
02
QUA
0504 1.27
1146 0.27
1801 1.35
18
SEX
0514 1.23
1155 0.43
1812 1.19
03
QUI
0016 0.64
0529 1.17
1240 0.40
1914 1.18
19
SÁB
0029 0.73
0559 1.15
1257 0.51
1951 1.11
04
SEX
0110 0.80
0617 1.08
1359 0.51
2112 1.10
20
DOM
0149 0.82
0717 1.07
1417 0.56
2155 1.12
05
SÁB
0327 0.89
0825 1.02
1602 0.54
2319 1.15
21
SEG
0357 0.79
0917 1.08
1606 0.51
2317 1.23
06
DOM
0519 0.82
1032 1.08
1721 0.47
22
TER
0506 0.69
1044 1.18
1712 0.39
07
SEG
0008 1.23
0608 0.71
1151 1.20
1821 0.38
23
QUA
0002 1.34
0555 0.56
1149 1.32
1812 0.26
08
TER
0042 1.31
0646 0.58
1231 1.32
1901 0.29
24
QUI
0042 1.43
0634 0.41
1232 1.47
1859 0.13
09
QUA
0110 1.38
0716 0.46
1306 1.42
1931 0.22
25
SEX
0116 1.50
0717 0.27
1316 1.60
1942 0.05
10
QUI
0138 1.44
0746 0.35
1344 1.48
2002 0.17
26
SÁB
0153 1.53
0759 0.15
1402 1.68
2025 0.04
11
SEX
0204 1.48
0810 0.27
1416 1.52
2031 0.16
27
DOM
0225 1.52
0838 0.07
1449 1.71
2108 0.09
12
SÁB
0229 1.49
0842 0.22
1447 1.54
2101 0.16
28
SEG
0302 1.47
0917 0.04
1532 1.68
2155 0.20
13
DOM
0257 1.48
0906 0.19
1512 1.54
2132 0.20
29
TER
0338 1.41
1004 0.05
1619 1.58
2234 0.36
14
SEG
0323 1.46
0938 0.19
1544 1.51
2159 0.27
30
QUA
0412 1.34
1053 0.12
1708 1.45
2316 0.53
15
TER
0349 1.42
1006 0.21
1614 1.46
2227 0.37
16
QUA
0414 1.37
1042 0.26
1649 1.38
2301 0.49
DG6-62 Original
111
PORTO DE TUBARÃO (ESTADO DO ESPÍRITO SANTO) - 2025
Latitude 20° 17'.3 S Longitude 40° 14'.6 W Fuso UTC -03.0 horas
DHN 82 Componentes Nível Médio 0.8 m Carta 1401
Maio
HORA ALT(m) HORA ALT(m)
01
QUI
0444 1.26
1136 0.22
1802 1.30
17
SÁB
0508 1.23
1151 0.31
1812 1.20
02
SEX
0004 0.68
0525 1.19
1234 0.33
1912 1.17
18
DOM
0019 0.66
0602 1.17
1247 0.38
1932 1.14
03
SÁB
0104 0.79
0632 1.13
1346 0.43
2046 1.11
19
SEG
0132 0.71
0708 1.14
1353 0.42
2059 1.15
04
DOM
0238 0.83
0802 1.09
1521 0.49
2223 1.12
20
TER
0301 0.69
0840 1.14
1519 0.42
2217 1.19
05
SEG
0412 0.78
0940 1.12
1636 0.47
2314 1.18
21
QUA
0406 0.62
0953 1.20
1627 0.36
2312 1.26
06
TER
0512 0.68
1059 1.18
1732 0.43
2355 1.25
22
QUI
0504 0.51
1102 1.30
1729 0.29
2359 1.32
07
QUA
0557 0.57
1157 1.27
1821 0.38
23
SEX
0557 0.39
1202 1.41
1831 0.22
08
QUI
0025 1.31
0634 0.47
1234 1.33
1859 0.33
24
SÁB
0042 1.36
0646 0.26
1255 1.49
1919 0.18
09
SEX
0057 1.36
0708 0.37
1310 1.38
1927 0.29
25
DOM
0119 1.37
0736 0.14
1349 1.55
2008 0.18
10
SÁB
0123 1.39
0744 0.28
1347 1.42
2001 0.26
26
SEG
0201 1.37
0817 0.05
1442 1.56
2057 0.23
11
DOM
0155 1.41
0808 0.22
1421 1.44
2032 0.26
27
TER
0242 1.35
0906 0.01
1529 1.53
2140 0.31
12
SEG
0223 1.41
0844 0.17
1457 1.45
2102 0.28
28
QUA
0321 1.32
0959 0.00
1617 1.46
2219 0.41
13
TER
0253 1.39
0914 0.15
1527 1.43
2138 0.33
29
QUI
0401 1.29
1046 0.03
1708 1.37
2304 0.51
14
QUA
0323 1.37
0953 0.16
1604 1.39
2208 0.40
30
SEX
0442 1.26
1129 0.11
1759 1.26
2355 0.59
15
QUI
0355 1.33
1027 0.19
1644 1.33
2247 0.49
31
SÁB
0532 1.22
1223 0.20
1849 1.17
16
SEX
0427 1.28
1104 0.24
1725 1.26
2329 0.58
Junho
HORA ALT(m) HORA ALT(m)
01
DOM
0042 0.65
0627 1.18
1317 0.30
1953 1.10
17
TER
0106 0.54
0653 1.21
1325 0.27
2002 1.14
02
SEG
0140 0.68
0727 1.14
1416 0.40
2053 1.08
18
QUA
0208 0.54
0757 1.19
1429 0.33
2110 1.12
03
TER
0251 0.67
0847 1.12
1532 0.46
2157 1.09
19
QUI
0312 0.52
0908 1.19
1547 0.36
2219 1.13
04
QUA
0402 0.63
0955 1.12
1632 0.48
2253 1.12
20
SEX
0421 0.46
1021 1.22
1659 0.37
2317 1.14
05
QUI
0501 0.55
1102 1.14
1727 0.46
2332 1.17
21
SÁB
0521 0.37
1144 1.27
1812 0.36
06
SEX
0547 0.47
1159 1.18
1816 0.43
22
DOM
0012 1.17
0625 0.26
1246 1.33
1910 0.33
07
SÁB
0012 1.22
0631 0.38
1242 1.23
1859 0.38
23
SEG
0101 1.20
0723 0.14
1351 1.38
2002 0.31
08
DOM
0051 1.25
0710 0.29
1323 1.27
1934 0.34
24
TER
0146 1.23
0810 0.03
1446 1.41
2049 0.32
09
SEG
0123 1.28
0751 0.21
1406 1.31
2010 0.32
25
QUA
0231 1.26
0902 -0.04
1529 1.41
2127 0.33
10
TER
0159 1.29
0821 0.14
1447 1.34
2049 0.32
26
QUI
0314 1.29
0953 -0.07
1616 1.38
2208 0.36
11
QUA
0234 1.30
0902 0.10
1523 1.34
2121 0.34
27
SEX
0357 1.31
1036 -0.06
1659 1.33
2251 0.40
12
QUI
0310 1.29
0942 0.08
1602 1.33
2201 0.37
28
SÁB
0436 1.30
1116 -0.01
1734 1.26
2329 0.43
13
SEX
0347 1.29
1019 0.08
1644 1.30
2240 0.42
29
DOM
0519 1.28
1202 0.09
1810 1.19
14
SÁB
0423 1.28
1101 0.10
1721 1.27
2321 0.46
30
SEG
0006 0.46
0602 1.23
1247 0.20
1851 1.12
15
DOM
0508 1.26
1142 0.15
1804 1.23
16
SEG
0008 0.50
0559 1.24
1234 0.21
1857 1.18
Julho
HORA ALT(m) HORA ALT(m)
01
TER
0053 0.50
0646 1.17
1323 0.32
1938 1.07
17
QUI
0125 0.42
0723 1.22
1353 0.33
2006 1.05
02
QUA
0142 0.53
0738 1.10
1408 0.43
2027 1.03
18
SEX
0223 0.45
0844 1.15
1504 0.46
2123 1.00
03
QUI
0234 0.55
0851 1.05
1517 0.51
2131 1.02
19
SÁB
0346 0.45
1002 1.11
1640 0.52
2246 0.99
04
SEX
0347 0.54
0957 1.03
1627 0.54
2234 1.03
20
DOM
0506 0.38
1147 1.14
1816 0.51
05
SÁB
0501 0.48
1117 1.05
1738 0.52
2331 1.07
21
SEG
0001 1.04
0623 0.27
1301 1.22
1914 0.45
06
DOM
0555 0.40
1217 1.10
1834 0.47
22
TER
0057 1.11
0721 0.13
1401 1.30
2001 0.39
07
SEG
0021 1.12
0649 0.30
1316 1.16
1916 0.42
23
QUA
0142 1.20
0808 0.01
1446 1.36
2042 0.33
08
TER
0104 1.17
0732 0.20
1402 1.23
2001 0.36
24
QUI
0225 1.27
0855 -0.08
1521 1.39
2114 0.29
09
QUA
0146 1.21
0810 0.11
1446 1.29
2038 0.33
25
SEX
0304 1.34
0938 -0.12
1559 1.38
2151 0.27
10
QUI
0225 1.25
0851 0.04
1519 1.32
2112 0.30
26
SÁB
0346 1.38
1016 -0.11
1631 1.34
2223 0.27
11
SEX
0302 1.29
0932 -0.02
1557 1.34
2151 0.29
27
DOM
0417 1.38
1055 -0.05
1701 1.30
2301 0.28
12
SÁB
0342 1.33
1010 -0.05
1632 1.34
2225 0.29
28
SEG
0453 1.35
1127 0.05
1727 1.24
2332 0.32
13
DOM
0416 1.35
1049 -0.04
1706 1.32
2306 0.30
29
TER
0531 1.29
1202 0.17
1757 1.17
14
SEG
0459 1.36
1127 0.01
1742 1.28
2349 0.33
30
QUA
0002 0.37
0602 1.22
1240 0.30
1825 1.11
15
TER
0544 1.34
1212 0.09
1819 1.21
31
QUI
0044 0.43
0638 1.13
1308 0.43
1904 1.04
16
QUA
0031 0.37
0627 1.29
1301 0.20
1908 1.13
Agosto
HORA ALT(m) HORA ALT(m)
01
SEX
0129 0.49
0731 1.04
1355 0.54
1957 0.98
17
DOM
0329 0.48
1023 1.04
1706 0.68
2231 0.93
02
SÁB
0225 0.53
0901 0.98
1525 0.63
2131 0.95
18
SEG
0512 0.40
1212 1.13
1832 0.61
03
DOM
0416 0.52
1049 0.97
1706 0.63
2257 0.98
19
TER
0002 1.02
0629 0.27
1314 1.23
1917 0.51
04
SEG
0525 0.44
1216 1.05
1817 0.56
20
QUA
0055 1.15
0719 0.12
1357 1.32
1953 0.41
05
TER
0006 1.05
0631 0.33
1314 1.15
1908 0.47
21
QUI
0131 1.27
0802 0.01
1427 1.39
2023 0.31
06
QUA
0055 1.13
0717 0.20
1357 1.25
1949 0.38
22
SEX
0210 1.37
0838 -0.07
1459 1.42
2055 0.24
07
QUI
0132 1.22
0759 0.08
1431 1.32
2025 0.30
23
SÁB
0251 1.44
0914 -0.09
1525 1.42
2121 0.19
08
SEX
0212 1.30
0834 -0.02
1502 1.38
2059 0.23
24
DOM
0319 1.46
0951 -0.08
1555 1.40
2155 0.18
09
SÁB
0249 1.38
0914 -0.10
1534 1.41
2129 0.18
25
SEG
0353 1.46
1017 -0.01
1619 1.36
2223 0.19
10
DOM
0321 1.45
0953 -0.13
1606 1.42
2204 0.16
26
TER
0421 1.41
1053 0.08
1646 1.31
2255 0.23
11
SEG
0401 1.49
1027 -0.12
1640 1.39
2244 0.16
27
QUA
0453 1.35
1117 0.21
1708 1.25
2321 0.29
12
TER
0438 1.49
1106 -0.04
1710 1.33
2319 0.20
28
QUI
0523 1.27
1149 0.34
1731 1.18
2353 0.36
13
QUA
0519 1.44
1149 0.09
1744 1.24
29
SEX
0559 1.17
1221 0.47
1801 1.10
14
QUI
0002 0.26
0602 1.35
1234 0.26
1819 1.13
30
SÁB
0034 0.45
0638 1.06
1302 0.60
1840 1.02
15
SEX
0051 0.35
0653 1.22
1319 0.45
1906 1.01
31
DOM
0136 0.53
0821 0.97
1416 0.72
2002 0.94
16
SÁB
0155 0.44
0825 1.09
1438 0.63
2040 0.92
DG6-62 Original
112
PORTO DE TUBARÃO (ESTADO DO ESPÍRITO SANTO) - 2025
Latitude 20° 17'.3 S Longitude 40° 14'.6 W Fuso UTC -03.0 horas
DHN 82 Componentes Nível Médio 0.8 m Carta 1401
Setembro
HORA ALT(m) HORA ALT(m)
01
SEG
0336 0.56
1047 0.97
1653 0.72
2221 0.95
17
QUA
0623 0.27
1301 1.28
1901 0.53
02
TER
0504 0.48
1216 1.09
1810 0.63
2353 1.04
18
QUI
0038 1.24
0706 0.15
1329 1.36
1931 0.40
03
QUA
0612 0.36
1259 1.21
1853 0.51
19
SEX
0110 1.36
0742 0.06
1359 1.41
1959 0.29
04
QUI
0038 1.17
0659 0.21
1334 1.31
1929 0.39
20
SÁB
0151 1.44
0812 0.01
1421 1.44
2023 0.21
05
SEX
0110 1.29
0736 0.07
1404 1.41
2001 0.28
21
DOM
0223 1.49
0846 0.00
1451 1.45
2055 0.15
06
SÁB
0149 1.41
0810 -0.05
1434 1.47
2031 0.18
22
SEG
0257 1.51
0914 0.02
1514 1.44
2119 0.14
07
DOM
0225 1.51
0847 -0.12
1504 1.50
2102 0.10
23
TER
0323 1.49
0947 0.07
1540 1.41
2151 0.15
08
SEG
0301 1.60
0927 -0.15
1536 1.49
2138 0.07
24
QUA
0353 1.45
1010 0.16
1604 1.36
2217 0.18
09
TER
0338 1.62
1004 -0.10
1606 1.45
2216 0.07
25
QUI
0419 1.39
1040 0.27
1627 1.31
2249 0.24
10
QUA
0416 1.59
1044 0.02
1638 1.36
2257 0.12
26
SEX
0453 1.30
1106 0.40
1653 1.24
2316 0.32
11
QUI
0459 1.49
1123 0.21
1706 1.25
2338 0.22
27
SÁB
0529 1.20
1142 0.53
1717 1.16
2357 0.42
12
SEX
0546 1.35
1208 0.42
1734 1.13
28
DOM
0608 1.09
1225 0.67
1755 1.06
13
SÁB
0025 0.34
0642 1.18
1302 0.62
1812 1.02
29
SEG
0059 0.51
0746 0.99
1334 0.79
1902 0.97
14
DOM
0136 0.45
0834 1.05
1442 0.78
1957 0.92
30
TER
0236 0.57
1042 1.01
1621 0.78
2147 0.96
15
SEG
0342 0.49
1117 1.07
1729 0.76
2234 0.96
16
TER
0514 0.40
1221 1.18
1823 0.65
2357 1.09
Outubro
HORA ALT(m) HORA ALT(m)
01
QUA
0434 0.50
1151 1.13
1738 0.67
2317 1.07
17
SEX
0008 1.27
0642 0.22
1255 1.33
1857 0.40
02
QUI
0531 0.37
1225 1.25
1821 0.54
18
SÁB
0049 1.36
0712 0.16
1319 1.38
1925 0.30
03
SEX
0004 1.21
0627 0.23
1259 1.36
1853 0.40
19
DOM
0121 1.42
0744 0.13
1347 1.42
1957 0.21
04
SÁB
0044 1.36
0704 0.08
1329 1.45
1927 0.26
20
SEG
0159 1.46
0812 0.11
1410 1.43
2021 0.15
05
DOM
0117 1.49
0742 -0.03
1401 1.51
2001 0.14
21
TER
0231 1.47
0846 0.13
1438 1.43
2053 0.12
06
SEG
0159 1.60
0819 -0.09
1431 1.52
2036 0.05
22
QUA
0301 1.46
0912 0.16
1504 1.41
2119 0.12
07
TER
0240 1.66
0902 -0.08
1502 1.50
2112 0.01
23
QUI
0327 1.42
0944 0.23
1531 1.37
2153 0.14
08
QUA
0317 1.67
0944 0.00
1536 1.44
2155 0.02
24
SEX
0401 1.37
1008 0.32
1559 1.32
2225 0.19
09
QUI
0401 1.60
1021 0.15
1608 1.35
2238 0.08
25
SÁB
0434 1.29
1042 0.44
1623 1.25
2301 0.26
10
SEX
0447 1.47
1104 0.35
1638 1.25
2319 0.18
26
DOM
0514 1.20
1116 0.56
1657 1.18
2340 0.36
11
SÁB
0542 1.31
1157 0.55
1710 1.14
27
SEG
0601 1.11
1204 0.67
1738 1.10
12
DOM
0014 0.30
0651 1.15
1255 0.73
1747 1.04
28
TER
0038 0.44
0727 1.02
1317 0.77
1851 1.02
13
SEG
0134 0.41
0851 1.06
1457 0.83
1959 0.97
29
QUA
0159 0.49
0927 1.03
1521 0.76
2051 1.01
14
TER
0336 0.45
1104 1.10
1657 0.77
2202 1.02
30
QUI
0347 0.47
1101 1.12
1642 0.67
2214 1.09
15
QUA
0457 0.38
1153 1.19
1749 0.65
2323 1.14
31
SEX
0449 0.37
1144 1.23
1729 0.54
2321 1.22
16
QUI
0555 0.30
1223 1.26
1823 0.53
Novembro
HORA ALT(m) HORA ALT(m)
01
SÁB
0540 0.25
1216 1.32
1810 0.40
17
SEG
0057 1.31
0712 0.26
1308 1.32
1925 0.24
02
DOM
0004 1.36
0631 0.13
1253 1.40
1851 0.26
18
TER
0132 1.34
0746 0.23
1340 1.34
1959 0.16
03
SEG
0051 1.48
0714 0.05
1325 1.44
1932 0.13
19
QUA
0208 1.36
0816 0.22
1408 1.35
2027 0.12
04
TER
0134 1.57
0759 0.01
1401 1.45
2010 0.03
20
QUI
0246 1.36
0851 0.24
1440 1.34
2102 0.09
05
QUA
0221 1.61
0844 0.05
1436 1.42
2055 -0.02
21
SEX
0316 1.35
0921 0.28
1510 1.32
2138 0.10
06
QUI
0306 1.60
0925 0.14
1512 1.37
2142 -0.02
22
SÁB
0353 1.31
0957 0.34
1542 1.29
2214 0.13
07
SEX
0355 1.52
1008 0.27
1549 1.31
2227 0.02
23
DOM
0431 1.26
1027 0.42
1612 1.25
2253 0.17
08
SÁB
0449 1.40
1057 0.43
1625 1.24
2314 0.10
24
SEG
0512 1.20
1108 0.51
1651 1.20
2329 0.24
09
DOM
0547 1.27
1147 0.58
1710 1.16
25
TER
0557 1.13
1157 0.59
1738 1.14
10
SEG
0014 0.21
0651 1.14
1242 0.70
1812 1.10
26
QUA
0023 0.31
0653 1.08
1257 0.64
1838 1.10
11
TER
0125 0.31
0821 1.06
1408 0.76
1936 1.05
27
QUI
0125 0.35
0814 1.06
1417 0.66
1953 1.08
12
QUA
0247 0.38
0953 1.06
1544 0.73
2114 1.07
28
SEX
0236 0.38
0936 1.08
1529 0.61
2114 1.12
13
QUI
0410 0.38
1059 1.11
1653 0.63
2231 1.13
29
SÁB
0357 0.35
1046 1.14
1636 0.52
2225 1.19
14
SEX
0512 0.36
1138 1.17
1738 0.53
2336 1.20
30
DOM
0459 0.30
1132 1.20
1727 0.40
2334 1.29
15
SÁB
0602 0.33
1210 1.23
1816 0.42
16
DOM
0014 1.26
0642 0.29
1242 1.28
1853 0.32
Dezembro
HORA ALT(m) HORA ALT(m)
01
SEG
0601 0.24
1216 1.25
1819 0.27
17
QUA
0116 1.20
0721 0.34
1314 1.23
1940 0.19
02
TER
0025 1.38
0657 0.18
1259 1.29
1910 0.14
18
QUI
0159 1.25
0801 0.31
1351 1.26
2012 0.12
03
QUA
0121 1.45
0746 0.16
1340 1.31
1959 0.03
19
SEX
0240 1.28
0838 0.29
1427 1.27
2053 0.07
04
QUI
0216 1.48
0832 0.18
1419 1.31
2046 -0.04
20
SÁB
0314 1.30
0910 0.30
1502 1.28
2131 0.04
05
SEX
0306 1.48
0916 0.24
1502 1.30
2134 -0.08
21
DOM
0353 1.29
0947 0.32
1536 1.28
2208 0.04
06
SÁB
0401 1.43
1002 0.31
1546 1.29
2223 -0.07
22
SEG
0429 1.27
1021 0.35
1608 1.28
2246 0.06
07
DOM
0453 1.36
1047 0.41
1627 1.27
2310 -0.01
23
TER
0504 1.24
1101 0.39
1647 1.27
2321 0.10
08
SEG
0540 1.26
1131 0.49
1714 1.23
24
QUA
0542 1.21
1142 0.43
1731 1.25
09
TER
0006 0.08
0625 1.16
1214 0.55
1804 1.19
25
QUI
0006 0.15
0619 1.16
1225 0.47
1816 1.22
10
QUA
0102 0.19
0723 1.08
1310 0.60
1902 1.14
26
SEX
0057 0.22
0712 1.11
1321 0.50
1910 1.18
11
QUI
0157 0.30
0821 1.03
1416 0.61
2016 1.10
27
SÁB
0149 0.29
0814 1.07
1425 0.51
2029 1.15
12
SEX
0304 0.40
0925 1.02
1531 0.59
2125 1.08
28
DOM
0257 0.36
0929 1.05
1538 0.49
2142 1.15
13
SÁB
0410 0.45
1027 1.04
1644 0.53
2238 1.08
29
SEG
0414 0.40
1044 1.06
1655 0.42
2306 1.18
14
DOM
0508 0.46
1116 1.08
1731 0.46
2346 1.12
30
TER
0538 0.39
1147 1.09
1801 0.31
15
SEG
0602 0.43
1201 1.14
1816 0.37
31
QUA
0017 1.25
0649 0.35
1246 1.14
1902 0.17
16
TER
0029 1.16
0647 0.39
1240 1.19
1901 0.28
DG6-62 Original
