113
PORTO DE VITÓRIA (ESTADO DO ESPÍRITO SANTO) - 2025
Latitude 20° 19'.3 S Longitude 40° 20'.2 W Fuso UTC -03.0 horas
CODESA 34 Componentes Nível Médio 0.81 m Carta 1401
Janeiro
HORA ALT(m) HORA ALT(m)
01
QUA
0434 1.47
1014 0.34
1614 1.39
2236 0.01
17
SEX
0538 1.35
1116 0.39
1731 1.37
2347 0.17
02
QUI
0516 1.43
1057 0.38
1653 1.38
2316 0.04
18
SÁB
0606 1.28
1155 0.42
1806 1.30
03
SEX
0555 1.36
1138 0.43
1736 1.35
19
DOM
0017 0.28
0636 1.20
1232 0.47
1840 1.21
04
SÁB
0002 0.11
0636 1.28
1221 0.47
1823 1.31
20
SEG
0053 0.39
0706 1.13
1312 0.52
1919 1.13
05
DOM
0049 0.21
0721 1.19
1314 0.51
1917 1.26
21
TER
0132 0.50
0749 1.07
1402 0.56
2010 1.06
06
SEG
0147 0.32
0817 1.11
1414 0.53
2021 1.20
22
QUA
0236 0.60
0842 1.02
1508 0.58
2121 1.01
07
TER
0302 0.43
0931 1.06
1525 0.52
2138 1.17
23
QUI
0404 0.65
1002 1.01
1631 0.55
2314 1.02
08
QUA
0429 0.49
1044 1.05
1646 0.46
2312 1.18
24
SEX
0536 0.63
1117 1.05
1749 0.47
09
QUI
0553 0.50
1144 1.09
1757 0.36
25
SÁB
0046 1.11
0644 0.56
1221 1.12
1847 0.35
10
SEX
0040 1.25
0657 0.47
1238 1.16
1859 0.24
26
DOM
0142 1.24
0729 0.47
1316 1.22
1938 0.22
11
SÁB
0146 1.34
0746 0.43
1329 1.24
1953 0.13
27
SEG
0227 1.37
0808 0.38
1401 1.32
2021 0.09
12
DOM
0238 1.42
0821 0.40
1414 1.32
2040 0.04
28
TER
0306 1.47
0849 0.31
1444 1.41
2104 -0.02
13
SEG
0319 1.46
0901 0.37
1455 1.39
2121 -0.02
29
QUA
0344 1.53
0923 0.26
1527 1.48
2146 -0.09
14
TER
0357 1.48
0932 0.35
1538 1.43
2202 -0.03
30
QUI
0421 1.55
1002 0.24
1606 1.52
2223 -0.10
15
QUA
0434 1.46
1006 0.35
1617 1.44
2240 0.01
31
SEX
0457 1.52
1040 0.24
1644 1.53
2304 -0.06
16
QUI
0504 1.42
1044 0.36
1655 1.42
2314 0.08
Fevereiro
HORA ALT(m) HORA ALT(m)
01
SÁB
0531 1.44
1116 0.27
1723 1.50
2344 0.04
17
SEG
0547 1.28
1147 0.34
1757 1.29
02
DOM
0602 1.34
1159 0.32
1804 1.43
18
TER
0006 0.36
0612 1.20
1216 0.41
1827 1.19
03
SEG
0023 0.19
0638 1.23
1244 0.38
1847 1.33
19
QUA
0032 0.49
0646 1.12
1247 0.48
1906 1.09
04
TER
0110 0.36
0716 1.11
1336 0.45
1944 1.22
20
QUI
0108 0.61
0727 1.03
1344 0.54
2012 1.00
05
QUA
0216 0.53
0810 1.01
1446 0.50
2104 1.11
21
SEX
0238 0.72
0846 0.97
1523 0.57
2246 0.97
06
QUI
0401 0.65
0942 0.96
1617 0.49
2323 1.09
22
SÁB
0512 0.73
1029 0.97
1714 0.51
07
SEX
0601 0.66
1117 0.98
1753 0.41
23
DOM
0042 1.09
0631 0.63
1155 1.06
1829 0.37
08
SÁB
0104 1.18
0702 0.59
1232 1.07
1901 0.28
24
SEG
0132 1.25
0712 0.50
1257 1.20
1921 0.20
09
DOM
0159 1.29
0746 0.52
1325 1.19
1953 0.16
25
TER
0212 1.39
0755 0.37
1346 1.34
2006 0.04
10
SEG
0238 1.38
0816 0.44
1408 1.31
2034 0.06
26
QUA
0247 1.51
0827 0.26
1429 1.48
2049 -0.08
11
TER
0308 1.44
0847 0.37
1449 1.42
2110 -0.01
27
QUI
0323 1.57
0902 0.17
1508 1.58
2127 -0.15
12
QUA
0340 1.48
0914 0.30
1525 1.49
2146 -0.03
28
SEX
0355 1.59
0940 0.12
1547 1.64
2204 -0.15
13
QUI
0406 1.48
0947 0.25
1559 1.52
2214 -0.01
14
SEX
0434 1.46
1016 0.23
1632 1.50
2246 0.05
15
SÁB
0459 1.42
1049 0.25
1702 1.45
2312 0.14
16
DOM
0523 1.35
1117 0.28
1731 1.38
2340 0.25
Março
HORA ALT(m) HORA ALT(m)
01
SÁB
0427 1.56
1014 0.10
1627 1.64
2246 -0.08
17
SEG
0444 1.39
1046 0.19
1659 1.40
2306 0.26
02
DOM
0457 1.48
1055 0.13
1706 1.59
2319 0.06
18
TER
0506 1.32
1112 0.26
1725 1.31
2332 0.38
03
SEG
0529 1.37
1134 0.19
1744 1.49
19
QUA
0529 1.23
1136 0.33
1755 1.21
2357 0.51
04
TER
0001 0.24
0601 1.24
1214 0.28
1829 1.35
20
QUI
0553 1.14
1208 0.41
1832 1.11
05
QUA
0038 0.44
0632 1.11
1302 0.38
1925 1.19
21
SEX
0025 0.63
0631 1.05
1255 0.49
1940 1.01
06
QUI
0131 0.64
0716 1.00
1412 0.48
2059 1.05
22
SÁB
0134 0.76
0749 0.96
1432 0.54
2242 0.98
07
SEX
0355 0.77
0849 0.91
1608 0.51
23
DOM
0451 0.76
0957 0.96
1646 0.49
08
SÁB
0001 1.06
0614 0.73
1104 0.94
1755 0.43
24
SEG
0016 1.11
0606 0.64
1123 1.06
1802 0.35
09
DOM
0112 1.17
0704 0.64
1225 1.06
1859 0.30
25
TER
0104 1.26
0651 0.50
1231 1.22
1857 0.18
10
SEG
0151 1.27
0734 0.54
1314 1.20
1944 0.18
26
QUA
0142 1.40
0723 0.35
1321 1.38
1944 0.03
11
TER
0219 1.35
0801 0.44
1357 1.33
2017 0.09
27
QUI
0217 1.50
0801 0.21
1404 1.53
2023 -0.08
12
QUA
0246 1.42
0821 0.33
1431 1.44
2051 0.03
28
SEX
0249 1.56
0836 0.10
1446 1.64
2104 -0.13
13
QUI
0308 1.46
0851 0.24
1502 1.51
2116 0.01
29
SÁB
0323 1.58
0912 0.03
1529 1.69
2146 -0.10
14
SEX
0332 1.48
0916 0.17
1536 1.54
2146 0.02
30
DOM
0355 1.54
0953 0.01
1610 1.68
2221 -0.01
15
SÁB
0355 1.48
0949 0.14
1604 1.53
2210 0.07
31
SEG
0427 1.47
1032 0.04
1649 1.60
2301 0.15
16
DOM
0419 1.45
1016 0.15
1632 1.48
2240 0.15
Abril
HORA ALT(m) HORA ALT(m)
01
TER
0457 1.36
1112 0.12
1732 1.47
2338 0.34
17
QUI
0459 1.23
1116 0.28
1740 1.21
2338 0.55
02
QUA
0531 1.24
1157 0.22
1823 1.31
18
SEX
0527 1.14
1153 0.35
1827 1.12
03
QUI
0016 0.54
0606 1.11
1251 0.34
1927 1.15
19
SÁB
0016 0.66
0610 1.06
1244 0.43
1946 1.04
04
SEX
0114 0.72
0655 1.00
1406 0.45
2119 1.03
20
DOM
0144 0.76
0734 0.99
1419 0.48
2208 1.04
05
SÁB
0412 0.81
0844 0.92
1602 0.48
2349 1.07
21
SEG
0401 0.75
0923 1.00
1608 0.43
2332 1.13
06
DOM
0601 0.74
1046 0.96
1738 0.42
22
TER
0521 0.63
1047 1.10
1725 0.32
07
SEG
0049 1.16
0638 0.64
1201 1.07
1838 0.32
23
QUA
0023 1.25
0606 0.49
1153 1.25
1823 0.19
08
TER
0119 1.23
0702 0.53
1253 1.20
1917 0.23
24
QUI
0104 1.36
0649 0.33
1247 1.40
1914 0.07
09
QUA
0144 1.30
0725 0.42
1331 1.32
1951 0.17
25
SEX
0140 1.44
0727 0.19
1338 1.53
1959 0.00
10
QUI
0206 1.36
0751 0.30
1404 1.41
2017 0.12
26
SÁB
0214 1.49
0806 0.07
1425 1.63
2042 -0.02
11
SEX
0229 1.42
0816 0.21
1438 1.48
2046 0.10
27
DOM
0247 1.51
0851 -0.01
1510 1.66
2119 0.02
12
SÁB
0253 1.45
0849 0.14
1508 1.50
2112 0.11
28
SEG
0323 1.48
0932 -0.03
1553 1.64
2202 0.13
13
DOM
0317 1.46
0917 0.11
1538 1.50
2144 0.15
29
TER
0359 1.42
1014 0.00
1642 1.55
2244 0.27
14
SEG
0342 1.43
0949 0.12
1608 1.45
2210 0.22
30
QUA
0436 1.34
1101 0.07
1732 1.43
2321 0.44
15
TER
0408 1.38
1017 0.16
1634 1.39
2242 0.32
16
QUA
0432 1.31
1046 0.22
1708 1.31
2306 0.43
DG6-62 Original
114
PORTO DE VITÓRIA (ESTADO DO ESPÍRITO SANTO) - 2025
Latitude 20° 19'.3 S Longitude 40° 20'.2 W Fuso UTC -03.0 horas
CODESA 34 Componentes Nível Médio 0.81 m Carta 1401
Maio
HORA ALT(m) HORA ALT(m)
01
QUI
0516 1.24
1151 0.18
1829 1.29
17
SÁB
0525 1.16
1155 0.29
1842 1.16
02
SEX
0006 0.60
0601 1.13
1249 0.30
1934 1.15
18
DOM
0023 0.65
0617 1.11
1249 0.34
1949 1.11
03
SÁB
0112 0.73
0702 1.04
1402 0.40
2104 1.07
19
SEG
0140 0.69
0732 1.08
1404 0.38
2125 1.09
04
DOM
0314 0.78
0832 1.00
1531 0.44
2242 1.07
20
TER
0304 0.68
0855 1.10
1534 0.37
2242 1.14
05
SEG
0459 0.73
1001 1.02
1653 0.43
2344 1.11
21
QUA
0421 0.59
1004 1.16
1649 0.32
2334 1.21
06
TER
0546 0.64
1116 1.09
1755 0.38
22
QUI
0519 0.47
1114 1.26
1753 0.25
07
QUA
0021 1.17
0614 0.53
1212 1.18
1840 0.33
23
SEX
0017 1.28
0608 0.33
1217 1.38
1847 0.19
08
QUI
0053 1.23
0646 0.42
1257 1.27
1912 0.29
24
SÁB
0059 1.34
0657 0.19
1316 1.48
1936 0.15
09
SEX
0119 1.29
0712 0.31
1334 1.34
1942 0.25
25
DOM
0138 1.39
0746 0.08
1410 1.55
2019 0.15
10
SÁB
0146 1.35
0746 0.22
1408 1.39
2010 0.22
26
SEG
0217 1.42
0831 0.01
1459 1.58
2104 0.19
11
DOM
0214 1.39
0816 0.16
1442 1.43
2044 0.22
27
TER
0259 1.41
0917 -0.02
1549 1.56
2147 0.27
12
SEG
0242 1.40
0851 0.12
1517 1.43
2114 0.25
28
QUA
0340 1.39
1004 -0.01
1642 1.50
2227 0.37
13
TER
0312 1.39
0925 0.12
1549 1.41
2153 0.30
29
QUI
0425 1.34
1057 0.04
1734 1.41
2310 0.47
14
QUA
0342 1.35
0959 0.14
1627 1.37
2221 0.38
30
SEX
0510 1.28
1147 0.13
1823 1.30
15
QUI
0414 1.29
1034 0.18
1708 1.30
2259 0.47
31
SÁB
0001 0.58
0601 1.21
1240 0.23
1916 1.19
16
SEX
0446 1.23
1110 0.23
1747 1.23
2336 0.57
Junho
HORA ALT(m) HORA ALT(m)
01
DOM
0055 0.65
0657 1.14
1338 0.33
2019 1.11
17
TER
0114 0.58
0714 1.20
1340 0.30
2027 1.14
02
SEG
0201 0.69
0801 1.10
1444 0.41
2127 1.07
18
QUA
0216 0.58
0817 1.19
1453 0.35
2138 1.12
03
TER
0314 0.68
0904 1.08
1549 0.45
2225 1.07
19
QUI
0323 0.54
0927 1.20
1606 0.38
2242 1.13
04
QUA
0421 0.62
1012 1.09
1647 0.47
2312 1.10
20
SEX
0431 0.46
1040 1.24
1719 0.38
2334 1.17
05
QUI
0510 0.54
1117 1.12
1740 0.45
2355 1.15
21
SÁB
0536 0.35
1157 1.30
1825 0.35
06
SEX
0555 0.45
1214 1.18
1825 0.42
22
DOM
0023 1.22
0634 0.23
1306 1.38
1919 0.33
07
SÁB
0029 1.21
0634 0.36
1301 1.24
1904 0.39
23
SEG
0112 1.28
0729 0.13
1408 1.45
2006 0.32
08
DOM
0102 1.26
0712 0.27
1342 1.29
1944 0.35
24
TER
0157 1.33
0819 0.04
1501 1.49
2055 0.32
09
SEG
0136 1.31
0753 0.21
1425 1.34
2017 0.33
25
QUA
0244 1.37
0910 -0.02
1551 1.50
2132 0.35
10
TER
0214 1.34
0831 0.16
1506 1.38
2059 0.33
26
QUI
0331 1.39
1001 -0.03
1638 1.48
2212 0.39
11
QUA
0247 1.34
0910 0.13
1544 1.39
2136 0.36
27
SEX
0416 1.39
1047 0.00
1719 1.42
2257 0.43
12
QUI
0327 1.33
0949 0.12
1629 1.38
2210 0.40
28
SÁB
0501 1.36
1131 0.07
1801 1.34
2338 0.48
13
SEX
0406 1.31
1029 0.12
1710 1.35
2253 0.45
29
DOM
0547 1.32
1212 0.17
1842 1.25
14
SÁB
0446 1.28
1108 0.15
1751 1.30
2332 0.51
30
SEG
0019 0.52
0634 1.26
1257 0.28
1923 1.17
15
DOM
0529 1.25
1155 0.19
1838 1.24
16
SEG
0017 0.56
0617 1.22
1242 0.24
1927 1.18
Julho
HORA ALT(m) HORA ALT(m)
01
TER
0104 0.55
0719 1.19
1342 0.38
2006 1.10
17
QUI
0138 0.48
0742 1.25
1412 0.40
2027 1.08
02
QUA
0159 0.57
0808 1.13
1434 0.48
2053 1.06
18
SEX
0242 0.49
0851 1.20
1534 0.49
2142 1.05
03
QUI
0257 0.57
0902 1.08
1532 0.54
2151 1.05
19
SÁB
0355 0.46
1016 1.17
1702 0.54
2257 1.06
04
SEX
0357 0.55
1008 1.06
1636 0.57
2249 1.07
20
DOM
0514 0.39
1159 1.21
1819 0.52
05
SÁB
0459 0.50
1127 1.08
1740 0.55
2338 1.11
21
SEG
0001 1.11
0625 0.28
1319 1.30
1916 0.47
06
DOM
0557 0.43
1236 1.14
1836 0.51
22
TER
0059 1.20
0725 0.16
1417 1.39
2002 0.42
07
SEG
0025 1.17
0647 0.34
1331 1.22
1921 0.46
23
QUA
0151 1.29
0817 0.05
1502 1.45
2044 0.38
08
TER
0110 1.23
0732 0.25
1417 1.30
2004 0.40
24
QUI
0238 1.38
0904 -0.02
1544 1.48
2117 0.35
09
QUA
0151 1.29
0816 0.17
1459 1.37
2046 0.37
25
SEX
0321 1.44
0949 -0.05
1617 1.48
2157 0.33
10
QUI
0236 1.34
0859 0.10
1540 1.42
2119 0.35
26
SÁB
0402 1.47
1027 -0.03
1653 1.45
2229 0.33
11
SEX
0317 1.37
0940 0.05
1621 1.44
2201 0.35
27
DOM
0444 1.46
1102 0.04
1725 1.39
2304 0.34
12
SÁB
0359 1.39
1017 0.03
1657 1.43
2238 0.36
28
SEG
0523 1.42
1138 0.13
1755 1.31
2344 0.38
13
DOM
0438 1.39
1101 0.04
1736 1.39
2314 0.39
29
TER
0559 1.35
1208 0.25
1825 1.23
14
SEG
0519 1.38
1140 0.09
1812 1.32
2359 0.42
30
QUA
0017 0.42
0634 1.26
1242 0.37
1857 1.16
15
TER
0559 1.35
1221 0.17
1851 1.24
31
QUI
0059 0.47
0712 1.17
1319 0.49
1927 1.09
16
QUA
0046 0.45
0646 1.31
1310 0.28
1932 1.15
Agosto
HORA ALT(m) HORA ALT(m)
01
SEX
0146 0.52
0757 1.08
1412 0.59
2014 1.04
17
DOM
0332 0.48
1029 1.09
1712 0.68
2234 0.97
02
SÁB
0246 0.55
0901 1.01
1536 0.66
2125 1.01
18
SEG
0512 0.42
1231 1.16
1834 0.62
2359 1.05
03
DOM
0402 0.55
1046 1.00
1706 0.67
2246 1.03
19
TER
0631 0.30
1334 1.28
1919 0.54
04
SEG
0521 0.49
1229 1.08
1819 0.60
2355 1.09
20
QUA
0059 1.17
0727 0.17
1416 1.37
1959 0.45
05
TER
0627 0.39
1327 1.19
1908 0.52
21
QUI
0147 1.30
0812 0.05
1451 1.44
2027 0.37
06
QUA
0049 1.18
0719 0.27
1408 1.31
1953 0.42
22
SEX
0227 1.42
0853 -0.02
1519 1.48
2059 0.29
07
QUI
0138 1.28
0802 0.14
1446 1.41
2027 0.35
23
SÁB
0304 1.50
0927 -0.04
1549 1.49
2127 0.24
08
SEX
0223 1.38
0846 0.03
1523 1.49
2102 0.28
24
DOM
0344 1.54
1001 -0.02
1616 1.47
2201 0.21
09
SÁB
0302 1.46
0921 -0.04
1557 1.52
2140 0.25
25
SEG
0417 1.53
1029 0.04
1642 1.42
2232 0.22
10
DOM
0342 1.51
1002 -0.07
1632 1.51
2214 0.23
26
TER
0449 1.48
1059 0.13
1708 1.36
2302 0.25
11
SEG
0421 1.53
1042 -0.04
1704 1.45
2253 0.24
27
QUA
0521 1.40
1125 0.25
1732 1.28
2334 0.31
12
TER
0459 1.51
1116 0.03
1738 1.36
2331 0.28
28
QUI
0547 1.30
1155 0.37
1759 1.20
13
QUA
0538 1.45
1159 0.16
1810 1.26
29
SEX
0002 0.38
0619 1.19
1221 0.50
1827 1.12
14
QUI
0012 0.33
0621 1.37
1238 0.32
1846 1.15
30
SÁB
0038 0.46
0657 1.08
1259 0.63
1906 1.04
15
SEX
0101 0.40
0716 1.26
1332 0.49
1931 1.05
31
DOM
0131 0.53
0801 0.99
1425 0.74
2017 0.97
16
SÁB
0204 0.46
0827 1.14
1504 0.64
2046 0.97
DG6-62 Original
115
PORTO DE VITÓRIA (ESTADO DO ESPÍRITO SANTO) - 2025
Latitude 20° 19'.3 S Longitude 40° 20'.2 W Fuso UTC -03.0 horas
CODESA 34 Componentes Nível Médio 0.81 m Carta 1401
Setembro
HORA ALT(m) HORA ALT(m)
01
SEG
0304 0.57
1034 0.96
1651 0.74
2204 0.96
17
QUA
0631 0.29
1327 1.28
1908 0.53
02
TER
0457 0.52
1221 1.07
1810 0.65
2329 1.04
18
QUI
0051 1.20
0717 0.17
1357 1.36
1938 0.43
03
QUA
0610 0.40
1310 1.21
1857 0.53
19
SEX
0132 1.33
0757 0.08
1423 1.41
2002 0.32
04
QUI
0032 1.17
0701 0.25
1347 1.34
1929 0.41
20
SÁB
0208 1.45
0831 0.03
1446 1.46
2029 0.23
05
SEX
0119 1.31
0744 0.10
1421 1.46
2002 0.29
21
DOM
0244 1.52
0901 0.01
1510 1.48
2059 0.15
06
SÁB
0201 1.44
0821 -0.02
1453 1.53
2040 0.20
22
SEG
0317 1.56
0927 0.03
1536 1.48
2127 0.12
07
DOM
0242 1.55
0901 -0.10
1527 1.56
2110 0.13
23
TER
0347 1.54
0957 0.09
1559 1.45
2159 0.12
08
SEG
0321 1.62
0940 -0.11
1557 1.54
2151 0.10
24
QUA
0417 1.49
1021 0.17
1623 1.39
2229 0.17
09
TER
0359 1.63
1016 -0.06
1631 1.48
2225 0.11
25
QUI
0446 1.41
1053 0.28
1647 1.32
2255 0.24
10
QUA
0438 1.59
1057 0.06
1701 1.38
2304 0.16
26
SEX
0514 1.31
1116 0.40
1710 1.23
2323 0.32
11
QUI
0519 1.50
1131 0.22
1732 1.26
2347 0.24
27
SÁB
0542 1.20
1146 0.53
1736 1.14
2355 0.41
12
SEX
0602 1.37
1212 0.42
1804 1.14
28
DOM
0621 1.09
1210 0.66
1812 1.04
13
SÁB
0038 0.34
0655 1.22
1304 0.61
1849 1.02
29
SEG
0040 0.49
0727 0.99
1321 0.77
1931 0.96
14
DOM
0147 0.44
0832 1.08
1502 0.76
2016 0.93
30
TER
0217 0.56
1023 0.97
1634 0.77
2131 0.95
15
SEG
0331 0.48
1114 1.07
1744 0.73
2231 0.94
16
TER
0517 0.42
1244 1.18
1836 0.64
2357 1.05
Outubro
HORA ALT(m) HORA ALT(m)
01
QUA
0421 0.51
1155 1.09
1749 0.66
2301 1.04
17
SEX
0029 1.21
0657 0.22
1321 1.30
1906 0.41
02
QUI
0538 0.39
1238 1.22
1825 0.52
18
SÁB
0108 1.33
0732 0.17
1344 1.36
1932 0.30
03
SEX
0002 1.18
0631 0.23
1314 1.35
1901 0.38
19
DOM
0146 1.42
0801 0.13
1408 1.41
2001 0.19
04
SÁB
0051 1.34
0716 0.09
1347 1.46
1934 0.24
20
SEG
0219 1.48
0827 0.12
1432 1.44
2029 0.12
05
DOM
0136 1.49
0757 -0.02
1421 1.53
2008 0.12
21
TER
0249 1.51
0857 0.13
1457 1.45
2101 0.09
06
SEG
0217 1.60
0838 -0.08
1451 1.55
2047 0.04
22
QUA
0321 1.50
0921 0.17
1523 1.44
2131 0.09
07
TER
0259 1.67
0914 -0.07
1525 1.53
2123 0.00
23
QUI
0351 1.46
0955 0.23
1547 1.39
2201 0.13
08
QUA
0340 1.67
0957 0.00
1557 1.47
2202 0.02
24
SEX
0423 1.39
1023 0.33
1614 1.32
2231 0.20
09
QUI
0423 1.61
1032 0.14
1631 1.38
2247 0.08
25
SÁB
0453 1.30
1055 0.44
1640 1.24
2302 0.27
10
SEX
0510 1.49
1110 0.32
1702 1.26
2332 0.18
26
DOM
0527 1.20
1121 0.56
1710 1.15
2336 0.35
11
SÁB
0555 1.34
1157 0.51
1740 1.14
27
SEG
0614 1.11
1159 0.67
1747 1.07
12
DOM
0027 0.30
0704 1.18
1253 0.70
1831 1.02
28
TER
0025 0.43
0723 1.03
1314 0.76
1906 0.99
13
SEG
0144 0.41
0853 1.07
1519 0.80
2017 0.94
29
QUA
0144 0.49
0938 1.02
1527 0.76
2057 0.99
14
TER
0329 0.45
1112 1.09
1723 0.74
2212 0.97
30
QUI
0344 0.47
1104 1.10
1655 0.66
2216 1.07
15
QUA
0506 0.40
1221 1.17
1810 0.63
2336 1.08
31
SEX
0459 0.37
1157 1.21
1746 0.52
2323 1.20
16
QUI
0610 0.31
1255 1.24
1844 0.53
Novembro
HORA ALT(m) HORA ALT(m)
01
SÁB
0557 0.25
1234 1.31
1821 0.37
17
SEG
0119 1.34
0727 0.28
1329 1.33
1929 0.22
02
DOM
0019 1.35
0647 0.14
1310 1.40
1901 0.22
18
TER
0155 1.39
0757 0.25
1355 1.38
2002 0.15
03
SEG
0110 1.49
0731 0.06
1344 1.46
1942 0.09
19
QUA
0231 1.42
0827 0.25
1425 1.40
2036 0.11
04
TER
0157 1.59
0812 0.02
1419 1.49
2021 0.00
20
QUI
0304 1.43
0901 0.26
1453 1.40
2110 0.10
05
QUA
0242 1.64
0857 0.04
1455 1.49
2104 -0.04
21
SEX
0338 1.41
0934 0.31
1525 1.37
2146 0.12
06
QUI
0329 1.64
0936 0.12
1532 1.44
2151 -0.03
22
SÁB
0416 1.37
1006 0.37
1557 1.32
2219 0.16
07
SEX
0419 1.57
1016 0.25
1610 1.37
2238 0.03
23
DOM
0449 1.31
1044 0.45
1631 1.26
2257 0.21
08
SÁB
0510 1.46
1101 0.40
1649 1.28
2327 0.12
24
SEG
0531 1.24
1116 0.54
1706 1.19
2334 0.27
09
DOM
0602 1.33
1147 0.56
1738 1.17
25
TER
0617 1.17
1159 0.62
1749 1.14
10
SEG
0023 0.24
0708 1.20
1249 0.69
1840 1.08
26
QUA
0019 0.33
0712 1.11
1259 0.68
1849 1.09
11
TER
0136 0.35
0834 1.10
1427 0.76
2002 1.03
27
QUI
0121 0.38
0829 1.08
1416 0.69
2014 1.08
12
QUA
0302 0.41
1008 1.08
1625 0.73
2131 1.03
28
SEX
0247 0.41
0957 1.09
1536 0.63
2129 1.12
13
QUI
0425 0.41
1117 1.11
1719 0.64
2251 1.09
29
SÁB
0408 0.38
1101 1.15
1646 0.52
2242 1.20
14
SEX
0534 0.38
1202 1.16
1759 0.54
2353 1.18
30
DOM
0517 0.33
1151 1.22
1742 0.39
2349 1.31
15
SÁB
0623 0.34
1232 1.21
1827 0.43
16
DOM
0040 1.26
0659 0.31
1301 1.27
1859 0.32
Dezembro
HORA ALT(m) HORA ALT(m)
01
SEG
0616 0.26
1232 1.29
1831 0.24
17
QUA
0140 1.27
0732 0.40
1327 1.28
1944 0.21
02
TER
0049 1.42
0708 0.21
1314 1.35
1917 0.11
18
QUI
0221 1.33
0806 0.36
1401 1.33
2021 0.15
03
QUA
0144 1.51
0759 0.18
1353 1.40
2006 0.01
19
SEX
0257 1.37
0847 0.34
1438 1.36
2101 0.11
04
QUI
0238 1.57
0844 0.19
1436 1.42
2057 -0.05
20
SÁB
0336 1.40
0919 0.34
1516 1.36
2138 0.09
05
SEX
0331 1.58
0923 0.24
1519 1.42
2146 -0.06
21
DOM
0414 1.40
0959 0.37
1551 1.35
2214 0.09
06
SÁB
0421 1.54
1006 0.32
1602 1.39
2234 -0.02
22
SEG
0449 1.38
1034 0.41
1629 1.33
2253 0.12
07
DOM
0510 1.47
1053 0.41
1649 1.34
2321 0.05
23
TER
0529 1.33
1108 0.46
1706 1.30
2329 0.16
08
SEG
0559 1.37
1136 0.51
1738 1.27
24
QUA
0604 1.27
1149 0.51
1744 1.26
09
TER
0014 0.15
0651 1.25
1227 0.60
1832 1.20
25
QUI
0008 0.21
0646 1.21
1234 0.54
1831 1.23
10
QUA
0110 0.27
0747 1.15
1325 0.65
1934 1.14
26
SEX
0055 0.29
0731 1.14
1329 0.56
1931 1.19
11
QUI
0212 0.37
0853 1.08
1432 0.67
2038 1.10
27
SÁB
0153 0.37
0831 1.09
1434 0.56
2042 1.17
12
SEX
0319 0.45
0959 1.06
1546 0.64
2146 1.09
28
DOM
0317 0.43
0947 1.08
1547 0.51
2159 1.18
13
SÁB
0425 0.49
1055 1.07
1651 0.57
2259 1.10
29
SEG
0442 0.45
1059 1.10
1701 0.42
2325 1.23
14
DOM
0529 0.50
1138 1.11
1740 0.48
30
TER
0559 0.43
1159 1.16
1806 0.29
15
SEG
0004 1.15
0617 0.47
1214 1.16
1821 0.38
31
QUA
0046 1.32
0701 0.38
1251 1.23
1906 0.16
16
TER
0057 1.21
0657 0.44
1251 1.23
1902 0.29
DG6-62 Original
