116
ILHA DA TRINDADE (BRASIL) - 2025
Latitude 20° 30'.4 S Longitude 29° 18'.5 W Fuso UTC -02.0 horas
DHN 54 Componentes Nível Médio 0.67 m Carta 21
Janeiro
HORA ALT(m) HORA ALT(m)
01
QUA
0547 1.02
1146 0.10
1738 1.01
17
SEX
0044 0.01
0647 1.00
1238 0.21
1844 1.07
02
QUI
0002 -0.08
0621 1.02
1223 0.11
1816 1.01
18
SÁB
0116 0.07
0717 0.96
1310 0.24
1914 1.02
03
SEX
0046 -0.08
0702 1.00
1302 0.14
1857 0.99
19
DOM
0151 0.14
0753 0.92
1346 0.28
1953 0.95
04
SÁB
0127 -0.04
0746 0.95
1347 0.18
1940 0.96
20
SEG
0229 0.22
0825 0.87
1432 0.33
2040 0.88
05
DOM
0214 0.01
0827 0.89
1440 0.22
2034 0.91
21
TER
0317 0.31
0910 0.82
1531 0.37
2140 0.82
06
SEG
0312 0.09
0919 0.83
1542 0.24
2140 0.87
22
QUA
0421 0.39
1016 0.78
1649 0.39
2301 0.79
07
TER
0423 0.16
1029 0.78
1655 0.24
2259 0.84
23
QUI
0540 0.43
1132 0.79
1806 0.37
08
QUA
0542 0.22
1142 0.77
1806 0.20
24
SEX
0040 0.82
0702 0.42
1257 0.83
1923 0.31
09
QUI
0021 0.86
0659 0.24
1255 0.80
1916 0.14
25
SÁB
0155 0.89
0804 0.38
1357 0.91
2019 0.23
10
SEX
0134 0.90
0802 0.23
1353 0.86
2016 0.07
26
DOM
0251 0.98
0857 0.32
1446 1.00
2104 0.16
11
SÁB
0240 0.95
0859 0.22
1446 0.93
2110 0.01
27
SEG
0334 1.07
0940 0.26
1527 1.09
2149 0.09
12
DOM
0334 1.00
0946 0.20
1531 0.99
2201 -0.03
28
TER
0414 1.15
1017 0.21
1606 1.17
2229 0.03
13
SEG
0421 1.03
1027 0.19
1614 1.05
2249 -0.06
29
QUA
0453 1.22
1055 0.17
1647 1.24
2306 -0.02
14
TER
0502 1.05
1102 0.18
1655 1.09
2329 -0.06
30
QUI
0529 1.26
1132 0.16
1723 1.28
2347 -0.03
15
QUA
0542 1.05
1136 0.18
1729 1.11
31
SEX
0604 1.27
1208 0.17
1801 1.29
16
QUI
0008 -0.03
0612 1.04
1208 0.19
1806 1.10
Fevereiro
HORA ALT(m) HORA ALT(m)
01
SÁB
0027 -0.01
0640 1.24
1242 0.19
1840 1.28
17
SEG
0101 0.32
0702 1.16
1259 0.39
1908 1.19
02
DOM
0108 0.05
0716 1.18
1323 0.24
1917 1.22
18
TER
0131 0.41
0732 1.11
1332 0.45
1944 1.11
03
SEG
0151 0.15
0759 1.10
1408 0.30
2008 1.14
19
QUA
0204 0.51
0802 1.05
1419 0.51
2038 1.02
04
TER
0242 0.28
0840 1.01
1502 0.36
2108 1.05
20
QUI
0257 0.61
0849 0.98
1531 0.57
2155 0.95
05
QUA
0349 0.41
0938 0.93
1614 0.41
2231 0.97
21
SEX
0421 0.68
1010 0.94
1712 0.59
06
QUI
0514 0.51
1102 0.88
1747 0.41
22
SÁB
0001 0.95
0629 0.68
1217 0.96
1849 0.53
07
SEX
0017 0.96
0659 0.53
1246 0.91
1917 0.36
23
DOM
0142 1.04
0742 0.61
1334 1.06
1959 0.43
08
SÁB
0149 1.02
0814 0.51
1353 0.99
2021 0.27
24
SEG
0231 1.16
0836 0.51
1423 1.18
2044 0.32
09
DOM
0251 1.09
0906 0.46
1444 1.09
2112 0.20
25
TER
0308 1.27
0916 0.42
1504 1.30
2125 0.23
10
SEG
0334 1.15
0946 0.41
1525 1.18
2157 0.16
26
QUA
0347 1.37
0953 0.34
1546 1.41
2202 0.14
11
TER
0410 1.20
1017 0.37
1602 1.26
2234 0.13
27
QUI
0423 1.44
1029 0.29
1621 1.49
2244 0.10
12
QUA
0444 1.23
1044 0.34
1638 1.31
2306 0.13
28
SEX
0501 1.49
1104 0.26
1701 1.54
2321 0.09
13
QUI
0514 1.25
1114 0.32
1708 1.34
2338 0.15
14
SEX
0546 1.25
1140 0.32
1740 1.33
15
SÁB
0006 0.19
0608 1.23
1204 0.33
1810 1.31
16
DOM
0032 0.25
0636 1.20
1229 0.35
1842 1.26
Março
HORA ALT(m) HORA ALT(m)
01
SÁB
0534 1.49
1140 0.25
1736 1.56
17
SEG
0601 1.34
1201 0.41
1812 1.37
02
DOM
0001 0.13
0608 1.45
1216 0.27
1816 1.52
18
TER
0023 0.45
0625 1.29
1229 0.45
1844 1.29
03
SEG
0042 0.22
0647 1.38
1255 0.32
1859 1.44
19
QUA
0049 0.53
0651 1.23
1302 0.50
1914 1.20
04
TER
0123 0.35
0723 1.28
1340 0.39
1946 1.32
20
QUI
0121 0.63
0723 1.16
1346 0.57
2004 1.10
05
QUA
0212 0.50
0804 1.18
1434 0.47
2049 1.19
21
SEX
0212 0.72
0804 1.08
1449 0.64
2119 1.02
06
QUI
0317 0.64
0859 1.08
1549 0.54
2217 1.09
22
SÁB
0351 0.79
0927 1.01
1640 0.66
2344 1.02
07
SEX
0457 0.74
1027 1.02
1736 0.56
23
DOM
0601 0.78
1142 1.02
1825 0.60
08
SÁB
0023 1.08
0657 0.74
1234 1.05
1916 0.50
24
SEG
0117 1.13
0717 0.68
1306 1.12
1936 0.48
09
DOM
0151 1.15
0808 0.67
1344 1.14
2012 0.41
25
TER
0202 1.24
0808 0.57
1359 1.24
2016 0.36
10
SEG
0238 1.23
0853 0.60
1427 1.25
2059 0.34
26
QUA
0242 1.35
0849 0.46
1440 1.37
2057 0.26
11
TER
0312 1.29
0925 0.53
1506 1.34
2134 0.29
27
QUI
0314 1.43
0923 0.37
1517 1.48
2138 0.18
12
QUA
0344 1.33
0951 0.47
1544 1.41
2206 0.27
28
SEX
0353 1.49
0959 0.30
1559 1.56
2216 0.14
13
QUI
0412 1.37
1017 0.43
1614 1.46
2236 0.27
29
SÁB
0427 1.51
1036 0.26
1636 1.60
2257 0.16
14
SEX
0444 1.38
1042 0.40
1646 1.48
2302 0.29
30
DOM
0504 1.50
1114 0.24
1716 1.59
2336 0.22
15
SÁB
0508 1.38
1110 0.38
1714 1.47
2329 0.32
31
SEG
0542 1.45
1153 0.25
1759 1.53
16
DOM
0536 1.37
1134 0.39
1744 1.43
2355 0.38
Abril
HORA ALT(m) HORA ALT(m)
01
TER
0016 0.32
0614 1.38
1234 0.30
1842 1.43
17
QUI
0025 0.47
0629 1.16
1249 0.38
1906 1.12
02
QUA
0059 0.45
0655 1.28
1321 0.37
1931 1.29
18
SEX
0104 0.55
0704 1.09
1338 0.43
2001 1.03
03
QUI
0147 0.58
0738 1.18
1417 0.45
2038 1.15
19
SÁB
0206 0.62
0757 1.02
1442 0.48
2112 0.97
04
SEX
0255 0.71
0827 1.08
1534 0.52
2210 1.05
20
DOM
0336 0.66
0912 0.95
1614 0.49
2310 0.98
05
SÁB
0432 0.78
1002 1.02
1721 0.54
21
SEG
0521 0.64
1059 0.96
1749 0.44
06
DOM
0012 1.05
0632 0.75
1204 1.04
1853 0.48
22
TER
0032 1.06
0640 0.54
1229 1.04
1857 0.33
07
SEG
0121 1.11
0734 0.66
1312 1.12
1949 0.40
23
QUA
0123 1.15
0727 0.43
1321 1.15
1947 0.22
08
TER
0202 1.18
0819 0.57
1359 1.21
2025 0.34
24
QUI
0202 1.23
0812 0.32
1406 1.26
2027 0.14
09
QUA
0232 1.23
0847 0.49
1438 1.29
2101 0.30
25
SEX
0242 1.29
0853 0.23
1453 1.35
2110 0.09
10
QUI
0302 1.27
0912 0.42
1510 1.34
2131 0.27
26
SÁB
0319 1.32
0931 0.16
1534 1.40
2155 0.08
11
SEX
0332 1.30
0938 0.36
1544 1.38
2159 0.27
27
DOM
0401 1.33
1012 0.11
1617 1.42
2234 0.11
12
SÁB
0402 1.32
1006 0.32
1614 1.39
2225 0.27
28
SEG
0440 1.31
1057 0.09
1702 1.39
2319 0.18
13
DOM
0431 1.32
1036 0.30
1647 1.38
2253 0.30
29
TER
0516 1.26
1142 0.10
1751 1.32
14
SEG
0459 1.31
1104 0.29
1719 1.34
2321 0.34
30
QUA
0002 0.28
0559 1.20
1229 0.14
1838 1.21
15
TER
0527 1.27
1136 0.30
1753 1.28
2351 0.40
16
QUA
0557 1.23
1210 0.33
1827 1.20
DG6-62 Original
117
ILHA DA TRINDADE (BRASIL) - 2025
Latitude 20° 30'.4 S Longitude 29° 18'.5 W Fuso UTC -02.0 horas
DHN 54 Componentes Nível Médio 0.67 m Carta 21
Maio
HORA ALT(m) HORA ALT(m)
01
QUI
0047 0.38
0640 1.12
1319 0.20
1929 1.08
17
SÁB
0057 0.34
0659 0.95
1329 0.18
1957 0.90
02
SEX
0142 0.48
0723 1.03
1419 0.26
2036 0.97
18
DOM
0157 0.38
0749 0.90
1425 0.20
2059 0.86
03
SÁB
0246 0.57
0817 0.95
1531 0.33
2159 0.89
19
SEG
0308 0.40
0853 0.85
1536 0.21
2216 0.86
04
DOM
0408 0.60
0946 0.89
1659 0.35
2340 0.89
20
TER
0423 0.39
1008 0.85
1659 0.19
2332 0.90
05
SEG
0551 0.57
1125 0.89
1814 0.32
21
QUA
0544 0.32
1134 0.89
1810 0.13
06
TER
0040 0.92
0651 0.50
1234 0.94
1908 0.28
22
QUI
0032 0.95
0642 0.23
1242 0.97
1908 0.06
07
QUA
0117 0.96
0731 0.42
1321 0.99
1951 0.24
23
SEX
0121 1.01
0731 0.14
1334 1.05
1959 0.01
08
QUI
0153 1.00
0806 0.34
1402 1.05
2021 0.21
24
SÁB
0204 1.05
0819 0.05
1425 1.12
2046 -0.01
09
SEX
0221 1.04
0834 0.27
1440 1.09
2053 0.19
25
DOM
0249 1.08
0904 -0.03
1516 1.16
2134 -0.00
10
SÁB
0253 1.07
0902 0.21
1514 1.12
2125 0.18
26
SEG
0334 1.08
0953 -0.07
1606 1.16
2219 0.03
11
DOM
0323 1.09
0932 0.16
1551 1.13
2155 0.18
27
TER
0417 1.08
1046 -0.10
1657 1.14
2306 0.09
12
SEG
0355 1.09
1008 0.13
1625 1.12
2223 0.19
28
QUA
0502 1.06
1136 -0.10
1749 1.08
2353 0.16
13
TER
0429 1.09
1042 0.12
1702 1.09
2255 0.22
29
QUI
0547 1.03
1227 -0.08
1836 1.00
14
QUA
0502 1.07
1117 0.12
1742 1.05
2331 0.26
30
SEX
0044 0.22
0631 0.98
1319 -0.03
1925 0.91
15
QUI
0538 1.04
1157 0.13
1819 1.00
31
SÁB
0132 0.29
0717 0.92
1412 0.03
2021 0.83
16
SEX
0012 0.30
0616 1.00
1242 0.15
1902 0.95
Junho
HORA ALT(m) HORA ALT(m)
01
DOM
0225 0.33
0808 0.86
1508 0.09
2119 0.77
17
TER
0240 0.23
0825 0.84
1502 0.04
2127 0.80
02
SEG
0327 0.36
0912 0.79
1612 0.14
2236 0.74
18
QUA
0342 0.23
0929 0.82
1614 0.07
2238 0.79
03
TER
0436 0.36
1025 0.76
1714 0.17
2334 0.74
19
QUI
0449 0.21
1040 0.81
1725 0.08
2340 0.80
04
QUA
0547 0.33
1146 0.76
1816 0.17
20
SEX
0557 0.16
1201 0.84
1838 0.07
05
QUI
0025 0.76
0636 0.27
1244 0.78
1904 0.16
21
SÁB
0040 0.83
0655 0.09
1306 0.90
1934 0.06
06
SEX
0104 0.79
0719 0.21
1329 0.81
1949 0.14
22
DOM
0134 0.87
0753 0.01
1408 0.95
2027 0.05
07
SÁB
0146 0.83
0801 0.15
1414 0.85
2023 0.13
23
SEG
0225 0.91
0849 -0.06
1508 0.99
2121 0.06
08
DOM
0219 0.86
0840 0.10
1459 0.88
2102 0.12
24
TER
0314 0.95
0944 -0.11
1602 1.01
2208 0.08
09
SEG
0257 0.88
0917 0.05
1540 0.90
2138 0.12
25
QUA
0402 0.99
1038 -0.15
1653 1.02
2253 0.10
10
TER
0336 0.91
0955 0.02
1619 0.91
2214 0.12
26
QUI
0451 1.02
1127 -0.16
1740 1.00
2342 0.12
11
QUA
0414 0.93
1038 -0.00
1701 0.92
2249 0.14
27
SEX
0532 1.03
1216 -0.15
1821 0.96
12
QUI
0455 0.94
1114 -0.02
1740 0.91
2331 0.15
28
SÁB
0023 0.15
0616 1.01
1301 -0.11
1904 0.91
13
SEX
0531 0.94
1155 -0.03
1816 0.90
29
DOM
0102 0.18
0659 0.98
1344 -0.05
1947 0.85
14
SÁB
0012 0.17
0610 0.92
1236 -0.03
1859 0.88
30
SEG
0147 0.22
0740 0.92
1427 0.03
2029 0.80
15
DOM
0053 0.19
0651 0.90
1317 -0.01
1944 0.85
16
SEG
0144 0.21
0734 0.87
1406 0.01
2031 0.82
Julho
HORA ALT(m) HORA ALT(m)
01
TER
0229 0.26
0821 0.85
1512 0.11
2116 0.75
17
QUI
0302 0.26
0859 0.94
1538 0.18
2149 0.84
02
QUA
0317 0.28
0916 0.79
1608 0.18
2214 0.72
18
SEX
0406 0.29
1006 0.89
1657 0.26
2301 0.82
03
QUI
0416 0.30
1019 0.74
1706 0.22
2312 0.72
19
SÁB
0523 0.28
1140 0.88
1819 0.29
04
SEX
0525 0.29
1144 0.72
1814 0.25
20
DOM
0016 0.83
0636 0.23
1302 0.91
1929 0.29
05
SÁB
0012 0.74
0625 0.25
1255 0.75
1910 0.24
21
SEG
0123 0.89
0753 0.16
1416 0.97
2031 0.28
06
DOM
0106 0.78
0731 0.20
1357 0.79
2002 0.23
22
TER
0219 0.96
0853 0.08
1516 1.03
2123 0.26
07
SEG
0157 0.82
0823 0.14
1449 0.85
2049 0.21
23
QUA
0310 1.04
0946 0.02
1602 1.08
2206 0.24
08
TER
0242 0.88
0910 0.09
1534 0.90
2131 0.18
24
QUI
0359 1.11
1034 -0.03
1646 1.10
2246 0.24
09
QUA
0325 0.93
0953 0.04
1616 0.95
2210 0.16
25
SEX
0440 1.16
1116 -0.04
1723 1.11
2325 0.23
10
QUI
0406 0.99
1036 -0.00
1655 0.99
2249 0.15
26
SÁB
0516 1.20
1157 -0.02
1801 1.10
2357 0.24
11
SEX
0449 1.03
1110 -0.04
1732 1.02
2331 0.14
27
DOM
0555 1.20
1232 0.02
1831 1.07
12
SÁB
0523 1.06
1149 -0.05
1806 1.04
28
SEG
0029 0.26
0629 1.17
1304 0.09
1904 1.03
13
DOM
0006 0.15
0601 1.07
1225 -0.05
1844 1.03
29
TER
0059 0.29
0702 1.12
1336 0.17
1938 0.98
14
SEG
0042 0.16
0640 1.07
1304 -0.03
1921 1.00
30
QUA
0134 0.33
0736 1.05
1412 0.26
2010 0.93
15
TER
0125 0.19
0716 1.04
1347 0.02
2004 0.95
31
QUI
0214 0.38
0816 0.97
1453 0.36
2055 0.88
16
QUA
0210 0.23
0802 1.00
1436 0.10
2051 0.90
Agosto
HORA ALT(m) HORA ALT(m)
01
SEX
0304 0.43
0904 0.89
1553 0.45
2151 0.84
17
DOM
0504 0.47
1140 1.01
1821 0.58
02
SÁB
0412 0.46
1016 0.83
1712 0.50
2308 0.83
18
SEG
0010 0.97
0640 0.43
1321 1.06
1940 0.55
03
DOM
0538 0.46
1221 0.83
1846 0.50
19
TER
0127 1.05
0801 0.34
1429 1.15
2040 0.50
04
SEG
0034 0.87
0701 0.41
1349 0.90
1944 0.46
20
QUA
0219 1.15
0855 0.25
1514 1.22
2121 0.45
05
TER
0138 0.95
0808 0.33
1440 0.99
2036 0.41
21
QUI
0306 1.25
0940 0.19
1553 1.27
2157 0.41
06
QUA
0227 1.04
0857 0.25
1519 1.08
2117 0.35
22
SEX
0347 1.34
1019 0.15
1625 1.29
2229 0.38
07
QUI
0308 1.13
0938 0.18
1557 1.17
2155 0.29
23
SÁB
0423 1.39
1057 0.15
1659 1.31
2257 0.37
08
SEX
0351 1.22
1014 0.11
1632 1.23
2232 0.25
24
DOM
0459 1.42
1127 0.18
1729 1.30
2327 0.36
09
SÁB
0427 1.29
1051 0.06
1706 1.28
2308 0.23
25
SEG
0529 1.41
1157 0.23
1759 1.28
2355 0.38
10
DOM
0504 1.35
1125 0.04
1742 1.30
2344 0.23
26
TER
0602 1.38
1225 0.29
1821 1.24
11
SEG
0540 1.37
1202 0.05
1814 1.29
27
QUA
0021 0.41
0632 1.32
1251 0.37
1851 1.18
12
TER
0019 0.25
0617 1.36
1242 0.10
1853 1.24
28
QUI
0049 0.46
0701 1.24
1319 0.47
1919 1.13
13
QUA
0057 0.28
0657 1.32
1321 0.18
1931 1.17
29
SEX
0125 0.52
0731 1.15
1349 0.57
1953 1.06
14
QUI
0142 0.34
0740 1.25
1408 0.30
2012 1.09
30
SÁB
0212 0.58
0816 1.05
1440 0.67
2036 1.00
15
SEX
0232 0.40
0834 1.15
1510 0.43
2106 1.01
31
DOM
0317 0.64
0925 0.97
1616 0.75
2208 0.95
16
SÁB
0338 0.45
0947 1.05
1638 0.54
2227 0.96
DG6-62 Original
118
ILHA DA TRINDADE (BRASIL) - 2025
Latitude 20° 30'.4 S Longitude 29° 18'.5 W Fuso UTC -02.0 horas
DHN 54 Componentes Nível Médio 0.67 m Carta 21
Setembro
HORA ALT(m) HORA ALT(m)
01
SEG
0501 0.66
1225 0.95
1831 0.74
17
QUA
0114 1.17
0753 0.42
1416 1.24
2025 0.59
02
TER
0016 0.99
0646 0.61
1347 1.05
1934 0.66
18
QUI
0204 1.27
0838 0.34
1453 1.30
2101 0.52
03
QUA
0123 1.08
0757 0.51
1423 1.16
2021 0.57
19
SEX
0247 1.37
0917 0.29
1521 1.35
2129 0.46
04
QUI
0208 1.20
0838 0.40
1457 1.26
2059 0.48
20
SÁB
0323 1.44
0955 0.26
1553 1.38
2155 0.42
05
SEX
0249 1.31
0912 0.31
1529 1.35
2131 0.41
21
DOM
0359 1.48
1023 0.26
1621 1.39
2223 0.39
06
SÁB
0325 1.41
0949 0.23
1602 1.42
2204 0.35
22
SEG
0429 1.50
1053 0.28
1653 1.38
2251 0.38
07
DOM
0402 1.50
1021 0.17
1636 1.47
2238 0.32
23
TER
0502 1.48
1117 0.32
1717 1.36
2321 0.39
08
SEG
0440 1.55
1059 0.15
1708 1.48
2314 0.30
24
QUA
0534 1.44
1144 0.38
1747 1.32
2347 0.42
09
TER
0514 1.57
1136 0.18
1746 1.45
2349 0.31
25
QUI
0604 1.37
1212 0.45
1810 1.26
10
QUA
0555 1.55
1214 0.25
1817 1.39
26
SEX
0019 0.46
0634 1.28
1240 0.54
1840 1.19
11
QUI
0029 0.35
0634 1.49
1255 0.35
1859 1.30
27
SÁB
0055 0.52
0706 1.19
1312 0.63
1912 1.12
12
SEX
0114 0.41
0717 1.38
1342 0.49
1942 1.21
28
DOM
0144 0.59
0753 1.08
1357 0.73
1959 1.04
13
SÁB
0206 0.48
0816 1.25
1446 0.64
2029 1.11
29
SEG
0251 0.65
0904 0.99
1549 0.79
2131 0.98
14
DOM
0317 0.55
0932 1.13
1621 0.74
2202 1.04
30
TER
0436 0.67
1204 0.99
1808 0.76
2349 1.00
15
SEG
0457 0.57
1151 1.09
1825 0.74
16
TER
0002 1.07
0642 0.52
1325 1.16
1936 0.67
Outubro
HORA ALT(m) HORA ALT(m)
01
QUA
0623 0.61
1314 1.08
1908 0.66
17
SEX
0140 1.17
0810 0.30
1417 1.17
2031 0.43
02
QUI
0059 1.10
0729 0.50
1353 1.19
1953 0.56
18
SÁB
0217 1.25
0849 0.26
1449 1.21
2057 0.37
03
SEX
0144 1.21
0806 0.39
1425 1.29
2029 0.45
19
DOM
0257 1.30
0919 0.24
1514 1.24
2119 0.31
04
SÁB
0219 1.32
0844 0.29
1459 1.37
2102 0.36
20
SEG
0329 1.32
0951 0.24
1546 1.25
2147 0.28
05
DOM
0301 1.42
0919 0.21
1531 1.42
2134 0.30
21
TER
0402 1.33
1016 0.25
1612 1.25
2217 0.26
06
SEG
0338 1.50
0959 0.16
1604 1.45
2212 0.25
22
QUA
0434 1.31
1042 0.27
1644 1.23
2247 0.26
07
TER
0416 1.54
1034 0.16
1642 1.44
2249 0.24
23
QUI
0510 1.27
1110 0.31
1710 1.20
2319 0.27
08
QUA
0457 1.54
1114 0.20
1716 1.39
2329 0.24
24
SEX
0544 1.22
1140 0.36
1742 1.15
2355 0.30
09
QUI
0538 1.50
1153 0.28
1755 1.33
25
SÁB
0617 1.14
1212 0.43
1812 1.09
10
SEX
0012 0.28
0621 1.41
1238 0.40
1832 1.24
26
DOM
0038 0.35
0657 1.06
1247 0.50
1851 1.02
11
SÁB
0102 0.34
0710 1.29
1327 0.53
1916 1.14
27
SEG
0127 0.40
0744 0.97
1342 0.56
1946 0.95
12
DOM
0201 0.40
0810 1.15
1434 0.65
2010 1.05
28
TER
0229 0.44
0853 0.91
1510 0.61
2101 0.89
13
SEG
0314 0.47
0932 1.03
1614 0.72
2149 0.98
29
QUA
0351 0.46
1031 0.89
1657 0.59
2238 0.89
14
TER
0455 0.49
1149 1.02
1812 0.69
2346 1.01
30
QUI
0523 0.42
1210 0.95
1817 0.49
15
QUA
0627 0.44
1304 1.07
1914 0.60
31
SEX
0006 0.96
0636 0.33
1302 1.04
1906 0.38
16
QUI
0053 1.09
0731 0.37
1349 1.13
1957 0.52
Novembro
HORA ALT(m) HORA ALT(m)
01
SÁB
0101 1.06
0727 0.23
1344 1.12
1949 0.28
17
SEG
0229 1.02
0849 0.16
1444 0.98
2053 0.16
02
DOM
0147 1.16
0808 0.14
1419 1.19
2027 0.18
18
TER
0306 1.04
0923 0.16
1512 1.00
2121 0.12
03
SEG
0229 1.25
0851 0.07
1459 1.23
2104 0.11
19
QUA
0344 1.05
0951 0.16
1546 1.01
2153 0.10
04
TER
0312 1.31
0934 0.04
1536 1.24
2146 0.06
20
QUI
0419 1.04
1019 0.17
1616 1.00
2231 0.09
05
QUA
0359 1.34
1016 0.05
1616 1.23
2231 0.03
21
SEX
0459 1.02
1051 0.19
1651 0.99
2306 0.09
06
QUI
0444 1.33
1059 0.11
1657 1.20
2317 0.03
22
SÁB
0536 0.99
1127 0.22
1723 0.97
2346 0.10
07
SEX
0532 1.28
1146 0.18
1738 1.14
23
DOM
0610 0.95
1159 0.25
1801 0.93
08
SÁB
0008 0.06
0621 1.20
1234 0.28
1819 1.07
24
SEG
0027 0.12
0651 0.90
1238 0.29
1842 0.89
09
DOM
0104 0.11
0712 1.09
1325 0.38
1908 0.99
25
TER
0112 0.14
0732 0.85
1329 0.32
1927 0.84
10
SEG
0204 0.17
0812 0.97
1429 0.46
2006 0.92
26
QUA
0204 0.17
0825 0.81
1434 0.35
2023 0.80
11
TER
0312 0.22
0923 0.87
1553 0.51
2132 0.86
27
QUI
0304 0.19
0925 0.78
1549 0.35
2140 0.78
12
QUA
0434 0.26
1104 0.84
1727 0.49
2302 0.85
28
SEX
0419 0.19
1049 0.79
1708 0.30
2257 0.81
13
QUI
0549 0.25
1216 0.86
1831 0.42
29
SÁB
0532 0.16
1159 0.84
1810 0.22
14
SEX
0014 0.89
0653 0.23
1304 0.89
1916 0.34
30
DOM
0008 0.87
0642 0.10
1255 0.89
1904 0.13
15
SÁB
0106 0.94
0740 0.20
1342 0.92
1953 0.27
16
DOM
0153 0.99
0814 0.18
1410 0.96
2025 0.21
Dezembro
HORA ALT(m) HORA ALT(m)
01
SEG
0106 0.95
0734 0.05
1342 0.95
1953 0.04
17
QUA
0253 0.85
0904 0.14
1453 0.85
2108 0.04
02
TER
0201 1.03
0823 -0.00
1425 0.99
2040 -0.04
18
QUI
0336 0.88
0940 0.13
1529 0.88
2149 0.01
03
QUA
0255 1.09
0914 -0.01
1510 1.02
2125 -0.10
19
SEX
0416 0.91
1016 0.12
1606 0.91
2231 -0.01
04
QUI
0346 1.12
1002 -0.01
1557 1.04
2217 -0.14
20
SÁB
0457 0.92
1049 0.12
1646 0.93
2306 -0.03
05
SEX
0436 1.12
1047 0.03
1642 1.04
2310 -0.16
21
DOM
0534 0.92
1129 0.13
1719 0.94
2344 -0.03
06
SÁB
0529 1.09
1138 0.07
1725 1.02
22
SEG
0606 0.92
1201 0.14
1757 0.93
07
DOM
0004 -0.15
0616 1.04
1225 0.13
1810 0.99
23
TER
0021 -0.02
0642 0.90
1234 0.15
1834 0.91
08
SEG
0059 -0.11
0704 0.96
1310 0.19
1859 0.94
24
QUA
0101 -0.01
0717 0.88
1314 0.18
1912 0.89
09
TER
0151 -0.05
0755 0.88
1401 0.24
1949 0.88
25
QUI
0142 0.02
0801 0.84
1401 0.21
1959 0.85
10
QUA
0246 0.02
0847 0.79
1459 0.29
2049 0.81
26
SEX
0227 0.07
0846 0.80
1457 0.23
2055 0.82
11
QUI
0346 0.09
0947 0.73
1604 0.31
2201 0.76
27
SÁB
0325 0.11
0940 0.77
1604 0.23
2202 0.80
12
SEX
0449 0.14
1059 0.71
1719 0.29
2317 0.74
28
DOM
0440 0.15
1055 0.76
1719 0.21
2323 0.81
13
SÁB
0551 0.17
1159 0.71
1816 0.25
29
SEG
0559 0.16
1206 0.77
1823 0.14
14
DOM
0021 0.76
0651 0.18
1251 0.74
1906 0.19
30
TER
0038 0.86
0708 0.15
1312 0.82
1927 0.07
15
SEG
0116 0.79
0740 0.17
1334 0.77
1951 0.14
31
QUA
0147 0.92
0810 0.12
1406 0.88
2025 -0.02
16
TER
0206 0.82
0821 0.16
1414 0.81
2031 0.09
DG6-62 Original
