119
TERMINAL DA PONTA DO UBU (ESTADO DO ESPÍRITO SANTO) - 2025
Latitude 20° 47'.3 S Longitude 40° 34'.2 W Fuso UTC -03.0 horas
UMISAN 37 Componentes Nível Médio 0.84 m Carta 1404
Janeiro
HORA ALT(m) HORA ALT(m)
01
QUA
0406 1.49
1010 0.37
1551 1.46
2225 0.06
17
SEX
0455 1.40
1053 0.40
1657 1.46
2329 0.21
02
QUI
0442 1.45
1049 0.41
1631 1.45
2310 0.11
18
SÁB
0523 1.33
1123 0.43
1732 1.39
03
SEX
0519 1.38
1127 0.45
1712 1.42
2357 0.18
19
DOM
0004 0.31
0601 1.24
1201 0.49
1810 1.30
04
SÁB
0559 1.29
1208 0.51
1757 1.37
20
SEG
0047 0.42
0642 1.15
1246 0.56
1855 1.19
05
DOM
0046 0.28
0644 1.18
1259 0.57
1846 1.29
21
TER
0136 0.54
0736 1.07
1355 0.63
2001 1.08
06
SEG
0142 0.39
0740 1.09
1406 0.61
1946 1.21
22
QUA
0251 0.64
0853 1.01
1529 0.65
2202 1.03
07
TER
0255 0.50
0859 1.02
1531 0.61
2123 1.16
23
QUI
0442 0.67
1034 1.01
1659 0.60
2353 1.09
08
QUA
0434 0.56
1049 1.02
1653 0.55
2316 1.18
24
SEX
0602 0.63
1159 1.09
1812 0.50
09
QUI
0601 0.56
1204 1.08
1810 0.44
25
SÁB
0057 1.19
0657 0.56
1247 1.18
1906 0.36
10
SEX
0042 1.26
0701 0.52
1251 1.17
1912 0.30
26
DOM
0144 1.31
0738 0.48
1323 1.29
1949 0.23
11
SÁB
0142 1.35
0751 0.48
1329 1.27
2001 0.16
27
SEG
0219 1.42
0814 0.40
1359 1.40
2025 0.10
12
DOM
0227 1.43
0831 0.44
1402 1.37
2044 0.07
28
TER
0255 1.52
0851 0.33
1434 1.49
2102 -0.00
13
SEG
0302 1.48
0904 0.41
1436 1.44
2119 0.02
29
QUA
0327 1.58
0927 0.27
1510 1.57
2140 -0.06
14
TER
0334 1.50
0934 0.39
1510 1.49
2153 0.01
30
QUI
0359 1.60
1001 0.24
1547 1.62
2217 -0.07
15
QUA
0401 1.49
1001 0.38
1546 1.51
2225 0.05
31
SEX
0429 1.56
1034 0.25
1623 1.63
2257 -0.02
16
QUI
0425 1.45
1025 0.38
1619 1.50
2257 0.12
Fevereiro
HORA ALT(m) HORA ALT(m)
01
SÁB
0459 1.48
1106 0.28
1659 1.60
2336 0.09
17
SEG
0516 1.34
1123 0.37
1734 1.38
2357 0.39
02
DOM
0527 1.37
1140 0.35
1736 1.51
18
TER
0547 1.24
1157 0.45
1806 1.25
03
SEG
0017 0.24
0559 1.24
1214 0.44
1814 1.39
19
QUA
0032 0.53
0619 1.13
1236 0.55
1846 1.11
04
TER
0101 0.43
0629 1.11
1301 0.53
1902 1.23
20
QUI
0117 0.67
0706 1.03
1355 0.64
2004 0.98
05
QUA
0155 0.62
0712 0.99
1429 0.61
2017 1.07
21
SEX
0314 0.79
0851 0.94
1604 0.64
2357 1.02
06
QUI
0421 0.76
0838 0.90
1646 0.60
22
SÁB
0553 0.74
1129 0.99
1747 0.54
07
SEX
0014 1.08
0625 0.72
1217 0.98
1821 0.47
23
DOM
0055 1.17
0649 0.63
1231 1.12
1851 0.38
08
SÁB
0123 1.21
0717 0.63
1302 1.11
1919 0.31
24
SEG
0131 1.32
0725 0.50
1310 1.27
1932 0.21
09
DOM
0202 1.32
0759 0.54
1334 1.25
2002 0.16
25
TER
0204 1.46
0759 0.37
1346 1.43
2010 0.05
10
SEG
0232 1.41
0829 0.46
1402 1.38
2040 0.07
26
QUA
0236 1.58
0831 0.25
1419 1.58
2047 -0.08
11
TER
0255 1.47
0855 0.38
1431 1.48
2108 0.02
27
QUI
0304 1.65
0904 0.16
1455 1.70
2121 -0.15
12
QUA
0316 1.51
0916 0.32
1501 1.55
2136 0.01
28
SEX
0336 1.67
0938 0.11
1529 1.76
2159 -0.15
13
QUI
0336 1.52
0936 0.28
1529 1.59
2202 0.03
14
SEX
0359 1.51
1001 0.26
1601 1.59
2229 0.08
15
SÁB
0421 1.48
1025 0.26
1631 1.55
2257 0.16
16
DOM
0449 1.42
1055 0.30
1702 1.48
2325 0.26
Março
HORA ALT(m) HORA ALT(m)
01
SÁB
0402 1.63
1008 0.11
1602 1.77
2234 -0.06
17
SEG
0414 1.46
1027 0.23
1634 1.50
2251 0.28
02
DOM
0427 1.53
1040 0.15
1638 1.70
2312 0.09
18
TER
0442 1.39
1055 0.29
1702 1.39
2317 0.41
03
SEG
0455 1.41
1110 0.23
1712 1.57
2347 0.30
19
QUA
0504 1.30
1121 0.37
1734 1.27
2346 0.55
04
TER
0516 1.27
1144 0.34
1753 1.39
20
QUI
0529 1.19
1153 0.47
1806 1.13
05
QUA
0023 0.53
0546 1.13
1221 0.47
1834 1.17
21
SEX
0017 0.70
0559 1.07
1240 0.58
1902 0.99
06
QUI
0104 0.75
0608 1.01
1347 0.60
2104 0.96
2306 0.98
22
SÁB
0146 0.83
0659 0.95
1516 0.64
2342 1.02
07
SEX
0523 0.88
0701 0.89
1655 0.58
23
DOM
0536 0.79
1046 0.95
1710 0.54
08
SÁB
0051 1.11
0653 0.76
1219 0.97
1821 0.44
24
SEG
0027 1.18
0625 0.64
1202 1.11
1819 0.38
09
DOM
0123 1.23
0717 0.65
1257 1.13
1912 0.30
25
TER
0102 1.33
0659 0.48
1246 1.29
1904 0.19
10
SEG
0151 1.32
0747 0.53
1323 1.28
1951 0.18
26
QUA
0134 1.47
0729 0.33
1319 1.48
1946 0.02
11
TER
0210 1.39
0808 0.43
1349 1.41
2019 0.10
27
QUI
0204 1.59
0801 0.20
1355 1.65
2021 -0.10
12
QUA
0231 1.45
0829 0.33
1414 1.51
2047 0.06
28
SEX
0236 1.65
0834 0.09
1429 1.77
2059 -0.15
13
QUI
0247 1.50
0847 0.26
1440 1.58
2110 0.04
29
SÁB
0304 1.66
0908 0.04
1504 1.82
2136 -0.12
14
SEX
0306 1.53
0910 0.21
1506 1.61
2134 0.06
30
DOM
0332 1.61
0944 0.03
1542 1.80
2212 0.01
15
SÁB
0327 1.53
0932 0.18
1536 1.61
2201 0.10
31
SEG
0359 1.52
1017 0.07
1619 1.69
2247 0.20
16
DOM
0353 1.51
1001 0.19
1604 1.57
2225 0.18
Abril
HORA ALT(m) HORA ALT(m)
01
TER
0421 1.40
1051 0.16
1659 1.52
2321 0.43
17
QUI
0436 1.31
1102 0.32
1716 1.25
2319 0.60
02
QUA
0449 1.27
1127 0.29
1740 1.32
2359 0.65
18
SEX
0502 1.21
1136 0.42
1757 1.13
03
QUI
0512 1.15
1214 0.43
1831 1.10
19
SÁB
0002 0.72
0534 1.10
1227 0.52
1901 1.02
04
SEX
0046 0.84
0544 1.02
1423 0.56
2312 1.02
20
DOM
0146 0.82
0651 0.98
1444 0.57
2251 1.05
05
SÁB
0704 0.90
1638 0.53
21
SEG
0432 0.78
0947 0.99
1627 0.50
2344 1.18
06
DOM
0017 1.12
0621 0.77
1144 1.00
1757 0.43
22
TER
0540 0.64
1114 1.13
1736 0.36
07
SEG
0053 1.20
0651 0.64
1227 1.15
1847 0.33
23
QUA
0019 1.32
0616 0.48
1206 1.31
1829 0.20
08
TER
0114 1.27
0712 0.52
1257 1.28
1921 0.25
24
QUI
0055 1.43
0653 0.32
1247 1.50
1914 0.06
09
QUA
0136 1.34
0736 0.41
1323 1.40
1953 0.18
25
SEX
0129 1.52
0725 0.19
1325 1.65
1955 -0.03
10
QUI
0153 1.41
0755 0.31
1349 1.49
2017 0.14
26
SÁB
0201 1.57
0802 0.09
1404 1.75
2034 -0.04
11
SEX
0214 1.46
0816 0.24
1416 1.55
2044 0.12
27
DOM
0232 1.57
0842 0.03
1444 1.77
2112 0.03
12
SÁB
0234 1.50
0840 0.19
1444 1.57
2106 0.13
28
SEG
0302 1.54
0921 0.01
1525 1.72
2151 0.16
13
DOM
0259 1.51
0908 0.16
1512 1.57
2132 0.17
29
TER
0331 1.47
1002 0.05
1608 1.60
2229 0.35
14
SEG
0321 1.50
0936 0.17
1544 1.53
2159 0.25
30
QUA
0402 1.38
1044 0.13
1655 1.44
2310 0.54
15
TER
0347 1.46
1004 0.19
1612 1.46
2223 0.35
16
QUA
0410 1.39
1032 0.25
1644 1.36
2251 0.47
DG6-62 Original
120
TERMINAL DA PONTA DO UBU (ESTADO DO ESPÍRITO SANTO) - 2025
Latitude 20° 47'.3 S Longitude 40° 34'.2 W Fuso UTC -03.0 horas
UMISAN 37 Componentes Nível Médio 0.84 m Carta 1404
Maio
HORA ALT(m) HORA ALT(m)
01
QUI
0431 1.28
1129 0.24
1746 1.26
2351 0.71
17
SÁB
0457 1.23
1138 0.36
1802 1.16
02
SEX
0506 1.17
1229 0.37
1849 1.10
18
DOM
0016 0.70
0542 1.14
1238 0.44
1910 1.09
03
SÁB
0051 0.83
0601 1.06
1412 0.48
2202 1.03
19
SEG
0140 0.74
0702 1.07
1414 0.48
2136 1.09
04
DOM
0329 0.87
0801 0.99
1553 0.50
2312 1.08
20
TER
0316 0.72
0849 1.09
1542 0.44
2247 1.16
05
SEG
0512 0.78
1016 1.03
1702 0.46
2357 1.14
21
QUA
0436 0.62
1014 1.18
1651 0.36
2334 1.25
06
TER
0557 0.66
1131 1.14
1801 0.41
22
QUI
0527 0.49
1119 1.31
1749 0.27
07
QUA
0023 1.20
0627 0.54
1216 1.25
1844 0.35
23
SEX
0012 1.33
0612 0.36
1212 1.45
1844 0.19
08
QUI
0049 1.27
0653 0.43
1251 1.34
1916 0.29
24
SÁB
0051 1.39
0655 0.23
1301 1.56
1931 0.15
09
SEX
0114 1.34
0717 0.34
1323 1.42
1947 0.25
25
DOM
0127 1.44
0738 0.13
1347 1.63
2016 0.16
10
SÁB
0138 1.40
0746 0.26
1353 1.47
2014 0.23
26
SEG
0202 1.46
0823 0.06
1432 1.64
2059 0.22
11
DOM
0204 1.44
0814 0.21
1423 1.49
2044 0.24
27
TER
0240 1.45
0910 0.03
1521 1.60
2140 0.33
12
SEG
0229 1.45
0847 0.18
1457 1.49
2110 0.28
28
QUA
0314 1.43
0959 0.04
1610 1.51
2219 0.45
13
TER
0259 1.45
0917 0.17
1527 1.46
2140 0.34
29
QUI
0353 1.39
1046 0.09
1659 1.40
2301 0.57
14
QUA
0323 1.42
0951 0.19
1601 1.40
2208 0.43
30
SEX
0429 1.32
1132 0.18
1747 1.28
2344 0.66
15
QUI
0353 1.38
1023 0.22
1636 1.33
2240 0.52
31
SÁB
0512 1.25
1225 0.29
1836 1.16
16
SEX
0419 1.31
1059 0.28
1714 1.25
2319 0.61
Junho
HORA ALT(m) HORA ALT(m)
01
DOM
0031 0.72
0608 1.18
1329 0.40
1934 1.08
17
TER
0110 0.62
0647 1.22
1340 0.38
1957 1.13
02
SEG
0131 0.74
0723 1.12
1444 0.47
2119 1.04
18
QUA
0214 0.63
0759 1.20
1455 0.41
2132 1.12
03
TER
0249 0.73
0849 1.10
1553 0.50
2232 1.07
19
QUI
0325 0.60
0912 1.22
1604 0.42
2240 1.14
04
QUA
0423 0.67
1010 1.12
1657 0.50
2319 1.12
20
SEX
0438 0.53
1032 1.26
1714 0.41
2332 1.19
05
QUI
0523 0.58
1123 1.18
1751 0.46
2357 1.19
21
SÁB
0540 0.42
1149 1.33
1821 0.39
06
SEX
0606 0.48
1217 1.25
1838 0.42
22
DOM
0019 1.24
0636 0.30
1253 1.42
1919 0.36
07
SÁB
0032 1.26
0644 0.39
1301 1.31
1916 0.38
23
SEG
0104 1.30
0729 0.19
1347 1.48
2008 0.36
08
DOM
0106 1.31
0719 0.31
1338 1.37
1953 0.36
24
TER
0147 1.36
0819 0.09
1438 1.52
2055 0.37
09
SEG
0136 1.36
0757 0.25
1412 1.40
2023 0.36
25
QUA
0229 1.40
0910 0.03
1527 1.52
2134 0.41
10
TER
0208 1.39
0831 0.20
1447 1.42
2057 0.37
26
QUI
0308 1.43
0957 0.01
1610 1.48
2210 0.45
11
QUA
0240 1.40
0906 0.17
1523 1.42
2129 0.41
27
SEX
0347 1.44
1040 0.04
1647 1.42
2244 0.49
12
QUI
0310 1.40
0946 0.16
1601 1.40
2202 0.45
28
SÁB
0423 1.43
1119 0.12
1723 1.34
2317 0.53
13
SEX
0346 1.38
1021 0.17
1638 1.36
2240 0.50
29
DOM
0504 1.38
1157 0.22
1759 1.25
2353 0.56
14
SÁB
0417 1.35
1101 0.21
1717 1.31
2323 0.55
30
SEG
0551 1.32
1238 0.33
1832 1.18
15
DOM
0501 1.31
1144 0.26
1802 1.25
16
SEG
0012 0.59
0547 1.26
1234 0.33
1851 1.18
Julho
HORA ALT(m) HORA ALT(m)
01
TER
0034 0.59
0640 1.24
1327 0.44
1916 1.11
17
QUI
0119 0.54
0712 1.28
1404 0.46
1946 1.08
02
QUA
0125 0.61
0742 1.17
1431 0.52
2021 1.06
18
SEX
0223 0.57
0819 1.20
1525 0.55
2123 1.02
03
QUI
0232 0.63
0855 1.11
1544 0.57
2151 1.06
19
SÁB
0355 0.57
0959 1.15
1659 0.60
2304 1.04
04
SEX
0401 0.62
1017 1.10
1653 0.58
2304 1.10
20
DOM
0529 0.48
1208 1.20
1827 0.58
05
SÁB
0517 0.55
1149 1.14
1801 0.55
2357 1.16
21
SEG
0010 1.11
0638 0.35
1317 1.31
1929 0.52
06
DOM
0614 0.45
1249 1.22
1855 0.51
22
TER
0102 1.21
0734 0.21
1406 1.41
2014 0.46
07
SEG
0040 1.23
0701 0.36
1332 1.30
1936 0.47
23
QUA
0146 1.32
0823 0.09
1446 1.48
2051 0.41
08
TER
0117 1.29
0742 0.27
1410 1.36
2012 0.43
24
QUI
0225 1.42
0906 0.01
1521 1.50
2121 0.38
09
QUA
0155 1.35
0821 0.19
1446 1.42
2047 0.40
25
SEX
0301 1.50
0946 -0.01
1549 1.49
2149 0.37
10
QUI
0231 1.40
0901 0.13
1521 1.45
2119 0.39
26
SÁB
0334 1.54
1019 0.02
1617 1.46
2214 0.37
11
SEX
0306 1.44
0938 0.09
1557 1.46
2155 0.38
27
DOM
0408 1.54
1051 0.08
1646 1.41
2240 0.38
12
SÁB
0342 1.47
1016 0.08
1631 1.45
2231 0.39
28
SEG
0444 1.50
1119 0.18
1714 1.34
2312 0.40
13
DOM
0416 1.47
1053 0.10
1706 1.41
2308 0.41
29
TER
0516 1.43
1151 0.29
1746 1.27
2349 0.45
14
SEG
0455 1.46
1132 0.15
1740 1.34
2349 0.45
30
QUA
0557 1.33
1225 0.40
1817 1.19
15
TER
0532 1.42
1214 0.23
1814 1.26
31
QUI
0032 0.51
0644 1.22
1312 0.53
1902 1.11
16
QUA
0031 0.49
0617 1.36
1302 0.34
1855 1.17
Agosto
HORA ALT(m) HORA ALT(m)
01
SEX
0127 0.58
0744 1.11
1425 0.63
2006 1.03
17
DOM
0344 0.60
1134 1.06
1736 0.76
2323 0.95
02
SÁB
0247 0.62
0914 1.03
1601 0.69
2202 1.01
18
SEG
0546 0.49
1259 1.19
1859 0.67
03
DOM
0431 0.60
1142 1.06
1731 0.67
2327 1.07
19
TER
0029 1.07
0649 0.33
1340 1.32
1940 0.56
04
SEG
0555 0.51
1251 1.17
1842 0.60
20
QUA
0110 1.22
0736 0.18
1406 1.41
2008 0.46
05
TER
0021 1.15
0647 0.39
1331 1.28
1927 0.52
21
QUI
0144 1.36
0814 0.08
1434 1.47
2036 0.38
06
QUA
0104 1.25
0729 0.27
1402 1.38
2002 0.43
22
SEX
0216 1.48
0851 0.02
1457 1.50
2059 0.31
07
QUI
0144 1.35
0808 0.15
1434 1.47
2034 0.36
23
SÁB
0246 1.56
0923 -0.00
1517 1.51
2119 0.27
08
SEX
0219 1.46
0846 0.06
1504 1.53
2104 0.29
24
DOM
0314 1.61
0951 0.03
1540 1.50
2142 0.24
09
SÁB
0255 1.55
0921 -0.01
1536 1.56
2136 0.25
25
SEG
0346 1.61
1017 0.09
1604 1.47
2206 0.25
10
DOM
0327 1.61
0959 -0.04
1606 1.55
2206 0.24
26
TER
0412 1.57
1044 0.17
1632 1.42
2234 0.29
11
SEG
0401 1.64
1034 -0.01
1638 1.49
2240 0.26
27
QUA
0446 1.49
1108 0.27
1702 1.35
2308 0.35
12
TER
0434 1.62
1108 0.07
1706 1.41
2316 0.31
28
QUI
0516 1.38
1138 0.40
1732 1.26
2347 0.43
13
QUA
0508 1.55
1146 0.20
1734 1.30
2353 0.38
29
SEX
0553 1.25
1210 0.54
1804 1.16
14
QUI
0549 1.43
1223 0.38
1804 1.18
30
SÁB
0032 0.52
0640 1.11
1301 0.68
1846 1.04
15
SEX
0036 0.47
0634 1.28
1314 0.57
1840 1.06
31
DOM
0142 0.61
0812 0.99
1508 0.79
2019 0.94
16
SÁB
0136 0.56
0742 1.12
1459 0.74
1929 0.94
DG6-62 Original
121
TERMINAL DA PONTA DO UBU (ESTADO DO ESPÍRITO SANTO) - 2025
Latitude 20° 47'.3 S Longitude 40° 34'.2 W Fuso UTC -03.0 horas
UMISAN 37 Componentes Nível Médio 0.84 m Carta 1404
Setembro
HORA ALT(m) HORA ALT(m)
01
SEG
0344 0.64
1155 1.02
1721 0.76
2304 0.99
17
QUA
0025 1.11
0644 0.29
1325 1.33
1925 0.54
02
TER
0534 0.54
1246 1.16
1836 0.65
18
QUI
0059 1.26
0721 0.18
1349 1.40
1951 0.42
03
QUA
0004 1.11
0629 0.39
1314 1.30
1912 0.52
19
SEX
0129 1.40
0757 0.10
1406 1.45
2010 0.32
04
QUI
0049 1.25
0710 0.25
1344 1.42
1942 0.40
20
SÁB
0155 1.51
0827 0.07
1423 1.49
2029 0.25
05
SEX
0123 1.40
0747 0.11
1408 1.53
2008 0.28
21
DOM
0223 1.58
0853 0.06
1442 1.51
2049 0.19
06
SÁB
0159 1.54
0821 -0.01
1438 1.60
2040 0.18
22
SEG
0251 1.62
0919 0.08
1504 1.52
2110 0.17
07
DOM
0232 1.66
0859 -0.09
1506 1.63
2108 0.12
23
TER
0317 1.62
0944 0.13
1529 1.50
2138 0.17
08
SEG
0306 1.74
0934 -0.10
1534 1.61
2140 0.10
24
QUA
0349 1.57
1008 0.20
1557 1.46
2204 0.21
09
TER
0338 1.76
1008 -0.05
1602 1.54
2210 0.13
25
QUI
0414 1.49
1036 0.30
1623 1.39
2236 0.28
10
QUA
0412 1.71
1044 0.08
1629 1.44
2246 0.20
26
SEX
0447 1.38
1102 0.42
1653 1.30
2308 0.36
11
QUI
0447 1.59
1117 0.27
1659 1.31
2321 0.30
27
SÁB
0516 1.25
1129 0.57
1717 1.19
2349 0.47
12
SEX
0523 1.42
1153 0.49
1721 1.18
28
DOM
0559 1.11
1201 0.71
1749 1.08
13
SÁB
0006 0.42
0610 1.21
1232 0.72
1755 1.04
29
SEG
0049 0.57
0717 0.98
1416 0.84
1838 0.95
14
DOM
0117 0.55
0738 1.01
1557 0.87
1825 0.92
30
TER
0253 0.63
1134 1.02
1702 0.79
2236 0.96
15
SEG
0410 0.58
1219 1.11
1817 0.79
2344 0.95
16
TER
0551 0.44
1301 1.24
1859 0.66
Outubro
HORA ALT(m) HORA ALT(m)
01
QUA
0501 0.55
1216 1.16
1804 0.66
2338 1.10
17
SEX
0032 1.28
0659 0.24
1316 1.34
1917 0.41
02
QUI
0601 0.39
1246 1.30
1838 0.51
18
SÁB
0102 1.39
0729 0.19
1334 1.40
1940 0.31
03
SEX
0017 1.27
0642 0.23
1310 1.44
1908 0.36
19
DOM
0131 1.48
0759 0.16
1351 1.45
2001 0.23
04
SÁB
0055 1.44
0716 0.08
1338 1.54
1938 0.22
20
SEG
0201 1.54
0823 0.15
1410 1.49
2021 0.17
05
DOM
0131 1.60
0753 -0.03
1404 1.62
2008 0.11
21
TER
0227 1.57
0849 0.16
1434 1.51
2049 0.15
06
SEG
0206 1.73
0831 -0.09
1434 1.64
2040 0.04
22
QUA
0259 1.56
0916 0.20
1501 1.50
2114 0.15
07
TER
0242 1.80
0906 -0.08
1502 1.61
2112 0.01
23
QUI
0325 1.52
0944 0.27
1525 1.46
2146 0.18
08
QUA
0316 1.80
0946 0.01
1531 1.54
2147 0.04
24
SEX
0359 1.46
1010 0.36
1555 1.40
2214 0.23
09
QUI
0355 1.71
1021 0.17
1601 1.43
2223 0.13
25
SÁB
0425 1.36
1038 0.47
1621 1.32
2247 0.31
10
SEX
0431 1.56
1059 0.39
1627 1.31
2306 0.25
26
DOM
0501 1.25
1106 0.60
1653 1.22
2327 0.41
11
SÁB
0514 1.35
1132 0.61
1659 1.18
27
SEG
0540 1.12
1140 0.72
1725 1.11
12
DOM
0002 0.39
0612 1.14
1216 0.82
1731 1.04
28
TER
0027 0.51
0655 1.01
1323 0.83
1821 1.00
13
SEG
0144 0.51
1016 1.03
1608 0.89
1827 0.92
29
QUA
0204 0.57
1008 1.02
1559 0.79
2129 0.97
14
TER
0402 0.51
1159 1.13
1747 0.78
2310 1.00
30
QUI
0404 0.53
1121 1.14
1706 0.67
2253 1.11
15
QUA
0529 0.42
1231 1.21
1825 0.65
2359 1.15
31
SEX
0516 0.40
1202 1.26
1751 0.52
2340 1.27
16
QUI
0617 0.32
1259 1.28
1855 0.53
Novembro
HORA ALT(m) HORA ALT(m)
01
SÁB
0604 0.26
1232 1.38
1827 0.37
17
SEG
0108 1.39
0729 0.29
1321 1.38
1936 0.27
02
DOM
0019 1.44
0646 0.12
1302 1.48
1902 0.23
18
TER
0142 1.44
0759 0.27
1346 1.43
2002 0.20
03
SEG
0101 1.59
0723 0.03
1334 1.55
1940 0.10
19
QUA
0214 1.47
0825 0.27
1412 1.46
2032 0.16
04
TER
0140 1.70
0804 -0.00
1402 1.58
2016 0.02
20
QUI
0246 1.48
0857 0.30
1440 1.46
2102 0.14
05
QUA
0221 1.75
0846 0.04
1434 1.56
2055 -0.01
21
SEX
0316 1.46
0927 0.35
1506 1.44
2134 0.16
06
QUI
0304 1.73
0927 0.15
1506 1.50
2134 0.01
22
SÁB
0349 1.42
0959 0.41
1538 1.39
2206 0.20
07
SEX
0346 1.64
1008 0.31
1540 1.42
2219 0.08
23
DOM
0419 1.35
1029 0.50
1608 1.33
2242 0.26
08
SÁB
0431 1.49
1049 0.49
1614 1.32
2312 0.19
24
SEG
0457 1.27
1102 0.58
1646 1.26
2323 0.34
09
DOM
0519 1.31
1129 0.66
1657 1.21
25
TER
0536 1.18
1142 0.66
1725 1.18
10
SEG
0017 0.31
0631 1.14
1223 0.80
1746 1.10
26
QUA
0017 0.42
0636 1.10
1247 0.73
1821 1.11
11
TER
0142 0.42
0906 1.05
1459 0.85
1904 1.02
27
QUI
0127 0.47
0825 1.06
1436 0.73
1953 1.08
12
QUA
0316 0.48
1049 1.07
1631 0.79
2157 1.03
28
SEX
0255 0.49
0959 1.10
1557 0.66
2144 1.13
13
QUI
0446 0.46
1142 1.11
1727 0.68
2310 1.13
29
SÁB
0419 0.43
1102 1.18
1655 0.55
2251 1.25
14
SEX
0544 0.41
1212 1.17
1806 0.56
2355 1.23
30
DOM
0523 0.34
1151 1.27
1744 0.42
2346 1.38
15
SÁB
0625 0.37
1240 1.24
1840 0.45
16
DOM
0032 1.32
0659 0.32
1301 1.31
1908 0.35
Dezembro
HORA ALT(m) HORA ALT(m)
01
SEG
0614 0.25
1229 1.35
1831 0.28
17
QUA
0134 1.34
0740 0.39
1329 1.35
1953 0.24
02
TER
0034 1.50
0702 0.20
1304 1.42
1917 0.16
18
QUI
0212 1.39
0814 0.37
1359 1.40
2023 0.18
03
QUA
0125 1.59
0749 0.18
1342 1.46
2002 0.05
19
SEX
0246 1.43
0847 0.37
1427 1.42
2059 0.14
04
QUI
0216 1.64
0836 0.22
1416 1.48
2047 -0.01
20
SÁB
0317 1.44
0919 0.39
1501 1.43
2129 0.12
05
SEX
0304 1.64
0921 0.29
1455 1.47
2134 -0.02
21
DOM
0349 1.43
0953 0.41
1531 1.42
2202 0.14
06
SÁB
0351 1.58
1004 0.39
1532 1.43
2223 0.02
22
SEG
0419 1.40
1025 0.44
1606 1.40
2240 0.17
07
DOM
0436 1.48
1046 0.49
1614 1.38
2316 0.10
23
TER
0453 1.35
1059 0.48
1644 1.37
2319 0.23
08
SEG
0521 1.35
1123 0.59
1701 1.32
24
QUA
0527 1.29
1134 0.53
1723 1.32
09
TER
0008 0.21
0612 1.21
1202 0.67
1749 1.25
25
QUI
0002 0.29
0608 1.22
1217 0.58
1808 1.27
10
QUA
0104 0.34
0710 1.10
1249 0.72
1846 1.17
26
SEX
0053 0.36
0702 1.15
1316 0.62
1902 1.22
11
QUI
0206 0.45
0823 1.03
1419 0.74
2001 1.11
27
SÁB
0153 0.43
0812 1.10
1436 0.62
2014 1.18
12
SEX
0321 0.53
0946 1.01
1547 0.70
2144 1.09
28
DOM
0308 0.48
0934 1.08
1553 0.58
2151 1.19
13
SÁB
0444 0.55
1102 1.05
1657 0.62
2308 1.14
29
SEG
0442 0.49
1059 1.11
1704 0.49
2317 1.26
14
DOM
0544 0.52
1153 1.13
1753 0.53
30
TER
0557 0.45
1202 1.18
1812 0.37
15
SEG
0006 1.20
0627 0.47
1229 1.21
1840 0.43
31
QUA
0031 1.36
0657 0.40
1253 1.27
1912 0.22
16
TER
0053 1.27
0704 0.43
1301 1.29
1917 0.33
DG6-62 Original
