62
ARQUIPÉLAGO DE FERNANDO DE NORONHA (BAÍA DE SANTO ANTÔNIO) - 2025
Latitude 03° 50' S Longitude 32° 24'.2 W Fuso UTC -02.0 horas
DHN 31 Componentes Nível Médio 1.28 m Carta 52
Janeiro
HORA ALT(m) HORA ALT(m)
01
QUA
0001 0.28
0614 2.10
1212 0.42
1819 2.31
17
SEX
0117 0.32
0723 2.09
1317 0.44
1936 2.27
02
QUI
0040 0.27
0653 2.11
1251 0.43
1902 2.33
18
SÁB
0153 0.41
0801 2.05
1359 0.51
2012 2.18
03
SEX
0121 0.29
0736 2.10
1332 0.46
1949 2.32
19
DOM
0227 0.50
0838 1.99
1440 0.60
2055 2.06
04
SÁB
0206 0.34
0821 2.07
1419 0.50
2036 2.26
20
SEG
0308 0.60
0917 1.92
1525 0.70
2144 1.93
05
DOM
0257 0.41
0910 2.02
1512 0.56
2131 2.18
21
TER
0357 0.69
1012 1.84
1621 0.80
2236 1.80
06
SEG
0351 0.50
1006 1.97
1610 0.63
2229 2.08
22
QUA
0455 0.76
1114 1.78
1738 0.86
2347 1.70
07
TER
0453 0.58
1108 1.93
1721 0.67
2338 1.99
23
QUI
0602 0.81
1227 1.77
1855 0.84
08
QUA
0559 0.63
1217 1.92
1836 0.66
24
SEX
0102 1.68
0714 0.79
1342 1.81
2006 0.76
09
QUI
0053 1.94
0710 0.64
1331 1.96
1953 0.59
25
SÁB
0214 1.73
0817 0.72
1438 1.90
2102 0.63
10
SEX
0204 1.94
0816 0.60
1434 2.04
2059 0.48
26
DOM
0310 1.83
0912 0.63
1527 2.02
2149 0.49
11
SÁB
0308 1.98
0916 0.54
1531 2.13
2153 0.36
27
SEG
0359 1.95
0959 0.52
1608 2.15
2229 0.36
12
DOM
0404 2.04
1004 0.48
1619 2.23
2242 0.27
28
TER
0440 2.08
1038 0.42
1647 2.29
2306 0.24
13
SEG
0453 2.10
1049 0.42
1704 2.31
2325 0.22
29
QUA
0519 2.19
1117 0.33
1725 2.42
2344 0.15
14
TER
0536 2.13
1131 0.39
1746 2.35
30
QUI
0557 2.28
1157 0.26
1806 2.51
15
QUA
0004 0.21
0612 2.14
1208 0.38
1823 2.36
31
SEX
0023 0.10
0636 2.33
1236 0.22
1849 2.55
16
QUI
0042 0.25
0649 2.13
1246 0.40
1901 2.34
Fevereiro
HORA ALT(m) HORA ALT(m)
01
SÁB
0104 0.11
0714 2.32
1316 0.23
1931 2.52
17
SEG
0147 0.44
0755 2.09
1359 0.51
2010 2.08
02
DOM
0147 0.17
0759 2.27
1401 0.30
2016 2.42
18
TER
0219 0.54
0831 2.00
1438 0.62
2051 1.92
03
SEG
0231 0.29
0844 2.17
1449 0.41
2106 2.25
19
QUA
0301 0.65
0912 1.89
1523 0.74
2138 1.76
04
TER
0321 0.45
0934 2.04
1546 0.55
2202 2.05
20
QUI
0355 0.78
1010 1.77
1627 0.85
2244 1.63
05
QUA
0417 0.62
1038 1.91
1657 0.67
2316 1.86
21
SEX
0501 0.87
1121 1.70
1759 0.89
06
QUI
0531 0.75
1155 1.83
1825 0.72
22
SÁB
0017 1.58
0632 0.90
1249 1.71
1932 0.82
07
SEX
0046 1.76
0701 0.80
1323 1.83
1957 0.67
23
DOM
0146 1.65
0749 0.82
1402 1.82
2034 0.67
08
SÁB
0212 1.77
0819 0.76
1436 1.92
2104 0.55
24
SEG
0249 1.80
0849 0.69
1457 1.99
2119 0.50
09
DOM
0317 1.87
0921 0.66
1532 2.05
2157 0.43
25
TER
0332 1.98
0934 0.52
1542 2.19
2202 0.32
10
SEG
0406 1.97
1004 0.55
1616 2.18
2238 0.33
26
QUA
0414 2.17
1014 0.35
1621 2.40
2242 0.15
11
TER
0447 2.06
1042 0.47
1655 2.28
2310 0.28
27
QUI
0453 2.33
1055 0.20
1702 2.57
2319 0.03
12
QUA
0519 2.13
1116 0.40
1729 2.35
2346 0.26
28
SEX
0532 2.45
1134 0.09
1746 2.68
13
QUI
0551 2.18
1147 0.35
1801 2.38
14
SEX
0014 0.27
0617 2.20
1216 0.34
1832 2.37
15
SÁB
0044 0.31
0651 2.19
1251 0.36
1904 2.32
16
DOM
0114 0.36
0721 2.16
1323 0.42
1936 2.22
Março
HORA ALT(m) HORA ALT(m)
01
SÁB
0608 2.51
1212 0.04
1827 2.70
17
SEG
0040 0.36
0647 2.20
1253 0.39
1904 2.17
02
DOM
0040 -0.01
0651 2.50
1255 0.06
1908 2.62
18
TER
0110 0.43
0717 2.13
1325 0.47
1936 2.03
03
SEG
0121 0.09
0732 2.41
1340 0.15
1957 2.45
19
QUA
0146 0.53
0757 2.03
1404 0.58
2014 1.88
04
TER
0206 0.25
0817 2.26
1431 0.31
2047 2.21
20
QUI
0219 0.66
0834 1.91
1449 0.70
2101 1.72
05
QUA
0255 0.47
0908 2.08
1527 0.50
2149 1.95
21
SEX
0304 0.80
0923 1.78
1544 0.81
2202 1.60
06
QUI
0355 0.69
1016 1.89
1647 0.67
2308 1.74
22
SÁB
0410 0.91
1036 1.69
1708 0.87
2340 1.56
07
SEX
0517 0.85
1144 1.77
1827 0.74
23
DOM
0549 0.95
1202 1.70
1842 0.82
08
SÁB
0053 1.67
0702 0.88
1321 1.79
2001 0.67
24
SEG
0106 1.65
0710 0.86
1321 1.82
1955 0.67
09
DOM
0219 1.74
0821 0.80
1431 1.91
2101 0.56
25
TER
0212 1.83
0814 0.70
1417 2.02
2044 0.48
10
SEG
0312 1.86
0914 0.68
1523 2.04
2144 0.46
26
QUA
0301 2.04
0902 0.50
1508 2.25
2127 0.28
11
TER
0355 1.97
0953 0.57
1602 2.16
2217 0.39
27
QUI
0342 2.25
0946 0.29
1555 2.48
2210 0.10
12
QUA
0427 2.07
1023 0.48
1636 2.26
2249 0.34
28
SEX
0421 2.43
1025 0.12
1636 2.64
2251 -0.02
13
QUI
0455 2.15
1051 0.40
1704 2.32
2316 0.31
29
SÁB
0502 2.55
1108 -0.01
1719 2.72
2332 -0.07
14
SEX
0521 2.21
1119 0.35
1734 2.35
2344 0.30
30
DOM
0544 2.60
1151 -0.06
1804 2.70
15
SÁB
0551 2.24
1153 0.32
1802 2.33
31
SEG
0014 -0.03
0625 2.57
1236 -0.02
1851 2.58
16
DOM
0010 0.32
0617 2.24
1221 0.34
1834 2.27
Abril
HORA ALT(m) HORA ALT(m)
01
TER
0059 0.10
0710 2.46
1321 0.09
1938 2.37
17
QUI
0116 0.58
0727 2.03
1342 0.56
1951 1.82
02
QUA
0146 0.29
0759 2.29
1416 0.27
2034 2.12
18
SEX
0151 0.69
0804 1.92
1423 0.67
2038 1.71
03
QUI
0234 0.52
0853 2.08
1517 0.48
2140 1.87
19
SÁB
0234 0.81
0853 1.82
1516 0.76
2138 1.63
04
SEX
0342 0.74
1002 1.90
1644 0.64
2306 1.71
20
DOM
0340 0.91
1001 1.76
1634 0.81
2304 1.62
05
SÁB
0510 0.88
1131 1.80
1817 0.69
21
SEG
0506 0.93
1119 1.78
1757 0.77
06
DOM
0042 1.69
0651 0.88
1302 1.83
1940 0.65
22
TER
0025 1.71
0632 0.85
1240 1.90
1908 0.64
07
SEG
0157 1.77
0759 0.80
1406 1.92
2032 0.58
23
QUA
0129 1.88
0732 0.68
1340 2.08
2002 0.46
08
TER
0247 1.87
0849 0.70
1455 2.03
2112 0.52
24
QUI
0219 2.08
0825 0.48
1432 2.28
2051 0.28
09
QUA
0323 1.97
0923 0.60
1534 2.12
2147 0.46
25
SEX
0304 2.28
0912 0.28
1521 2.46
2136 0.12
10
QUI
0353 2.07
0955 0.51
1604 2.20
2216 0.41
26
SÁB
0349 2.44
0959 0.10
1608 2.59
2221 0.02
11
SEX
0421 2.15
1023 0.43
1636 2.24
2246 0.37
27
DOM
0434 2.55
1044 -0.01
1657 2.62
2304 -0.00
12
SÁB
0453 2.21
1057 0.38
1704 2.25
2310 0.35
28
SEG
0517 2.59
1131 -0.05
1746 2.57
2351 0.06
13
DOM
0519 2.24
1127 0.35
1736 2.22
2340 0.36
29
TER
0604 2.55
1217 -0.01
1834 2.44
14
SEG
0549 2.23
1159 0.36
1806 2.16
30
QUA
0040 0.18
0653 2.44
1310 0.10
1927 2.25
15
TER
0010 0.40
0617 2.19
1229 0.40
1842 2.06
16
QUA
0046 0.48
0653 2.12
1304 0.47
1914 1.94
DG6-62 Original
63
ARQUIPÉLAGO DE FERNANDO DE NORONHA (BAÍA DE SANTO ANTÔNIO) - 2025
Latitude 03° 50' S Longitude 32° 24'.2 W Fuso UTC -02.0 horas
DHN 31 Componentes Nível Médio 1.28 m Carta 52
Maio
HORA ALT(m) HORA ALT(m)
01
QUI
0127 0.36
0744 2.29
1406 0.26
2025 2.05
17
SÁB
0138 0.70
0753 1.98
1412 0.61
2029 1.76
02
SEX
0221 0.56
0840 2.12
1510 0.44
2129 1.87
18
DOM
0223 0.78
0840 1.92
1504 0.67
2123 1.73
03
SÁB
0327 0.72
0949 1.97
1625 0.58
2246 1.76
19
SEG
0323 0.83
0942 1.90
1608 0.70
2231 1.74
04
DOM
0442 0.83
1102 1.89
1744 0.65
20
TER
0431 0.84
1049 1.92
1716 0.67
2340 1.81
05
SEG
0002 1.74
0604 0.85
1219 1.88
1853 0.67
21
QUA
0546 0.78
1157 1.99
1823 0.58
06
TER
0108 1.78
0708 0.81
1321 1.92
1947 0.64
22
QUI
0042 1.94
0651 0.65
1301 2.11
1921 0.46
07
QUA
0159 1.86
0801 0.73
1410 1.98
2027 0.60
23
SEX
0140 2.09
0749 0.49
1359 2.24
2014 0.33
08
QUI
0238 1.95
0844 0.65
1455 2.04
2104 0.54
24
SÁB
0231 2.24
0844 0.32
1453 2.34
2106 0.22
09
SEX
0312 2.04
0919 0.56
1532 2.08
2140 0.49
25
DOM
0319 2.37
0934 0.17
1547 2.41
2157 0.16
10
SÁB
0349 2.11
0957 0.49
1604 2.11
2210 0.45
26
SEG
0410 2.46
1025 0.07
1638 2.42
2246 0.15
11
DOM
0423 2.17
1031 0.43
1638 2.11
2242 0.42
27
TER
0459 2.50
1116 0.03
1731 2.38
2332 0.19
12
SEG
0455 2.19
1106 0.40
1714 2.08
2314 0.43
28
QUA
0549 2.48
1208 0.05
1823 2.29
13
TER
0525 2.19
1144 0.40
1751 2.04
2351 0.47
29
QUI
0023 0.28
0640 2.41
1302 0.13
1916 2.17
14
QUA
0601 2.16
1214 0.42
1825 1.97
30
SEX
0112 0.40
0731 2.31
1357 0.25
2012 2.05
15
QUI
0025 0.53
0634 2.10
1249 0.47
1902 1.89
31
SÁB
0206 0.53
0823 2.19
1453 0.39
2106 1.93
16
SEX
0101 0.61
0710 2.04
1327 0.54
1942 1.82
Junho
HORA ALT(m) HORA ALT(m)
01
DOM
0301 0.65
0921 2.08
1551 0.53
2204 1.85
17
TER
0302 0.70
0919 2.07
1544 0.57
2201 1.88
02
SEG
0401 0.74
1019 1.99
1653 0.63
2304 1.80
18
QUA
0401 0.71
1016 2.05
1644 0.58
2301 1.91
03
TER
0502 0.80
1121 1.92
1749 0.69
19
QUI
0504 0.69
1119 2.05
1744 0.56
04
QUA
0002 1.80
0606 0.81
1223 1.90
1846 0.70
20
SEX
0002 1.96
0612 0.63
1227 2.06
1847 0.52
05
QUI
0057 1.84
0704 0.77
1317 1.90
1936 0.68
21
SÁB
0104 2.04
0717 0.54
1331 2.10
1947 0.46
06
SEX
0149 1.91
0759 0.71
1408 1.91
2017 0.63
22
DOM
0204 2.13
0823 0.42
1434 2.14
2046 0.40
07
SÁB
0234 1.98
0847 0.64
1455 1.94
2101 0.57
23
SEG
0301 2.23
0919 0.29
1534 2.19
2142 0.35
08
DOM
0314 2.05
0929 0.56
1538 1.96
2142 0.53
24
TER
0357 2.32
1016 0.19
1629 2.22
2232 0.31
09
SEG
0357 2.10
1010 0.49
1616 1.98
2217 0.49
25
QUA
0449 2.39
1110 0.13
1723 2.23
2321 0.31
10
TER
0434 2.13
1053 0.44
1659 1.99
2259 0.49
26
QUI
0538 2.41
1201 0.11
1812 2.21
11
QUA
0508 2.15
1129 0.41
1740 1.98
2334 0.51
27
SEX
0010 0.33
0627 2.41
1249 0.16
1901 2.16
12
QUI
0546 2.15
1204 0.41
1816 1.96
28
SÁB
0057 0.39
0714 2.36
1336 0.25
1947 2.09
13
SEX
0012 0.54
0621 2.14
1240 0.43
1853 1.94
29
DOM
0140 0.46
0759 2.28
1419 0.37
2031 2.02
14
SÁB
0051 0.58
0701 2.13
1319 0.46
1932 1.91
30
SEG
0225 0.55
0844 2.18
1504 0.49
2114 1.94
15
DOM
0129 0.63
0744 2.11
1402 0.50
2017 1.89
16
SEG
0212 0.67
0827 2.09
1451 0.54
2104 1.88
Julho
HORA ALT(m) HORA ALT(m)
01
TER
0310 0.64
0931 2.07
1551 0.60
2201 1.88
17
QUI
0331 0.58
0951 2.12
1608 0.54
2223 1.96
02
QUA
0402 0.72
1017 1.96
1640 0.69
2255 1.84
18
SEX
0432 0.63
1051 2.01
1708 0.61
2327 1.93
03
QUI
0501 0.78
1114 1.86
1732 0.74
2353 1.83
19
SÁB
0547 0.65
1202 1.93
1819 0.65
04
SEX
0604 0.80
1217 1.80
1834 0.75
20
DOM
0040 1.93
0704 0.62
1317 1.91
1932 0.63
05
SÁB
0055 1.84
0712 0.78
1319 1.78
1932 0.71
21
SEG
0153 2.00
0819 0.52
1432 1.94
2040 0.58
06
DOM
0155 1.90
0814 0.71
1421 1.80
2027 0.66
22
TER
0257 2.10
0921 0.39
1536 2.02
2140 0.49
07
SEG
0247 1.96
0906 0.61
1514 1.85
2117 0.60
23
QUA
0355 2.22
1016 0.28
1629 2.10
2227 0.41
08
TER
0334 2.03
0955 0.52
1602 1.91
2202 0.55
24
QUI
0444 2.32
1104 0.20
1716 2.17
2312 0.36
09
QUA
0416 2.10
1038 0.44
1646 1.97
2242 0.51
25
SEX
0527 2.39
1147 0.17
1759 2.20
2353 0.33
10
QUI
0453 2.16
1114 0.38
1725 2.02
2319 0.48
26
SÁB
0608 2.42
1227 0.20
1834 2.19
11
SEX
0529 2.22
1149 0.34
1802 2.06
2359 0.46
27
DOM
0031 0.34
0649 2.40
1304 0.26
1910 2.16
12
SÁB
0606 2.27
1225 0.32
1838 2.08
28
SEG
0106 0.38
0723 2.34
1342 0.36
1949 2.10
13
DOM
0038 0.46
0647 2.30
1304 0.32
1916 2.09
29
TER
0146 0.46
0802 2.23
1414 0.46
2025 2.04
14
SEG
0112 0.46
0725 2.30
1346 0.35
1957 2.08
30
QUA
0225 0.55
0842 2.10
1453 0.57
2104 1.96
15
TER
0155 0.49
0808 2.27
1427 0.40
2040 2.05
31
QUI
0308 0.65
0925 1.95
1538 0.67
2151 1.88
16
QUA
0240 0.53
0857 2.21
1514 0.47
2127 2.01
Agosto
HORA ALT(m) HORA ALT(m)
01
SEX
0401 0.75
1014 1.81
1629 0.75
2251 1.81
17
DOM
0540 0.69
1201 1.78
1812 0.79
02
SÁB
0512 0.83
1121 1.70
1734 0.81
18
SEG
0034 1.83
0712 0.67
1329 1.77
1940 0.76
03
DOM
0001 1.77
0631 0.84
1242 1.66
1853 0.81
19
TER
0159 1.92
0829 0.56
1446 1.86
2049 0.66
04
SEG
0117 1.80
0749 0.77
1355 1.70
2001 0.75
20
QUA
0301 2.05
0925 0.42
1538 1.98
2140 0.54
05
TER
0219 1.87
0847 0.66
1457 1.80
2057 0.66
21
QUI
0351 2.19
1012 0.32
1621 2.09
2219 0.44
06
QUA
0312 1.98
0932 0.54
1544 1.91
2144 0.57
22
SEX
0432 2.31
1051 0.25
1659 2.17
2257 0.37
07
QUI
0353 2.10
1014 0.42
1623 2.03
2221 0.47
23
SÁB
0508 2.39
1125 0.23
1732 2.22
2329 0.32
08
SEX
0431 2.23
1051 0.31
1702 2.14
2301 0.39
24
DOM
0544 2.41
1159 0.24
1802 2.23
09
SÁB
0506 2.35
1125 0.23
1738 2.22
2338 0.32
25
SEG
0002 0.31
0616 2.39
1227 0.29
1834 2.22
10
DOM
0546 2.44
1202 0.18
1812 2.28
26
TER
0034 0.34
0651 2.33
1259 0.35
1904 2.18
11
SEG
0014 0.27
0625 2.49
1240 0.17
1849 2.29
27
QUA
0106 0.39
0719 2.22
1329 0.44
1938 2.11
12
TER
0051 0.26
0704 2.48
1317 0.20
1929 2.26
28
QUI
0144 0.48
0757 2.08
1404 0.53
2014 2.02
13
QUA
0131 0.30
0747 2.41
1401 0.29
2012 2.20
29
SEX
0223 0.60
0838 1.92
1446 0.65
2059 1.91
14
QUI
0217 0.38
0834 2.26
1447 0.42
2101 2.09
30
SÁB
0310 0.72
0927 1.76
1538 0.77
2157 1.79
15
SEX
0308 0.49
0927 2.08
1540 0.57
2157 1.96
31
DOM
0416 0.83
1034 1.63
1647 0.87
2306 1.71
16
SÁB
0412 0.62
1032 1.90
1646 0.71
2306 1.86
DG6-62 Original
64
ARQUIPÉLAGO DE FERNANDO DE NORONHA (BAÍA DE SANTO ANTÔNIO) - 2025
Latitude 03° 50' S Longitude 32° 24'.2 W Fuso UTC -02.0 horas
DHN 31 Componentes Nível Médio 1.28 m Carta 52
Setembro
HORA ALT(m) HORA ALT(m)
01
SEG
0547 0.87
1204 1.58
1812 0.90
17
QUA
0159 1.93
0829 0.54
1446 1.89
2047 0.67
02
TER
0034 1.72
0714 0.81
1327 1.65
1931 0.83
18
QUI
0255 2.06
0916 0.43
1527 2.01
2129 0.55
03
QUA
0147 1.82
0816 0.69
1431 1.79
2031 0.71
19
SEX
0338 2.19
0955 0.36
1602 2.10
2202 0.45
04
QUI
0240 1.97
0902 0.53
1514 1.95
2116 0.56
20
SÁB
0412 2.29
1027 0.31
1634 2.18
2232 0.38
05
SEX
0323 2.14
0944 0.38
1555 2.12
2157 0.41
21
DOM
0446 2.34
1057 0.29
1702 2.23
2302 0.33
06
SÁB
0402 2.32
1019 0.24
1632 2.26
2232 0.28
22
SEG
0514 2.35
1123 0.30
1731 2.25
2334 0.31
07
DOM
0440 2.48
1057 0.12
1706 2.38
2308 0.17
23
TER
0546 2.32
1151 0.32
1759 2.25
08
SEG
0517 2.59
1132 0.05
1744 2.45
2347 0.10
24
QUA
0004 0.32
0614 2.25
1219 0.37
1827 2.21
09
TER
0559 2.63
1210 0.04
1819 2.46
25
QUI
0036 0.37
0649 2.15
1253 0.44
1901 2.14
10
QUA
0027 0.09
0642 2.58
1253 0.11
1902 2.41
26
SEX
0110 0.46
0721 2.01
1325 0.54
1938 2.04
11
QUI
0110 0.15
0725 2.44
1336 0.24
1949 2.29
27
SÁB
0149 0.57
0759 1.86
1402 0.66
2016 1.92
12
SEX
0159 0.28
0814 2.23
1421 0.43
2038 2.12
28
DOM
0234 0.69
0847 1.71
1451 0.80
2108 1.79
13
SÁB
0255 0.44
0914 1.99
1519 0.64
2140 1.94
29
SEG
0329 0.81
0953 1.59
1601 0.92
2221 1.70
14
DOM
0406 0.61
1029 1.79
1636 0.81
2302 1.82
30
TER
0459 0.87
1132 1.56
1736 0.96
2347 1.70
15
SEG
0547 0.70
1210 1.71
1823 0.87
16
TER
0042 1.82
0721 0.65
1342 1.76
1947 0.79
Outubro
HORA ALT(m) HORA ALT(m)
01
QUA
0631 0.83
1255 1.65
1859 0.88
17
SEX
0229 2.06
0851 0.49
1501 2.01
2102 0.58
02
QUI
0106 1.81
0740 0.70
1355 1.81
1957 0.73
18
SÁB
0312 2.14
0925 0.44
1532 2.09
2136 0.50
03
SEX
0201 1.98
0825 0.53
1442 2.00
2044 0.56
19
DOM
0347 2.20
0959 0.40
1602 2.16
2206 0.43
04
SÁB
0247 2.18
0904 0.36
1517 2.18
2121 0.37
20
SEG
0417 2.23
1025 0.38
1632 2.21
2236 0.38
05
DOM
0329 2.38
0944 0.19
1557 2.36
2201 0.20
21
TER
0447 2.23
1053 0.37
1701 2.24
2308 0.35
06
SEG
0408 2.55
1023 0.06
1634 2.49
2242 0.06
22
QUA
0517 2.20
1119 0.37
1731 2.24
2344 0.35
07
TER
0451 2.64
1102 -0.01
1714 2.56
2321 -0.02
23
QUI
0551 2.14
1151 0.41
1801 2.21
08
QUA
0534 2.64
1146 -0.00
1757 2.56
24
SEX
0014 0.39
0623 2.04
1223 0.48
1834 2.14
09
QUI
0006 -0.02
0619 2.56
1227 0.09
1840 2.48
25
SÁB
0047 0.46
0659 1.94
1259 0.57
1910 2.05
10
SEX
0053 0.07
0708 2.39
1314 0.26
1927 2.33
26
DOM
0125 0.55
0736 1.82
1336 0.69
1953 1.94
11
SÁB
0147 0.22
0804 2.16
1404 0.47
2021 2.15
27
SEG
0208 0.65
0825 1.71
1421 0.81
2040 1.84
12
DOM
0249 0.41
0908 1.93
1510 0.68
2131 1.97
28
TER
0304 0.75
0923 1.63
1527 0.91
2146 1.76
13
SEG
0408 0.57
1031 1.77
1634 0.83
2259 1.86
29
QUA
0414 0.82
1044 1.61
1646 0.95
2301 1.76
14
TER
0544 0.64
1206 1.74
1814 0.85
30
QUI
0534 0.80
1202 1.69
1808 0.89
15
QUA
0029 1.87
0706 0.61
1325 1.81
1929 0.78
31
SEX
0014 1.85
0644 0.69
1306 1.83
1908 0.75
16
QUI
0138 1.96
0806 0.54
1421 1.91
2023 0.68
Novembro
HORA ALT(m) HORA ALT(m)
01
SÁB
0112 2.01
0738 0.54
1357 2.01
2001 0.57
17
SEG
0316 2.05
0923 0.52
1532 2.09
2142 0.50
02
DOM
0204 2.19
0823 0.36
1440 2.20
2047 0.37
18
TER
0351 2.08
0955 0.47
1606 2.15
2216 0.44
03
SEG
0255 2.36
0908 0.20
1521 2.37
2131 0.18
19
QUA
0423 2.08
1025 0.44
1640 2.19
2253 0.40
04
TER
0342 2.50
0953 0.08
1604 2.50
2216 0.04
20
QUI
0501 2.07
1059 0.44
1710 2.20
2327 0.38
05
QUA
0427 2.56
1038 0.03
1649 2.57
2302 -0.04
21
SEX
0536 2.03
1132 0.46
1744 2.18
06
QUI
0514 2.55
1121 0.05
1734 2.57
2351 -0.04
22
SÁB
0001 0.40
0610 1.98
1208 0.51
1817 2.14
07
SEX
0604 2.46
1208 0.14
1823 2.50
23
DOM
0034 0.45
0647 1.91
1247 0.58
1857 2.08
08
SÁB
0042 0.04
0659 2.31
1301 0.29
1916 2.37
24
SEG
0114 0.51
0725 1.84
1321 0.67
1936 2.01
09
DOM
0140 0.18
0757 2.13
1355 0.47
2012 2.21
25
TER
0157 0.59
0810 1.78
1404 0.76
2019 1.95
10
SEG
0244 0.35
0902 1.96
1459 0.65
2119 2.06
26
QUA
0244 0.66
0901 1.74
1455 0.83
2114 1.90
11
TER
0355 0.50
1014 1.83
1612 0.77
2234 1.96
27
QUI
0340 0.71
0959 1.72
1559 0.86
2214 1.89
12
QUA
0512 0.59
1132 1.79
1736 0.81
2351 1.93
28
SEX
0446 0.71
1106 1.77
1710 0.83
2321 1.93
13
QUI
0625 0.63
1242 1.81
1847 0.79
29
SÁB
0549 0.66
1208 1.86
1817 0.74
14
SEX
0059 1.95
0725 0.62
1338 1.87
1942 0.73
30
DOM
0027 2.01
0651 0.55
1308 1.99
1917 0.59
15
SÁB
0153 1.99
0810 0.59
1421 1.95
2029 0.66
16
DOM
0238 2.02
0849 0.56
1459 2.03
2106 0.58
Dezembro
HORA ALT(m) HORA ALT(m)
01
SEG
0125 2.13
0746 0.43
1402 2.15
2014 0.41
17
QUA
0329 1.92
0931 0.57
1546 2.07
2202 0.50
02
TER
0223 2.24
0836 0.30
1453 2.30
2106 0.24
18
QUI
0408 1.95
1008 0.52
1625 2.13
2244 0.44
03
QUA
0317 2.34
0927 0.21
1542 2.42
2159 0.10
19
SEX
0449 1.98
1046 0.49
1701 2.17
2317 0.39
04
QUI
0410 2.40
1017 0.15
1632 2.50
2251 0.01
20
SÁB
0527 2.00
1121 0.48
1732 2.18
2353 0.38
05
SEX
0504 2.40
1106 0.15
1721 2.53
2344 -0.01
21
DOM
0602 2.00
1201 0.50
1808 2.18
06
SÁB
0559 2.36
1159 0.20
1812 2.50
22
SEG
0027 0.40
0640 1.98
1238 0.54
1846 2.17
07
DOM
0036 0.04
0651 2.28
1251 0.29
1906 2.43
23
TER
0102 0.43
0714 1.95
1310 0.58
1921 2.15
08
SEG
0131 0.14
0746 2.16
1342 0.41
2001 2.32
24
QUA
0142 0.48
0753 1.93
1346 0.63
2001 2.12
09
TER
0225 0.28
0842 2.04
1436 0.55
2055 2.20
25
QUI
0219 0.52
0832 1.90
1429 0.68
2046 2.08
10
QUA
0323 0.43
0936 1.93
1532 0.67
2155 2.07
26
SEX
0304 0.57
0917 1.88
1517 0.71
2138 2.03
11
QUI
0423 0.57
1036 1.85
1632 0.76
2255 1.97
27
SÁB
0401 0.61
1014 1.87
1617 0.73
2236 2.00
12
SEX
0523 0.67
1136 1.81
1742 0.81
2359 1.89
28
DOM
0459 0.62
1116 1.89
1729 0.71
2344 1.98
13
SÁB
0623 0.72
1234 1.81
1844 0.80
29
SEG
0604 0.61
1221 1.94
1840 0.63
14
DOM
0101 1.86
0717 0.72
1331 1.86
1944 0.76
30
TER
0055 2.00
0710 0.55
1331 2.04
1951 0.51
15
SEG
0155 1.86
0804 0.68
1417 1.93
2034 0.68
31
QUA
0202 2.05
0814 0.47
1432 2.16
2055 0.35
16
TER
0246 1.88
0849 0.63
1502 2.01
2117 0.59
DG6-62 Original
