80
PORTO DO RECIFE (ESTADO DE PERNAMBUCO) - 2025
Latitude 08° 03'.4 S Longitude 34° 52' W Fuso UTC -03.0 horas
DHN 16 Componentes Nível Médio 1.28 m Carta 902
Janeiro
HORA ALT(m) HORA ALT(m)
01
QUA
0451 2.23
1055 0.39
1701 2.35
2323 0.21
17
SEX
0006 0.32
0610 2.11
1216 0.44
1821 2.24
02
QUI
0531 2.22
1132 0.40
1747 2.35
18
SÁB
0044 0.43
0649 2.04
1253 0.52
1902 2.12
03
SEX
0004 0.23
0617 2.16
1217 0.44
1829 2.31
19
DOM
0123 0.55
0723 1.94
1329 0.63
1947 1.98
04
SÁB
0053 0.31
0704 2.09
1302 0.50
1919 2.23
20
SEG
0201 0.67
0808 1.84
1417 0.75
2027 1.84
05
DOM
0147 0.41
0755 1.99
1355 0.58
2014 2.14
21
TER
0240 0.79
0859 1.75
1504 0.85
2121 1.73
06
SEG
0238 0.53
0853 1.90
1459 0.64
2117 2.04
22
QUA
0346 0.88
0955 1.68
1619 0.92
2227 1.66
07
TER
0351 0.63
0957 1.85
1610 0.68
2231 1.97
23
QUI
0446 0.93
1104 1.66
1727 0.92
2340 1.66
08
QUA
0459 0.70
1104 1.84
1723 0.66
2344 1.95
24
SEX
0606 0.90
1210 1.72
1849 0.83
09
QUI
0610 0.69
1210 1.90
1844 0.58
25
SÁB
0049 1.74
0710 0.82
1312 1.83
1936 0.70
10
SEX
0057 1.99
0716 0.65
1316 2.00
1944 0.46
26
DOM
0142 1.86
0801 0.70
1401 1.98
2025 0.53
11
SÁB
0155 2.04
0808 0.58
1408 2.12
2040 0.35
27
SEG
0232 2.01
0840 0.57
1442 2.14
2106 0.36
12
DOM
0249 2.11
0857 0.50
1457 2.23
2125 0.26
28
TER
0310 2.16
0921 0.44
1527 2.30
2147 0.21
13
SEG
0329 2.16
0940 0.43
1546 2.33
2208 0.21
29
QUA
0355 2.27
1001 0.32
1604 2.44
2227 0.10
14
TER
0414 2.18
1019 0.38
1621 2.38
2251 0.21
30
QUI
0438 2.34
1040 0.25
1647 2.51
2308 0.06
15
QUA
0455 2.19
1059 0.36
1704 2.38
2331 0.25
31
SEX
0514 2.37
1117 0.22
1731 2.54
2351 0.08
16
QUI
0529 2.16
1136 0.38
1747 2.33
Fevereiro
HORA ALT(m) HORA ALT(m)
01
SÁB
0557 2.33
1201 0.24
1810 2.50
17
SEG
0036 0.46
0646 2.07
1247 0.52
1859 2.05
02
DOM
0031 0.17
0642 2.24
1244 0.31
1859 2.38
18
TER
0106 0.59
0714 1.95
1319 0.65
1940 1.90
03
SEG
0117 0.32
0723 2.12
1329 0.42
1953 2.22
19
QUA
0142 0.73
0755 1.82
1401 0.79
2017 1.75
04
TER
0206 0.51
0816 1.97
1429 0.56
2047 2.02
20
QUI
0219 0.87
0851 1.70
1457 0.91
2127 1.63
05
QUA
0312 0.70
0916 1.85
1534 0.69
2202 1.87
21
SEX
0336 0.98
0957 1.62
1636 0.97
2251 1.59
06
QUI
0425 0.83
1034 1.77
1708 0.73
2331 1.79
22
SÁB
0525 1.01
1125 1.64
1816 0.89
07
SEX
0602 0.86
1159 1.79
1846 0.67
23
DOM
0019 1.66
0638 0.92
1242 1.77
1914 0.72
08
SÁB
0057 1.82
0717 0.80
1312 1.90
1947 0.55
24
SEG
0121 1.82
0742 0.75
1338 1.96
2004 0.51
09
DOM
0159 1.90
0808 0.68
1406 2.05
2042 0.42
25
TER
0212 2.01
0819 0.57
1419 2.18
2049 0.30
10
SEG
0247 2.01
0853 0.56
1453 2.19
2119 0.31
26
QUA
0255 2.19
0901 0.38
1504 2.38
2125 0.12
11
TER
0321 2.10
0932 0.44
1534 2.31
2159 0.25
27
QUI
0332 2.34
0942 0.22
1547 2.55
2206 0.01
12
QUA
0359 2.17
1004 0.35
1608 2.39
2232 0.22
28
SEX
0414 2.44
1017 0.10
1625 2.65
2247 -0.04
13
QUI
0434 2.22
1038 0.29
1644 2.41
2304 0.22
14
SEX
0504 2.25
1110 0.28
1719 2.38
2336 0.27
15
SÁB
0534 2.22
1144 0.32
1755 2.31
16
DOM
0004 0.35
0610 2.16
1214 0.40
1823 2.19
Março
HORA ALT(m) HORA ALT(m)
01
SÁB
0453 2.48
1057 0.06
1708 2.66
2325 0.00
17
SEG
0532 2.23
1144 0.35
1753 2.21
2357 0.43
02
DOM
0531 2.45
1140 0.08
1753 2.59
18
TER
0606 2.14
1210 0.46
1821 2.08
03
SEG
0006 0.13
0614 2.34
1219 0.18
1836 2.42
19
QUA
0027 0.56
0642 2.01
1242 0.59
1859 1.92
04
TER
0053 0.32
0659 2.20
1308 0.34
1929 2.20
20
QUI
0059 0.70
0712 1.87
1319 0.73
1947 1.77
05
QUA
0142 0.55
0746 2.01
1404 0.53
2023 1.95
21
SEX
0136 0.85
0802 1.73
1412 0.86
2040 1.64
06
QUI
0240 0.78
0853 1.84
1519 0.71
2151 1.75
22
SÁB
0238 0.99
0908 1.65
1538 0.93
2212 1.58
07
SEX
0408 0.93
1016 1.73
1708 0.77
2334 1.68
23
DOM
0423 1.04
1051 1.65
1729 0.86
2353 1.66
08
SÁB
0559 0.94
1153 1.75
1849 0.69
24
SEG
0606 0.93
1206 1.78
1849 0.68
09
DOM
0101 1.74
0714 0.84
1308 1.88
1946 0.57
25
TER
0055 1.83
0708 0.76
1306 2.00
1934 0.47
10
SEG
0157 1.86
0802 0.69
1401 2.04
2034 0.45
26
QUA
0146 2.03
0755 0.54
1355 2.23
2021 0.26
11
TER
0236 1.97
0838 0.56
1440 2.17
2104 0.35
27
QUI
0225 2.22
0831 0.33
1440 2.44
2101 0.09
12
QUA
0304 2.08
0914 0.43
1514 2.28
2134 0.29
28
SEX
0304 2.38
0914 0.15
1521 2.61
2140 -0.01
13
QUI
0334 2.17
0946 0.33
1547 2.36
2204 0.25
29
SÁB
0347 2.49
0955 0.02
1604 2.69
2221 -0.03
14
SEX
0404 2.25
1010 0.26
1616 2.39
2234 0.24
30
DOM
0427 2.53
1034 -0.02
1647 2.67
2302 0.03
15
SÁB
0434 2.29
1042 0.24
1647 2.37
2301 0.26
31
SEG
0506 2.50
1117 0.02
1734 2.56
2344 0.18
16
DOM
0502 2.29
1112 0.27
1719 2.31
2327 0.33
Abril
HORA ALT(m) HORA ALT(m)
01
TER
0549 2.38
1202 0.14
1816 2.36
17
QUI
0612 2.04
1217 0.56
1834 1.92
02
QUA
0031 0.38
0638 2.22
1253 0.32
1912 2.12
18
SEX
0036 0.70
0653 1.92
1301 0.68
1927 1.79
03
QUI
0117 0.61
0725 2.04
1357 0.53
2012 1.88
19
SÁB
0114 0.84
0736 1.80
1359 0.78
2021 1.68
04
SEX
0225 0.83
0838 1.86
1517 0.71
2144 1.70
20
DOM
0221 0.95
0851 1.73
1521 0.83
2155 1.65
05
SÁB
0359 0.96
1002 1.75
1704 0.75
2327 1.65
21
SEG
0353 0.98
1014 1.74
1655 0.77
2314 1.71
06
DOM
0544 0.94
1134 1.78
1832 0.69
22
TER
0525 0.89
1125 1.87
1808 0.63
07
SEG
0040 1.73
0649 0.83
1253 1.90
1921 0.58
23
QUA
0014 1.86
0623 0.72
1232 2.05
1901 0.45
08
TER
0132 1.84
0740 0.69
1336 2.02
2006 0.50
24
QUI
0108 2.03
0717 0.51
1321 2.26
1947 0.28
09
QUA
0206 1.95
0810 0.56
1414 2.13
2040 0.42
25
SEX
0155 2.21
0802 0.30
1410 2.43
2032 0.15
10
QUI
0234 2.06
0844 0.45
1447 2.21
2104 0.36
26
SÁB
0236 2.36
0846 0.14
1459 2.56
2112 0.07
11
SEX
0302 2.16
0916 0.35
1516 2.28
2131 0.32
27
DOM
0317 2.46
0932 0.03
1542 2.60
2157 0.08
12
SÁB
0331 2.24
0946 0.29
1547 2.31
2159 0.30
28
SEG
0402 2.50
1012 -0.01
1627 2.56
2242 0.14
13
DOM
0401 2.29
1010 0.27
1616 2.30
2229 0.31
29
TER
0446 2.47
1101 0.04
1716 2.44
2323 0.27
14
SEG
0432 2.29
1040 0.30
1649 2.26
2259 0.36
30
QUA
0531 2.38
1153 0.16
1804 2.26
15
TER
0502 2.24
1114 0.36
1723 2.17
2323 0.45
16
QUA
0536 2.15
1147 0.45
1759 2.06
2357 0.57
DG6-62 Original
81
PORTO DO RECIFE (ESTADO DE PERNAMBUCO) - 2025
Latitude 08° 03'.4 S Longitude 34° 52' W Fuso UTC -03.0 horas
DHN 16 Componentes Nível Médio 1.28 m Carta 902
Maio
HORA ALT(m) HORA ALT(m)
01
QUI
0014 0.45
0619 2.24
1244 0.34
1901 2.05
17
SÁB
0025 0.68
0638 2.00
1253 0.59
1916 1.85
02
SEX
0104 0.63
0712 2.08
1353 0.52
2002 1.85
18
DOM
0108 0.77
0727 1.92
1355 0.65
2012 1.78
03
SÁB
0214 0.80
0823 1.92
1510 0.66
2125 1.72
19
SEG
0210 0.85
0831 1.88
1459 0.69
2123 1.75
04
DOM
0334 0.90
0938 1.83
1636 0.71
2242 1.68
20
TER
0317 0.86
0936 1.89
1614 0.66
2227 1.79
05
SEG
0502 0.89
1102 1.83
1751 0.69
2359 1.73
21
QUA
0438 0.80
1053 1.97
1725 0.59
2338 1.88
06
TER
0606 0.81
1212 1.88
1847 0.64
22
QUI
0544 0.67
1153 2.08
1823 0.48
07
QUA
0044 1.81
0659 0.71
1301 1.96
1923 0.59
23
SEX
0027 2.01
0642 0.50
1253 2.22
1914 0.38
08
QUI
0127 1.90
0740 0.61
1336 2.03
2001 0.54
24
SÁB
0121 2.15
0734 0.34
1344 2.33
2004 0.29
09
SEX
0159 2.00
0808 0.51
1412 2.09
2031 0.48
25
DOM
0206 2.28
0821 0.20
1438 2.41
2053 0.24
10
SÁB
0225 2.10
0842 0.44
1447 2.15
2059 0.43
26
SEG
0255 2.37
0912 0.11
1523 2.44
2136 0.24
11
DOM
0259 2.17
0914 0.38
1514 2.19
2125 0.40
27
TER
0344 2.43
1001 0.07
1614 2.40
2225 0.28
12
SEG
0332 2.22
0947 0.35
1549 2.19
2159 0.40
28
QUA
0427 2.42
1051 0.11
1702 2.31
2308 0.35
13
TER
0404 2.24
1016 0.35
1625 2.18
2234 0.43
29
QUI
0517 2.37
1146 0.20
1755 2.18
14
QUA
0440 2.21
1051 0.38
1702 2.13
2304 0.49
30
SEX
0001 0.47
0608 2.27
1236 0.33
1849 2.03
15
QUI
0514 2.15
1131 0.44
1742 2.05
2340 0.58
31
SÁB
0055 0.59
0702 2.15
1340 0.47
1946 1.90
16
SEX
0555 2.08
1206 0.51
1823 1.95
Junho
HORA ALT(m) HORA ALT(m)
01
DOM
0149 0.70
0802 2.03
1438 0.60
2046 1.79
17
TER
0147 0.69
0808 2.06
1431 0.55
2049 1.87
02
SEG
0259 0.78
0904 1.93
1553 0.68
2153 1.74
18
QUA
0251 0.71
0906 2.03
1542 0.59
2151 1.86
03
TER
0406 0.82
1014 1.86
1653 0.73
2253 1.73
19
QUI
0353 0.70
1014 2.02
1642 0.60
2253 1.88
04
QUA
0510 0.80
1112 1.85
1753 0.73
2351 1.77
20
SEX
0504 0.64
1117 2.05
1751 0.58
2357 1.96
05
QUI
0606 0.76
1210 1.85
1836 0.71
21
SÁB
0612 0.55
1227 2.10
1849 0.53
06
SEX
0031 1.83
0657 0.70
1257 1.90
1916 0.67
22
DOM
0051 2.05
0712 0.42
1323 2.17
1946 0.48
07
SÁB
0116 1.91
0736 0.63
1331 1.94
1953 0.62
23
SEG
0149 2.17
0808 0.31
1423 2.22
2036 0.42
08
DOM
0155 2.00
0810 0.56
1414 2.00
2027 0.56
24
TER
0238 2.27
0904 0.22
1512 2.26
2123 0.38
09
SEG
0225 2.08
0847 0.49
1453 2.06
2101 0.51
25
QUA
0331 2.35
0955 0.16
1604 2.26
2212 0.37
10
TER
0306 2.14
0925 0.43
1525 2.10
2136 0.48
26
QUI
0416 2.39
1044 0.16
1655 2.23
2259 0.37
11
QUA
0346 2.18
1001 0.39
1608 2.12
2216 0.48
27
SEX
0506 2.38
1136 0.20
1738 2.17
2344 0.42
12
QUI
0419 2.20
1038 0.37
1651 2.12
2253 0.49
28
SÁB
0555 2.34
1219 0.29
1827 2.08
13
SEX
0501 2.20
1119 0.37
1729 2.09
2329 0.53
29
DOM
0034 0.49
0640 2.24
1312 0.41
1912 1.99
14
SÁB
0544 2.18
1201 0.40
1814 2.04
30
SEG
0116 0.57
0731 2.12
1401 0.53
2001 1.89
15
DOM
0016 0.59
0625 2.14
1246 0.44
1902 1.98
16
SEG
0101 0.63
0714 2.10
1342 0.50
1953 1.92
Julho
HORA ALT(m) HORA ALT(m)
01
TER
0210 0.66
0819 2.00
1447 0.66
2053 1.81
17
QUI
0219 0.58
0838 2.09
1501 0.59
2110 1.89
02
QUA
0302 0.74
0912 1.88
1547 0.75
2146 1.76
18
SEX
0316 0.64
0946 2.00
1606 0.68
2216 1.85
03
QUI
0404 0.81
1010 1.79
1636 0.82
2240 1.73
19
SÁB
0440 0.66
1057 1.94
1727 0.73
2329 1.87
04
SEX
0504 0.83
1106 1.75
1742 0.83
2342 1.75
20
DOM
0553 0.63
1214 1.94
1832 0.71
05
SÁB
0606 0.81
1208 1.75
1827 0.81
21
SEG
0036 1.94
0706 0.52
1317 1.99
1942 0.64
06
DOM
0029 1.80
0701 0.75
1301 1.80
1919 0.75
22
TER
0142 2.07
0810 0.40
1421 2.06
2031 0.54
07
SEG
0121 1.88
0746 0.67
1344 1.87
2002 0.67
23
QUA
0231 2.20
0902 0.29
1508 2.14
2117 0.45
08
TER
0202 1.98
0829 0.57
1432 1.97
2042 0.59
24
QUI
0323 2.32
0951 0.21
1555 2.19
2202 0.37
09
QUA
0244 2.08
0906 0.47
1510 2.06
2121 0.52
25
SEX
0406 2.40
1034 0.18
1640 2.22
2244 0.33
10
QUI
0327 2.17
0947 0.37
1553 2.13
2201 0.46
26
SÁB
0449 2.42
1114 0.19
1714 2.21
2321 0.33
11
SEX
0404 2.26
1025 0.29
1636 2.18
2240 0.42
27
DOM
0532 2.39
1155 0.26
1755 2.16
12
SÁB
0444 2.31
1106 0.25
1712 2.20
2316 0.41
28
SEG
0002 0.37
0610 2.32
1231 0.36
1836 2.09
13
DOM
0527 2.33
1147 0.24
1757 2.18
2357 0.42
29
TER
0042 0.45
0651 2.19
1312 0.49
1910 2.01
14
SEG
0608 2.33
1227 0.29
1842 2.13
30
QUA
0117 0.56
0734 2.04
1351 0.62
1953 1.90
15
TER
0042 0.45
0653 2.27
1316 0.37
1923 2.05
31
QUI
0204 0.68
0814 1.90
1427 0.76
2042 1.80
16
QUA
0121 0.51
0746 2.19
1404 0.47
2014 1.97
Agosto
HORA ALT(m) HORA ALT(m)
01
SEX
0255 0.80
0904 1.76
1527 0.87
2132 1.71
17
DOM
0427 0.72
1047 1.80
1717 0.88
2314 1.79
02
SÁB
0353 0.89
1006 1.67
1623 0.93
2242 1.67
18
SEG
0559 0.69
1217 1.80
1834 0.82
03
DOM
0510 0.91
1117 1.64
1751 0.93
2351 1.70
19
TER
0036 1.88
0714 0.56
1327 1.89
1944 0.70
04
SEG
0634 0.86
1231 1.69
1849 0.87
20
QUA
0140 2.03
0814 0.43
1421 2.00
2025 0.57
05
TER
0053 1.79
0721 0.74
1323 1.80
1946 0.75
21
QUI
0227 2.19
0901 0.30
1502 2.11
2108 0.44
06
QUA
0146 1.92
0810 0.60
1414 1.94
2023 0.63
22
SEX
0312 2.32
0936 0.23
1538 2.18
2147 0.33
07
QUI
0223 2.07
0851 0.44
1457 2.08
2102 0.50
23
SÁB
0353 2.41
1014 0.19
1614 2.24
2219 0.27
08
SEX
0306 2.23
0927 0.29
1532 2.20
2142 0.38
24
DOM
0425 2.44
1049 0.20
1649 2.27
2255 0.25
09
SÁB
0347 2.37
1004 0.17
1614 2.29
2216 0.29
25
SEG
0502 2.41
1117 0.25
1717 2.25
2329 0.28
10
DOM
0423 2.46
1046 0.11
1653 2.34
2255 0.24
26
TER
0540 2.34
1151 0.34
1753 2.19
11
SEG
0504 2.50
1123 0.11
1729 2.33
2334 0.24
27
QUA
0002 0.36
0610 2.22
1221 0.45
1829 2.10
12
TER
0549 2.49
1204 0.17
1812 2.26
28
QUI
0036 0.48
0646 2.06
1255 0.59
1902 1.98
13
QUA
0014 0.28
0629 2.40
1247 0.30
1857 2.16
29
SEX
0110 0.63
0729 1.90
1329 0.74
1942 1.84
14
QUI
0059 0.37
0719 2.25
1336 0.46
1942 2.03
30
SÁB
0153 0.78
0808 1.75
1410 0.88
2040 1.71
15
SEX
0151 0.50
0812 2.08
1427 0.65
2042 1.90
31
DOM
0251 0.90
0914 1.61
1525 0.99
2142 1.62
16
SÁB
0257 0.63
0923 1.90
1546 0.80
2149 1.80
DG6-62 Original
82
PORTO DO RECIFE (ESTADO DE PERNAMBUCO) - 2025
Latitude 08° 03'.4 S Longitude 34° 52' W Fuso UTC -03.0 horas
DHN 16 Componentes Nível Médio 1.28 m Carta 902
Setembro
HORA ALT(m) HORA ALT(m)
01
SEG
0429 0.97
1034 1.57
1708 1.02
2308 1.64
17
QUA
0038 1.89
0714 0.55
1327 1.87
1938 0.69
02
TER
0555 0.91
1204 1.64
1821 0.93
18
QUI
0132 2.05
0804 0.43
1410 1.99
2014 0.54
03
QUA
0023 1.74
0702 0.75
1304 1.78
1923 0.79
19
SEX
0216 2.20
0846 0.33
1446 2.10
2049 0.41
04
QUI
0116 1.92
0744 0.57
1351 1.95
2002 0.61
20
SÁB
0255 2.31
0914 0.26
1514 2.19
2125 0.31
05
SEX
0201 2.11
0827 0.38
1431 2.13
2036 0.44
21
DOM
0327 2.38
0946 0.23
1546 2.26
2155 0.24
06
SÁB
0242 2.31
0902 0.20
1506 2.29
2116 0.28
22
SEG
0401 2.41
1016 0.24
1614 2.30
2221 0.22
07
DOM
0321 2.48
0940 0.08
1546 2.39
2153 0.15
23
TER
0429 2.38
1046 0.27
1646 2.30
2255 0.25
08
SEG
0401 2.59
1017 0.02
1625 2.45
2229 0.09
24
QUA
0502 2.31
1110 0.33
1714 2.25
2327 0.33
09
TER
0440 2.62
1059 0.03
1702 2.44
2308 0.09
25
QUI
0538 2.20
1140 0.44
1749 2.15
2359 0.45
10
QUA
0523 2.57
1136 0.13
1744 2.36
2353 0.16
26
SEX
0606 2.06
1212 0.57
1825 2.02
11
QUI
0606 2.44
1221 0.30
1829 2.23
27
SÁB
0029 0.59
0644 1.90
1246 0.72
1902 1.88
12
SEX
0036 0.30
0657 2.23
1308 0.51
1914 2.07
28
DOM
0110 0.74
0734 1.75
1323 0.87
1947 1.73
13
SÁB
0132 0.48
0757 2.00
1404 0.73
2017 1.89
29
SEG
0204 0.87
0827 1.61
1427 1.00
2101 1.64
14
DOM
0246 0.66
0912 1.79
1532 0.90
2132 1.77
30
TER
0332 0.95
1002 1.57
1614 1.05
2236 1.63
15
SEG
0432 0.75
1049 1.70
1721 0.94
2312 1.77
16
TER
0612 0.69
1223 1.76
1836 0.84
Outubro
HORA ALT(m) HORA ALT(m)
01
QUA
0516 0.88
1136 1.64
1753 0.95
2346 1.75
17
SEX
0112 2.05
0742 0.47
1347 1.97
1955 0.53
02
QUI
0631 0.73
1231 1.79
1844 0.79
18
SÁB
0153 2.15
0817 0.40
1414 2.07
2023 0.42
03
SEX
0046 1.94
0710 0.53
1319 1.97
1931 0.59
19
DOM
0229 2.23
0849 0.35
1446 2.16
2057 0.34
04
SÁB
0129 2.16
0753 0.34
1401 2.16
2006 0.39
20
SEG
0301 2.29
0912 0.32
1512 2.24
2127 0.28
05
DOM
0212 2.36
0836 0.17
1438 2.33
2046 0.21
21
TER
0329 2.31
0942 0.31
1544 2.29
2157 0.25
06
SEG
0255 2.53
0910 0.05
1516 2.44
2127 0.07
22
QUA
0401 2.29
1010 0.33
1612 2.30
2223 0.28
07
TER
0336 2.63
0951 0.01
1557 2.50
2204 0.00
23
QUI
0432 2.24
1042 0.37
1647 2.26
2257 0.35
08
QUA
0417 2.64
1034 0.05
1638 2.49
2247 0.02
24
SEX
0506 2.16
1108 0.45
1717 2.17
2332 0.44
09
QUI
0502 2.55
1112 0.16
1717 2.41
2336 0.11
25
SÁB
0544 2.05
1140 0.57
1755 2.06
10
SEX
0551 2.39
1159 0.35
1806 2.27
26
DOM
0004 0.56
0617 1.92
1219 0.71
1836 1.93
11
SÁB
0021 0.27
0642 2.16
1251 0.56
1859 2.09
27
SEG
0044 0.68
0708 1.78
1301 0.84
1919 1.81
12
DOM
0125 0.48
0747 1.93
1351 0.78
2004 1.91
28
TER
0146 0.79
0804 1.67
1357 0.95
2031 1.72
13
SEG
0244 0.65
0908 1.74
1523 0.92
2125 1.81
29
QUA
0257 0.85
0931 1.62
1525 1.00
2142 1.72
14
TER
0431 0.71
1044 1.69
1706 0.92
2304 1.82
30
QUI
0429 0.81
1044 1.67
1659 0.93
2302 1.82
15
QUA
0559 0.65
1208 1.76
1817 0.81
31
SEX
0542 0.69
1155 1.81
1801 0.77
16
QUI
0023 1.92
0659 0.55
1306 1.86
1914 0.67
Novembro
HORA ALT(m) HORA ALT(m)
01
SÁB
0002 1.98
0634 0.53
1238 1.97
1849 0.58
17
SEG
0157 2.09
0816 0.49
1410 2.09
2027 0.43
02
DOM
0057 2.17
0717 0.36
1327 2.14
1936 0.38
18
TER
0232 2.13
0847 0.45
1444 2.16
2101 0.38
03
SEG
0142 2.35
0802 0.23
1406 2.31
2016 0.20
19
QUA
0302 2.17
0912 0.42
1516 2.22
2134 0.34
04
TER
0229 2.49
0847 0.13
1449 2.42
2102 0.07
20
QUI
0334 2.18
0944 0.41
1551 2.25
2204 0.34
05
QUA
0312 2.56
0925 0.10
1534 2.49
2149 0.00
21
SEX
0410 2.16
1017 0.43
1623 2.23
2238 0.37
06
QUI
0401 2.55
1012 0.14
1616 2.49
2231 0.02
22
SÁB
0449 2.13
1053 0.47
1701 2.18
2316 0.42
07
SEX
0449 2.47
1059 0.24
1702 2.43
2325 0.11
23
DOM
0523 2.06
1123 0.55
1740 2.11
2355 0.49
08
SÁB
0538 2.31
1144 0.39
1753 2.31
24
SEG
0604 1.97
1204 0.65
1817 2.03
09
DOM
0016 0.26
0632 2.12
1242 0.57
1849 2.15
25
TER
0032 0.57
0653 1.87
1251 0.74
1904 1.95
10
SEG
0123 0.44
0738 1.92
1340 0.73
1953 2.00
26
QUA
0129 0.65
0747 1.79
1334 0.83
2001 1.88
11
TER
0234 0.59
0849 1.77
1502 0.84
2108 1.90
27
QUI
0221 0.70
0846 1.74
1447 0.87
2102 1.87
12
QUA
0404 0.66
1010 1.72
1631 0.86
2238 1.87
28
SEX
0340 0.71
0957 1.75
1555 0.84
2214 1.90
13
QUI
0521 0.66
1134 1.74
1742 0.79
2342 1.91
29
SÁB
0446 0.66
1059 1.81
1706 0.74
2317 1.99
14
SEX
0621 0.62
1221 1.82
1836 0.70
30
DOM
0553 0.57
1201 1.93
1808 0.60
15
SÁB
0044 1.98
0706 0.57
1308 1.90
1921 0.60
16
DOM
0119 2.04
0744 0.53
1344 2.00
1957 0.50
Dezembro
HORA ALT(m) HORA ALT(m)
01
SEG
0021 2.11
0646 0.47
1249 2.07
1904 0.43
17
QUA
0206 1.96
0819 0.60
1416 2.05
2042 0.50
02
TER
0114 2.25
0736 0.37
1344 2.21
1957 0.27
18
QUI
0246 2.02
0855 0.54
1455 2.13
2117 0.44
03
QUA
0208 2.35
0825 0.29
1425 2.34
2046 0.14
19
SEX
0316 2.08
0927 0.49
1534 2.19
2153 0.38
04
QUI
0301 2.41
0910 0.25
1516 2.42
2138 0.07
20
SÁB
0357 2.12
1002 0.46
1608 2.23
2225 0.36
05
SEX
0347 2.41
0959 0.25
1604 2.46
2225 0.06
21
DOM
0436 2.13
1040 0.46
1646 2.23
2304 0.35
06
SÁB
0440 2.36
1047 0.29
1653 2.44
2319 0.12
22
SEG
0512 2.13
1112 0.48
1725 2.22
2344 0.36
07
DOM
0527 2.27
1132 0.38
1746 2.37
23
TER
0553 2.08
1151 0.53
1804 2.19
08
SEG
0010 0.22
0621 2.13
1229 0.49
1836 2.26
24
QUA
0019 0.41
0636 2.02
1234 0.58
1846 2.13
09
TER
0110 0.36
0716 1.99
1319 0.61
1934 2.13
25
QUI
0106 0.47
0717 1.95
1312 0.64
1934 2.07
10
QUA
0208 0.50
0814 1.87
1427 0.71
2036 2.00
26
SEX
0157 0.54
0808 1.88
1406 0.70
2027 2.02
11
QUI
0317 0.63
0919 1.77
1529 0.78
2142 1.90
27
SÁB
0247 0.62
0904 1.83
1504 0.72
2129 1.97
12
SEX
0421 0.71
1021 1.74
1647 0.80
2253 1.86
28
DOM
0359 0.66
1006 1.82
1619 0.72
2242 1.96
13
SÁB
0531 0.74
1129 1.75
1747 0.77
2349 1.84
29
SEG
0508 0.68
1117 1.86
1731 0.64
2351 2.00
14
DOM
0619 0.74
1214 1.80
1844 0.71
30
TER
0614 0.63
1217 1.96
1846 0.52
15
SEG
0047 1.86
0704 0.71
1302 1.87
1925 0.65
31
QUA
0101 2.08
0719 0.56
1323 2.09
1946 0.38
16
TER
0123 1.91
0746 0.66
1346 1.97
2004 0.57
DG6-62 Original
