83
PORTO DE SUAPE (ESTADO DE PERNAMBUCO) - 2025
Latitude 08° 23'.6 S Longitude 34° 57'.6 W Fuso UTC -03.0 horas
SUAPE 30 Componentes Nível Médio 1.27 m Carta 906
Janeiro
HORA ALT(m) HORA ALT(m)
01
QUA
0457 2.11
1057 0.44
1702 2.25
2323 0.27
17
SEX
0001 0.31
0604 2.12
1202 0.49
1817 2.24
02
QUI
0536 2.12
1134 0.47
1746 2.27
18
SÁB
0034 0.41
0640 2.07
1238 0.57
1857 2.15
03
SEX
0006 0.30
0616 2.11
1216 0.51
1827 2.27
19
DOM
0110 0.51
0716 1.99
1317 0.66
1936 2.03
04
SÁB
0051 0.35
0701 2.07
1302 0.56
1914 2.22
20
SEG
0151 0.63
0759 1.89
1402 0.76
2019 1.90
05
DOM
0140 0.44
0751 2.01
1357 0.63
2008 2.15
21
TER
0238 0.74
0849 1.78
1501 0.84
2116 1.76
06
SEG
0234 0.54
0847 1.93
1459 0.68
2108 2.05
22
QUA
0338 0.83
0955 1.70
1614 0.88
2227 1.67
07
TER
0338 0.63
0953 1.87
1608 0.70
2217 1.96
23
QUI
0455 0.87
1110 1.67
1738 0.85
2351 1.65
08
QUA
0453 0.68
1104 1.85
1725 0.66
2336 1.92
24
SEX
0612 0.83
1225 1.72
1849 0.76
09
QUI
0606 0.67
1216 1.89
1840 0.58
25
SÁB
0104 1.71
0716 0.74
1323 1.82
1946 0.62
10
SEX
0053 1.93
0714 0.61
1319 1.97
1944 0.46
26
DOM
0202 1.82
0806 0.63
1410 1.96
2031 0.47
11
SÁB
0157 1.98
0810 0.53
1416 2.07
2040 0.35
27
SEG
0247 1.95
0849 0.52
1453 2.10
2112 0.34
12
DOM
0251 2.05
0859 0.47
1502 2.17
2127 0.26
28
TER
0327 2.09
0927 0.42
1532 2.25
2153 0.22
13
SEG
0338 2.10
0942 0.42
1547 2.24
2208 0.21
29
QUA
0404 2.21
1004 0.34
1610 2.38
2231 0.14
14
TER
0417 2.14
1017 0.40
1627 2.29
2249 0.21
30
QUI
0444 2.30
1044 0.28
1651 2.47
2310 0.10
15
QUA
0457 2.16
1055 0.40
1704 2.32
2325 0.25
31
SEX
0519 2.35
1119 0.26
1729 2.51
2351 0.12
16
QUI
0531 2.15
1127 0.44
1742 2.30
Fevereiro
HORA ALT(m) HORA ALT(m)
01
SÁB
0559 2.34
1201 0.29
1810 2.49
17
SEG
0027 0.44
0632 2.09
1234 0.54
1851 2.07
02
DOM
0031 0.19
0640 2.27
1244 0.35
1857 2.38
18
TER
0101 0.55
0706 1.97
1310 0.64
1927 1.91
03
SEG
0114 0.32
0721 2.15
1331 0.46
1946 2.22
19
QUA
0136 0.68
0747 1.82
1357 0.76
2014 1.74
04
TER
0202 0.49
0812 1.99
1429 0.59
2044 2.02
20
QUI
0223 0.82
0840 1.68
1501 0.86
2119 1.59
05
QUA
0304 0.67
0916 1.83
1544 0.70
2157 1.83
21
SEX
0338 0.93
1001 1.59
1640 0.90
2259 1.54
06
QUI
0427 0.80
1042 1.73
1716 0.73
2329 1.73
22
SÁB
0523 0.94
1138 1.62
1814 0.81
07
SEX
0604 0.82
1212 1.75
1846 0.65
23
DOM
0036 1.62
0649 0.84
1253 1.76
1917 0.65
08
SÁB
0102 1.76
0721 0.75
1323 1.86
1951 0.52
24
SEG
0140 1.79
0744 0.69
1346 1.96
2006 0.46
09
DOM
0206 1.86
0816 0.64
1416 2.00
2042 0.40
25
TER
0223 1.99
0825 0.52
1427 2.18
2049 0.28
10
SEG
0255 1.97
0857 0.54
1459 2.14
2121 0.31
26
QUA
0302 2.19
0904 0.35
1508 2.39
2129 0.12
11
TER
0329 2.07
0931 0.46
1536 2.25
2157 0.25
27
QUI
0342 2.36
0942 0.21
1549 2.56
2206 0.01
12
QUA
0402 2.16
1002 0.40
1608 2.33
2227 0.23
28
SEX
0417 2.48
1019 0.11
1627 2.66
2247 -0.03
13
QUI
0432 2.21
1031 0.37
1642 2.37
2259 0.24
14
SEX
0502 2.24
1101 0.37
1712 2.37
2327 0.29
15
SÁB
0531 2.23
1129 0.39
1746 2.31
2357 0.35
16
DOM
0602 2.18
1201 0.45
1816 2.21
Março
HORA ALT(m) HORA ALT(m)
01
SÁB
0455 2.53
1059 0.07
1708 2.68
2325 -0.00
17
SEG
0525 2.21
1127 0.39
1744 2.17
2349 0.42
02
DOM
0534 2.50
1140 0.10
1751 2.59
18
TER
0557 2.12
1159 0.47
1814 2.04
03
SEG
0006 0.11
0614 2.39
1221 0.21
1836 2.41
19
QUA
0017 0.53
0627 1.99
1232 0.57
1851 1.88
04
TER
0051 0.29
0659 2.20
1310 0.37
1925 2.17
20
QUI
0053 0.66
0702 1.85
1312 0.69
1934 1.72
05
QUA
0140 0.52
0749 1.98
1410 0.56
2025 1.90
21
SEX
0134 0.80
0751 1.71
1412 0.82
2038 1.57
06
QUI
0242 0.75
0855 1.77
1534 0.72
2149 1.69
22
SÁB
0242 0.95
0904 1.60
1553 0.89
2216 1.52
07
SEX
0417 0.91
1031 1.66
1719 0.75
2340 1.62
23
DOM
0436 1.00
1051 1.62
1738 0.81
08
SÁB
0608 0.90
1212 1.71
1847 0.66
24
SEG
0001 1.62
0610 0.90
1212 1.78
1846 0.64
09
DOM
0108 1.71
0719 0.80
1319 1.85
1946 0.53
25
TER
0102 1.82
0706 0.72
1308 2.02
1934 0.44
10
SEG
0202 1.85
0804 0.68
1404 2.01
2027 0.43
26
QUA
0149 2.04
0753 0.51
1355 2.27
2016 0.24
11
TER
0240 1.97
0842 0.57
1442 2.15
2101 0.35
27
QUI
0229 2.26
0832 0.30
1438 2.49
2057 0.08
12
QUA
0308 2.09
0908 0.48
1512 2.26
2131 0.30
28
SEX
0308 2.45
0912 0.12
1519 2.65
2138 -0.03
13
QUI
0336 2.18
0938 0.41
1544 2.34
2159 0.28
29
SÁB
0349 2.57
0955 -0.00
1602 2.73
2219 -0.07
14
SEX
0402 2.25
1004 0.36
1612 2.36
2225 0.28
30
DOM
0429 2.60
1036 -0.04
1647 2.69
2302 -0.01
15
SÁB
0431 2.28
1031 0.34
1644 2.34
2253 0.30
31
SEG
0510 2.54
1119 0.02
1732 2.55
2347 0.13
16
DOM
0459 2.27
1101 0.35
1712 2.28
2319 0.35
Abril
HORA ALT(m) HORA ALT(m)
01
TER
0553 2.39
1204 0.15
1819 2.32
17
QUI
0601 1.98
1208 0.55
1827 1.83
02
QUA
0031 0.34
0640 2.18
1259 0.35
1912 2.06
18
SEX
0025 0.68
0638 1.86
1253 0.66
1914 1.70
03
QUI
0121 0.58
0732 1.95
1402 0.55
2017 1.81
19
SÁB
0110 0.82
0725 1.76
1355 0.78
2019 1.60
04
SEX
0229 0.81
0842 1.76
1531 0.70
2146 1.64
20
DOM
0216 0.94
0836 1.69
1523 0.83
2149 1.58
05
SÁB
0408 0.94
1017 1.67
1710 0.73
2329 1.62
21
SEG
0355 0.98
1006 1.72
1657 0.77
2312 1.68
06
DOM
0549 0.92
1151 1.74
1825 0.66
22
TER
0521 0.89
1127 1.86
1802 0.62
07
SEG
0046 1.72
0653 0.83
1253 1.87
1916 0.57
23
QUA
0016 1.86
0623 0.72
1227 2.08
1853 0.44
08
TER
0131 1.85
0736 0.72
1336 2.02
1957 0.49
24
QUI
0106 2.07
0712 0.50
1317 2.30
1940 0.26
09
QUA
0206 1.97
0808 0.61
1410 2.14
2029 0.43
25
SEX
0153 2.28
0759 0.28
1404 2.49
2023 0.12
10
QUI
0236 2.08
0840 0.51
1446 2.22
2059 0.38
26
SÁB
0236 2.44
0844 0.10
1453 2.60
2108 0.03
11
SEX
0304 2.17
0908 0.43
1514 2.27
2127 0.35
27
DOM
0317 2.53
0929 -0.01
1540 2.63
2155 0.01
12
SÁB
0332 2.22
0936 0.38
1546 2.27
2155 0.34
28
SEG
0402 2.55
1014 -0.04
1627 2.56
2242 0.08
13
DOM
0401 2.24
1004 0.35
1614 2.24
2221 0.36
29
TER
0451 2.48
1102 0.02
1716 2.40
2327 0.22
14
SEG
0429 2.22
1032 0.36
1646 2.17
2251 0.40
30
QUA
0536 2.34
1155 0.16
1808 2.20
15
TER
0459 2.16
1102 0.39
1714 2.07
2319 0.46
16
QUA
0527 2.08
1134 0.46
1749 1.96
2351 0.56
DG6-62 Original
84
PORTO DE SUAPE (ESTADO DE PERNAMBUCO) - 2025
Latitude 08° 23'.6 S Longitude 34° 57'.6 W Fuso UTC -03.0 horas
SUAPE 30 Componentes Nível Médio 1.27 m Carta 906
Maio
HORA ALT(m) HORA ALT(m)
01
QUI
0016 0.42
0625 2.16
1251 0.34
1904 1.98
17
SÁB
0016 0.71
0627 1.92
1249 0.62
1908 1.75
02
SEX
0112 0.62
0719 1.98
1357 0.52
2010 1.80
18
DOM
0104 0.81
0716 1.86
1347 0.70
2008 1.70
03
SÁB
0216 0.80
0825 1.84
1514 0.65
2125 1.69
19
SEG
0204 0.88
0816 1.84
1459 0.73
2116 1.71
04
DOM
0338 0.91
0946 1.77
1634 0.70
2246 1.68
20
TER
0317 0.90
0929 1.87
1612 0.70
2225 1.78
05
SEG
0459 0.92
1102 1.80
1740 0.68
2351 1.74
21
QUA
0434 0.83
1044 1.96
1716 0.60
2327 1.91
06
TER
0602 0.86
1204 1.89
1831 0.64
22
QUI
0540 0.69
1147 2.10
1812 0.47
07
QUA
0042 1.84
0651 0.76
1255 1.98
1912 0.58
23
SEX
0023 2.06
0636 0.50
1244 2.24
1904 0.34
08
QUI
0121 1.94
0731 0.66
1334 2.06
1949 0.52
24
SÁB
0116 2.20
0729 0.32
1338 2.36
1955 0.24
09
SEX
0159 2.04
0806 0.56
1410 2.12
2021 0.48
25
DOM
0206 2.32
0819 0.16
1429 2.42
2046 0.18
10
SÁB
0231 2.10
0840 0.48
1447 2.14
2055 0.44
26
SEG
0257 2.40
0910 0.07
1521 2.42
2134 0.17
11
DOM
0302 2.14
0910 0.43
1519 2.13
2127 0.43
27
TER
0346 2.42
1002 0.04
1612 2.36
2223 0.22
12
SEG
0336 2.15
0944 0.40
1553 2.10
2159 0.44
28
QUA
0434 2.38
1053 0.08
1706 2.26
2314 0.32
13
TER
0406 2.13
1014 0.39
1625 2.04
2229 0.47
29
QUI
0523 2.30
1146 0.18
1801 2.13
14
QUA
0438 2.09
1047 0.42
1701 1.97
2302 0.53
30
SEX
0004 0.45
0612 2.20
1240 0.32
1853 2.00
15
QUI
0510 2.04
1121 0.47
1738 1.90
2338 0.61
31
SÁB
0057 0.59
0704 2.08
1338 0.46
1949 1.88
16
SEX
0547 1.98
1201 0.54
1819 1.82
Junho
HORA ALT(m) HORA ALT(m)
01
DOM
0151 0.72
0801 1.98
1438 0.58
2046 1.80
17
TER
0147 0.75
0757 2.03
1429 0.61
2044 1.87
02
SEG
0249 0.82
0859 1.90
1540 0.67
2146 1.77
18
QUA
0246 0.76
0857 2.01
1531 0.62
2142 1.88
03
TER
0353 0.87
1002 1.87
1640 0.71
2244 1.77
19
QUI
0351 0.73
1002 2.02
1636 0.60
2246 1.92
04
QUA
0457 0.86
1106 1.87
1734 0.71
2340 1.81
20
SEX
0501 0.66
1110 2.05
1738 0.55
2349 1.98
05
QUI
0557 0.81
1204 1.90
1821 0.68
21
SÁB
0606 0.54
1217 2.09
1840 0.48
06
SEX
0031 1.88
0647 0.73
1255 1.94
1906 0.63
22
DOM
0051 2.07
0710 0.40
1319 2.15
1938 0.42
07
SÁB
0116 1.94
0732 0.63
1340 1.97
1949 0.58
23
SEG
0149 2.16
0808 0.27
1417 2.19
2032 0.36
08
DOM
0159 1.99
0812 0.55
1419 1.99
2027 0.54
24
TER
0244 2.24
0902 0.17
1514 2.22
2123 0.33
09
SEG
0238 2.03
0853 0.48
1501 1.99
2104 0.51
25
QUA
0334 2.30
0957 0.12
1606 2.22
2214 0.33
10
TER
0314 2.06
0927 0.43
1538 1.99
2144 0.50
26
QUI
0423 2.33
1046 0.13
1657 2.19
2302 0.36
11
QUA
0351 2.07
1004 0.41
1616 1.98
2217 0.52
27
SEX
0510 2.33
1132 0.18
1744 2.14
2347 0.43
12
QUI
0425 2.08
1042 0.41
1655 1.96
2255 0.55
28
SÁB
0555 2.29
1217 0.28
1827 2.08
13
SEX
0502 2.08
1117 0.43
1734 1.93
2332 0.60
29
DOM
0029 0.52
0640 2.22
1302 0.40
1910 2.01
14
SÁB
0540 2.07
1159 0.47
1814 1.91
30
SEG
0112 0.61
0721 2.12
1349 0.53
1957 1.93
15
DOM
0012 0.66
0619 2.06
1244 0.52
1901 1.89
16
SEG
0057 0.71
0704 2.05
1332 0.57
1949 1.87
Julho
HORA ALT(m) HORA ALT(m)
01
TER
0157 0.71
0808 2.02
1438 0.64
2044 1.86
17
QUI
0214 0.61
0827 2.09
1455 0.59
2104 1.92
02
QUA
0247 0.79
0901 1.91
1531 0.73
2136 1.80
18
SEX
0316 0.66
0932 1.98
1602 0.65
2210 1.87
03
QUI
0346 0.84
1002 1.83
1629 0.77
2234 1.77
19
SÁB
0434 0.67
1049 1.91
1716 0.68
2325 1.86
04
SEX
0453 0.85
1108 1.78
1729 0.77
2336 1.78
20
DOM
0557 0.61
1208 1.90
1831 0.65
05
SÁB
0601 0.80
1212 1.78
1825 0.74
21
SEG
0040 1.92
0708 0.49
1321 1.95
1936 0.58
06
DOM
0038 1.81
0701 0.71
1310 1.81
1917 0.68
22
TER
0146 2.03
0810 0.36
1421 2.03
2031 0.49
07
SEG
0131 1.87
0753 0.61
1401 1.86
2006 0.62
23
QUA
0242 2.15
0902 0.24
1512 2.11
2119 0.42
08
TER
0216 1.94
0836 0.51
1447 1.91
2051 0.56
24
QUI
0327 2.27
0949 0.17
1559 2.17
2202 0.38
09
QUA
0301 2.02
0916 0.43
1527 1.97
2129 0.52
25
SEX
0410 2.35
1031 0.16
1638 2.20
2242 0.36
10
QUI
0338 2.09
0955 0.37
1606 2.02
2206 0.50
26
SÁB
0451 2.39
1108 0.19
1716 2.20
2317 0.38
11
SEX
0414 2.16
1031 0.33
1644 2.06
2246 0.49
27
DOM
0527 2.38
1147 0.26
1753 2.18
2355 0.43
12
SÁB
0451 2.22
1106 0.32
1719 2.09
2319 0.49
28
SEG
0604 2.32
1221 0.36
1829 2.12
13
DOM
0527 2.26
1146 0.33
1759 2.10
2359 0.50
29
TER
0029 0.50
0642 2.21
1259 0.48
1904 2.04
14
SEG
0604 2.27
1225 0.37
1840 2.08
30
QUA
0106 0.59
0719 2.08
1336 0.60
1947 1.94
15
TER
0038 0.53
0647 2.25
1308 0.43
1921 2.05
31
QUI
0147 0.69
0802 1.92
1421 0.72
2031 1.83
16
QUA
0121 0.57
0732 2.18
1359 0.50
2008 1.99
Agosto
HORA ALT(m) HORA ALT(m)
01
SEX
0238 0.79
0857 1.77
1517 0.81
2127 1.73
17
DOM
0425 0.71
1047 1.74
1714 0.81
2321 1.75
02
SÁB
0346 0.86
1006 1.66
1629 0.86
2240 1.68
18
SEG
0604 0.66
1221 1.76
1840 0.76
03
DOM
0512 0.86
1132 1.63
1747 0.85
2359 1.69
19
TER
0047 1.84
0719 0.52
1332 1.87
1942 0.65
04
SEG
0632 0.78
1249 1.69
1855 0.77
20
QUA
0149 2.00
0814 0.38
1423 1.99
2029 0.54
05
TER
0104 1.78
0732 0.65
1346 1.79
1947 0.68
21
QUI
0236 2.15
0859 0.27
1504 2.11
2108 0.45
06
QUA
0157 1.91
0817 0.51
1431 1.92
2031 0.58
22
SEX
0316 2.29
0934 0.21
1540 2.19
2144 0.39
07
QUI
0240 2.05
0859 0.38
1508 2.04
2110 0.49
23
SÁB
0353 2.38
1006 0.19
1612 2.24
2216 0.35
08
SEX
0317 2.19
0936 0.28
1547 2.15
2147 0.41
24
DOM
0423 2.42
1040 0.22
1644 2.26
2247 0.34
09
SÁB
0355 2.32
1010 0.20
1619 2.24
2223 0.35
25
SEG
0457 2.40
1108 0.27
1714 2.24
2316 0.37
10
DOM
0429 2.42
1046 0.16
1657 2.29
2259 0.31
26
TER
0527 2.34
1138 0.35
1746 2.19
2349 0.42
11
SEG
0504 2.48
1121 0.17
1732 2.30
2336 0.30
27
QUA
0601 2.23
1208 0.44
1817 2.10
12
TER
0546 2.47
1201 0.22
1810 2.26
28
QUI
0019 0.50
0634 2.08
1242 0.56
1855 1.98
13
QUA
0014 0.33
0625 2.39
1242 0.32
1855 2.17
29
SEX
0057 0.60
0710 1.91
1319 0.69
1934 1.84
14
QUI
0059 0.41
0710 2.25
1329 0.46
1942 2.04
30
SÁB
0142 0.73
0759 1.73
1410 0.82
2027 1.71
15
SEX
0151 0.52
0804 2.05
1425 0.62
2038 1.89
31
DOM
0244 0.84
0908 1.58
1529 0.92
2144 1.61
16
SÁB
0257 0.64
0912 1.86
1542 0.76
2151 1.77
DG6-62 Original
85
PORTO DE SUAPE (ESTADO DE PERNAMBUCO) - 2025
Latitude 08° 23'.6 S Longitude 34° 57'.6 W Fuso UTC -03.0 horas
SUAPE 30 Componentes Nível Médio 1.27 m Carta 906
Setembro
HORA ALT(m) HORA ALT(m)
01
SEG
0421 0.89
1055 1.53
1708 0.94
2316 1.62
17
QUA
0047 1.86
0717 0.51
1331 1.88
1934 0.67
02
TER
0602 0.82
1225 1.63
1827 0.85
18
QUI
0140 2.03
0802 0.39
1410 2.01
2014 0.56
03
QUA
0034 1.75
0706 0.67
1323 1.79
1921 0.72
19
SEX
0219 2.18
0840 0.31
1444 2.12
2049 0.46
04
QUI
0129 1.92
0753 0.50
1404 1.97
2004 0.58
20
SÁB
0255 2.29
0910 0.27
1512 2.21
2117 0.40
05
SEX
0210 2.12
0831 0.34
1442 2.14
2044 0.43
21
DOM
0325 2.36
0940 0.26
1542 2.26
2147 0.35
06
SÁB
0249 2.31
0906 0.19
1514 2.29
2117 0.30
22
SEG
0357 2.38
1004 0.27
1608 2.27
2214 0.33
07
DOM
0325 2.48
0942 0.09
1551 2.41
2155 0.19
23
TER
0425 2.35
1032 0.30
1638 2.25
2244 0.34
08
SEG
0402 2.59
1016 0.03
1627 2.46
2232 0.13
24
QUA
0455 2.28
1059 0.36
1706 2.20
2312 0.38
09
TER
0442 2.63
1055 0.04
1704 2.46
2310 0.12
25
QUI
0523 2.17
1127 0.43
1738 2.11
2344 0.45
10
QUA
0521 2.57
1134 0.13
1746 2.37
2355 0.18
26
SEX
0557 2.03
1159 0.54
1810 1.99
11
QUI
0604 2.42
1217 0.28
1829 2.22
27
SÁB
0017 0.55
0632 1.87
1234 0.67
1851 1.86
12
SEX
0040 0.31
0653 2.20
1306 0.48
1917 2.03
28
DOM
0101 0.68
0716 1.70
1319 0.82
1942 1.72
13
SÁB
0134 0.49
0751 1.94
1406 0.70
2019 1.84
29
SEG
0201 0.81
0823 1.56
1436 0.96
2057 1.62
14
DOM
0251 0.66
0910 1.72
1540 0.87
2146 1.71
30
TER
0336 0.89
1014 1.51
1629 1.00
2232 1.63
15
SEG
0438 0.73
1102 1.65
1725 0.88
2327 1.72
16
TER
0614 0.65
1234 1.74
1844 0.79
Outubro
HORA ALT(m) HORA ALT(m)
01
QUA
0523 0.84
1153 1.62
1753 0.91
2355 1.76
17
SEX
0112 2.03
0736 0.47
1344 2.01
1947 0.60
02
QUI
0631 0.69
1249 1.80
1847 0.76
18
SÁB
0153 2.15
0810 0.40
1414 2.11
2017 0.50
03
SEX
0051 1.96
0716 0.51
1329 2.00
1929 0.58
19
DOM
0225 2.23
0842 0.37
1444 2.18
2051 0.43
04
SÁB
0134 2.18
0757 0.32
1404 2.20
2006 0.39
20
SEG
0259 2.27
0908 0.34
1510 2.22
2117 0.38
05
DOM
0214 2.39
0832 0.16
1442 2.37
2046 0.21
21
TER
0329 2.27
0936 0.34
1540 2.23
2149 0.35
06
SEG
0255 2.56
0908 0.03
1517 2.50
2125 0.07
22
QUA
0359 2.23
1002 0.36
1608 2.21
2216 0.35
07
TER
0336 2.65
0949 -0.02
1559 2.55
2206 -0.00
23
QUI
0429 2.16
1029 0.40
1638 2.16
2249 0.38
08
QUA
0417 2.65
1029 0.01
1640 2.51
2251 0.01
24
SEX
0501 2.07
1059 0.46
1708 2.08
2319 0.44
09
QUI
0502 2.55
1112 0.12
1723 2.40
2338 0.11
25
SÁB
0532 1.96
1131 0.56
1746 1.98
2357 0.53
10
SEX
0551 2.36
1159 0.31
1810 2.22
26
DOM
0608 1.83
1206 0.68
1823 1.87
11
SÁB
0029 0.28
0644 2.11
1253 0.54
1904 2.02
27
SEG
0040 0.65
0657 1.70
1253 0.83
1912 1.77
12
DOM
0131 0.47
0747 1.86
1401 0.76
2012 1.83
28
TER
0136 0.77
0759 1.60
1401 0.96
2019 1.70
13
SEG
0255 0.64
0912 1.68
1538 0.90
2142 1.74
29
QUA
0257 0.84
0927 1.56
1538 1.00
2142 1.71
14
TER
0434 0.69
1101 1.66
1714 0.89
2314 1.78
30
QUI
0431 0.82
1059 1.65
1702 0.93
2301 1.81
15
QUA
0559 0.64
1217 1.76
1821 0.81
31
SEX
0542 0.70
1159 1.81
1801 0.78
16
QUI
0023 1.90
0655 0.54
1306 1.89
1908 0.70
Novembro
HORA ALT(m) HORA ALT(m)
01
SÁB
0001 1.99
0631 0.54
1244 2.00
1847 0.58
17
SEG
0157 2.09
0808 0.49
1412 2.09
2023 0.50
02
DOM
0053 2.18
0716 0.36
1325 2.19
1931 0.38
18
TER
0232 2.11
0842 0.45
1446 2.13
2057 0.44
03
SEG
0140 2.37
0759 0.20
1406 2.36
2014 0.18
19
QUA
0306 2.11
0910 0.43
1516 2.15
2129 0.40
04
TER
0225 2.51
0842 0.08
1449 2.48
2101 0.04
20
QUI
0342 2.09
0944 0.43
1549 2.14
2202 0.39
05
QUA
0312 2.57
0923 0.03
1532 2.52
2147 -0.03
21
SEX
0414 2.05
1012 0.45
1621 2.11
2236 0.40
06
QUI
0401 2.55
1008 0.06
1619 2.49
2236 -0.01
22
SÁB
0449 1.99
1046 0.51
1657 2.06
2310 0.45
07
SEX
0449 2.44
1059 0.17
1708 2.39
2329 0.09
23
DOM
0523 1.92
1117 0.59
1732 2.00
2349 0.51
08
SÁB
0542 2.27
1149 0.35
1801 2.24
24
SEG
0602 1.85
1157 0.69
1810 1.95
09
DOM
0025 0.24
0638 2.07
1244 0.55
1859 2.08
25
TER
0031 0.60
0646 1.77
1240 0.80
1857 1.89
10
SEG
0127 0.42
0740 1.88
1351 0.73
2002 1.94
26
QUA
0119 0.68
0738 1.71
1334 0.88
1951 1.85
11
TER
0242 0.57
0855 1.75
1510 0.85
2114 1.85
27
QUI
0219 0.74
0840 1.69
1446 0.92
2055 1.85
12
QUA
0401 0.65
1017 1.72
1632 0.88
2231 1.84
28
SEX
0329 0.75
0951 1.72
1559 0.88
2202 1.90
13
QUI
0514 0.67
1129 1.76
1738 0.84
2340 1.89
29
SÁB
0442 0.70
1059 1.82
1706 0.76
2310 1.99
14
SEX
0612 0.64
1223 1.85
1829 0.76
30
DOM
0544 0.59
1157 1.96
1804 0.60
15
SÁB
0032 1.97
0659 0.59
1304 1.94
1910 0.67
16
DOM
0117 2.03
0736 0.54
1340 2.02
1949 0.58
Dezembro
HORA ALT(m) HORA ALT(m)
01
SEG
0010 2.12
0638 0.45
1249 2.11
1859 0.41
17
QUA
0212 1.93
0819 0.56
1425 2.02
2042 0.50
02
TER
0108 2.24
0729 0.32
1338 2.25
1953 0.23
18
QUI
0255 1.97
0857 0.51
1502 2.06
2119 0.43
03
QUA
0204 2.34
0817 0.21
1427 2.36
2046 0.10
19
SEX
0332 1.99
0932 0.48
1540 2.09
2157 0.39
04
QUI
0259 2.40
0908 0.16
1517 2.42
2138 0.02
20
SÁB
0408 2.01
1006 0.48
1614 2.11
2232 0.38
05
SEX
0351 2.40
0959 0.16
1608 2.44
2229 0.01
21
DOM
0446 2.01
1042 0.51
1649 2.11
2308 0.40
06
SÁB
0444 2.35
1049 0.23
1701 2.40
2323 0.07
22
SEG
0517 1.99
1114 0.56
1723 2.11
2344 0.43
07
DOM
0534 2.25
1140 0.34
1751 2.32
23
TER
0555 1.97
1151 0.62
1801 2.10
08
SEG
0016 0.18
0625 2.13
1231 0.48
1844 2.22
24
QUA
0019 0.48
0631 1.93
1227 0.68
1840 2.08
09
TER
0110 0.33
0717 2.00
1325 0.63
1938 2.10
25
QUI
0101 0.54
0710 1.90
1310 0.73
1923 2.05
10
QUA
0206 0.48
0814 1.88
1423 0.75
2034 1.99
26
SEX
0146 0.60
0759 1.86
1402 0.76
2014 2.01
11
QUI
0306 0.62
0916 1.80
1529 0.84
2134 1.91
27
SÁB
0240 0.65
0855 1.84
1504 0.76
2116 1.98
12
SEX
0410 0.71
1019 1.76
1634 0.86
2240 1.86
28
DOM
0344 0.67
1001 1.84
1616 0.72
2225 1.96
13
SÁB
0512 0.75
1121 1.77
1736 0.83
2342 1.85
29
SEG
0457 0.66
1110 1.88
1729 0.63
2340 1.98
14
DOM
0608 0.74
1216 1.82
1831 0.76
30
TER
0606 0.59
1217 1.98
1838 0.49
15
SEG
0040 1.86
0659 0.69
1304 1.89
1917 0.67
31
QUA
0051 2.04
0712 0.49
1321 2.10
1942 0.33
16
TER
0129 1.90
0742 0.63
1347 1.96
2002 0.58
DG6-62 Original
