143
PORTO DE SÃO SEBASTIÃO (ESTADO DE SÃO PAULO) - 2025
Latitude 23° 48'.6 S Longitude 45° 23'.9 W Fuso UTC -03.0 horas
DHESP 32 Componentes Nível Médio 0.64 m Carta 1644
Janeiro
HORA ALT(m) HORA ALT(m)
01
QUA
0308 1.12
1001 0.39
1547 0.98
2242 0.01
17
SEX
0457 0.98
1104 0.42
1553 1.10
2314 0.09
02
QUI
0342 1.06
1040 0.44
1604 0.96
2312 0.03
18
SÁB
0502 0.95
1144 0.41
1612 1.08
2357 0.18
03
SEX
0446 0.98
1127 0.48
1625 0.92
19
DOM
0516 0.92
1204 0.41
1638 1.01
04
SÁB
0006 0.08
0455 0.90
0801 0.86
1202 0.50
1617 0.88
20
SEG
0044 0.27
0534 0.88
1253 0.44
1729 0.94
05
DOM
0101 0.13
0514 0.83
0712 0.77
0902 0.80
1249 0.53
1832 0.84
21
TER
0104 0.36
0619 0.82
1359 0.46
1817 0.86
06
SEG
0142 0.21
0536 0.76
0749 0.71
1008 0.77
1357 0.52
1853 0.82
2155 0.80
22
QUA
0146 0.46
0744 0.77
1051 0.66
1453 0.47
2101 0.78
07
TER
0229 0.29
0616 0.70
0859 0.66
1102 0.75
1457 0.48
2327 0.88
23
QUI
0317 0.54
0821 0.72
1006 0.69
1116 0.70
1625 0.47
2346 0.82
08
QUA
0340 0.36
0753 0.67
0910 0.65
1136 0.73
1644 0.42
24
SEX
0606 0.53
1249 0.77
1729 0.38
09
QUI
0010 0.98
0425 0.42
1253 0.73
1736 0.30
25
SÁB
0008 0.92
0659 0.46
1302 0.84
1849 0.27
10
SEX
0106 1.05
0606 0.45
1302 0.76
1836 0.19
26
DOM
0051 1.00
0732 0.41
1314 0.91
1944 0.14
11
SÁB
0201 1.12
0706 0.45
1257 0.81
1936 0.06
27
SEG
0151 1.09
0832 0.36
1340 0.97
2012 0.04
12
DOM
0246 1.16
0829 0.44
1302 0.89
2012 -0.03
28
TER
0219 1.15
0859 0.33
1417 1.03
2057 -0.03
13
SEG
0314 1.16
0902 0.42
1327 0.96
2101 -0.07
29
QUA
0251 1.17
0914 0.32
1502 1.06
2146 -0.07
14
TER
0349 1.12
0931 0.42
1402 1.02
2147 -0.07
30
QUI
0312 1.14
0949 0.34
1544 1.08
2219 -0.08
15
QUA
0440 1.07
1002 0.43
1444 1.06
2219 -0.05
31
SEX
0347 1.07
1021 0.36
1604 1.07
2301 -0.04
16
QUI
0447 1.02
1025 0.43
1529 1.09
2255 0.01
Fevereiro
HORA ALT(m) HORA ALT(m)
01
SÁB
0432 0.99
1102 0.38
1631 1.03
2342 0.06
17
SEG
0442 0.99
1147 0.31
1616 1.09
2346 0.27
02
DOM
0434 0.92
1147 0.40
1719 0.97
18
TER
0459 0.96
1208 0.36
1657 1.01
03
SEG
0032 0.16
0442 0.86
1210 0.42
1738 0.93
19
QUA
0034 0.37
0512 0.89
1312 0.42
1746 0.92
04
TER
0108 0.27
0504 0.84
0959 0.62
1312 0.45
1810 0.88
20
QUI
0057 0.47
0531 0.79
1408 0.45
1817 0.81
05
QUA
0201 0.40
0529 0.79
0904 0.54
1049 0.59
1412 0.44
1851 0.80
2044 0.77
2325 0.86
21
SEX
0129 0.58
0657 0.69
1006 0.61
1108 0.62
1514 0.46
2338 0.81
06
QUI
0306 0.51
0610 0.74
0944 0.56
1238 0.60
1532 0.41
22
SÁB
0625 0.59
1238 0.71
1704 0.38
07
SEX
0012 0.95
0404 0.58
0716 0.69
1038 0.60
1301 0.65
1714 0.30
23
DOM
0008 0.93
0710 0.50
1257 0.82
1825 0.26
08
SÁB
0116 1.03
0608 0.59
1016 0.68
1142 0.68
1308 0.70
1823 0.18
24
SEG
0112 1.03
0744 0.42
1308 0.93
1916 0.12
09
DOM
0201 1.11
0714 0.54
1259 0.79
1919 0.05
25
TER
0153 1.13
0823 0.35
1332 1.02
1959 -0.01
10
SEG
0232 1.14
0825 0.47
1302 0.91
2002 -0.05
26
QUA
0216 1.19
0844 0.30
1416 1.10
2032 -0.08
11
TER
0302 1.15
0855 0.41
1323 1.01
2040 -0.08
27
QUI
0240 1.19
0902 0.27
1457 1.16
2121 -0.11
12
QUA
0331 1.12
0912 0.36
1404 1.08
2125 -0.09
28
SEX
0306 1.14
0919 0.26
1525 1.18
2202 -0.09
13
QUI
0347 1.08
0927 0.33
1446 1.14
2159 -0.06
14
SEX
0412 1.04
0959 0.31
1516 1.16
2219 -0.00
15
SÁB
0412 1.02
1032 0.29
1540 1.17
2253 0.08
16
DOM
0431 1.00
1104 0.29
1601 1.14
2310 0.17
Março
HORA ALT(m) HORA ALT(m)
01
SÁB
0327 1.06
1001 0.26
1559 1.16
2234 -0.01
17
SEG
0334 1.04
1046 0.21
1534 1.18
2244 0.20
02
DOM
0336 0.98
1044 0.28
1616 1.11
2314 0.11
18
TER
0351 1.02
1110 0.24
1602 1.13
2304 0.31
03
SEG
0338 0.92
1114 0.30
1631 1.04
19
QUA
0419 0.98
1153 0.30
1625 1.05
2340 0.41
04
TER
0004 0.25
0408 0.90
1159 0.32
1732 0.96
20
QUI
0446 0.91
1244 0.38
1716 0.94
05
QUA
0053 0.39
0434 0.88
1247 0.37
1746 0.88
2010 0.77
2125 0.79
21
SEX
0038 0.52
0501 0.82
1359 0.41
1804 0.83
06
QUI
0121 0.53
0502 0.87
0906 0.46
1019 0.49
1402 0.39
1821 0.78
2027 0.73
2327 0.87
22
SÁB
0110 0.63
0453 0.73
1102 0.58
1457 0.42
2312 0.86
07
SEX
0234 0.64
0525 0.81
0931 0.50
1240 0.54
1534 0.38
23
DOM
0712 0.59
1202 0.70
1640 0.35
08
SÁB
0012 0.95
0346 0.69
0612 0.73
1040 0.57
1259 0.62
1702 0.28
24
SEG
0002 0.97
0717 0.51
1231 0.83
1732 0.23
09
DOM
0108 1.01
0612 0.64
1104 0.67
1302 0.70
1806 0.18
25
TER
0046 1.07
0727 0.43
1257 0.96
1851 0.10
10
SEG
0151 1.08
0716 0.56
1253 0.82
1902 0.06
26
QUA
0136 1.14
0747 0.35
1317 1.08
1925 -0.01
11
TER
0208 1.11
0757 0.46
1259 0.95
1946 -0.02
27
QUI
0201 1.18
0810 0.28
1359 1.16
2006 -0.06
12
QUA
0234 1.12
0832 0.37
1314 1.06
2016 -0.05
28
SEX
0217 1.16
0836 0.22
1444 1.22
2053 -0.06
13
QUI
0255 1.10
0849 0.30
1349 1.13
2055 -0.04
29
SÁB
0234 1.09
0902 0.18
1510 1.24
2142 -0.02
14
SEX
0312 1.07
0904 0.24
1431 1.17
2129 -0.00
30
DOM
0247 1.02
0931 0.18
1546 1.20
2210 0.08
15
SÁB
0314 1.06
0923 0.21
1455 1.20
2159 0.04
31
SEG
0249 0.95
1019 0.19
1604 1.13
2257 0.22
16
DOM
0323 1.05
1001 0.20
1516 1.20
2212 0.11
Abril
HORA ALT(m) HORA ALT(m)
01
TER
0310 0.93
1102 0.20
1634 1.03
2346 0.38
17
QUI
0351 0.96
1140 0.26
1612 1.04
2338 0.47
02
QUA
0332 0.92
1146 0.25
1721 0.94
18
SEX
0410 0.90
1232 0.32
1704 0.94
03
QUI
0025 0.51
0404 0.92
1229 0.30
1747 0.85
1957 0.77
2121 0.82
19
SÁB
0021 0.57
0434 0.81
1342 0.34
1757 0.83
2006 0.77
2159 0.80
04
SEX
0104 0.62
0442 0.89
0904 0.44
1006 0.46
1355 0.33
1814 0.75
2001 0.71
2316 0.88
20
DOM
0106 0.65
0440 0.73
1002 0.60
1423 0.34
2302 0.91
05
SÁB
0216 0.71
0504 0.85
1004 0.51
1059 0.51
1201 0.52
1531 0.34
21
SEG
0359 0.67
0636 0.61
1112 0.71
1555 0.29
2338 0.99
06
DOM
0001 0.94
0321 0.72
0529 0.76
1102 0.60
1240 0.61
1649 0.27
22
TER
0610 0.53
1201 0.85
1655 0.20
07
SEG
0042 0.98
0602 0.65
1004 0.72
1106 0.71
1738 0.19
23
QUA
0017 1.06
0619 0.45
1231 0.99
1755 0.12
08
TER
0121 1.01
0625 0.55
1206 0.85
1842 0.12
24
QUI
0104 1.09
0649 0.36
1302 1.11
1859 0.04
09
QUA
0147 1.04
0723 0.44
1238 0.98
1914 0.06
25
SEX
0142 1.10
0732 0.27
1338 1.19
1936 0.03
10
QUI
0202 1.06
0751 0.34
1301 1.07
1951 0.05
26
SÁB
0159 1.07
0802 0.18
1431 1.23
2025 0.06
11
SEX
0214 1.06
0814 0.25
1325 1.13
2019 0.06
27
DOM
0204 1.02
0840 0.13
1504 1.24
2116 0.12
12
SÁB
0219 1.05
0838 0.19
1357 1.16
2057 0.09
28
SEG
0210 0.96
0912 0.10
1531 1.18
2201 0.22
13
DOM
0223 1.05
0902 0.15
1434 1.18
2125 0.14
29
TER
0217 0.94
1004 0.11
1606 1.10
2232 0.36
14
SEG
0231 1.05
0934 0.15
1453 1.18
2157 0.19
30
QUA
0232 0.93
1057 0.12
1651 1.00
2329 0.48
15
TER
0247 1.04
1019 0.17
1512 1.17
2212 0.27
16
QUA
0323 1.02
1101 0.20
1536 1.12
2238 0.37
DG6-62 Original
144
PORTO DE SÃO SEBASTIÃO (ESTADO DE SÃO PAULO) - 2025
Latitude 23° 48'.6 S Longitude 45° 23'.9 W Fuso UTC -03.0 horas
DHESP 32 Componentes Nível Médio 0.64 m Carta 1644
Maio
HORA ALT(m) HORA ALT(m)
01
QUI
0310 0.93
1127 0.17
1725 0.91
2001 0.87
17
SÁB
0402 0.88
1217 0.23
1655 0.92
02
SEX
0008 0.58
0353 0.93
1225 0.23
1757 0.83
1906 0.78
2108 0.85
18
DOM
0008 0.58
0412 0.81
1316 0.24
1747 0.84
1923 0.81
2121 0.85
03
SÁB
0055 0.66
0416 0.91
1336 0.26
1814 0.74
1929 0.73
2257 0.87
19
SEG
0102 0.63
0451 0.74
0657 0.72
1406 0.24
2238 0.91
04
DOM
0129 0.70
0501 0.86
1429 0.29
2323 0.89
20
TER
0242 0.63
1008 0.74
1516 0.23
2306 0.96
05
SEG
0257 0.69
0627 0.78
1606 0.28
2355 0.90
21
QUA
0502 0.57
1131 0.86
1612 0.19
2353 0.98
06
TER
0438 0.64
0946 0.78
1702 0.25
22
QUI
0540 0.46
1204 1.00
1708 0.18
07
QUA
0031 0.92
0553 0.53
1134 0.86
1801 0.22
23
SEX
0040 0.98
0602 0.35
1247 1.10
1823 0.17
08
QUI
0102 0.95
0610 0.43
1204 0.96
1851 0.19
24
SÁB
0112 0.97
0642 0.25
1331 1.17
1906 0.17
09
SEX
0127 0.97
0647 0.34
1236 1.04
1914 0.18
25
DOM
0129 0.95
0742 0.16
1429 1.21
2001 0.22
10
SÁB
0147 0.99
0744 0.24
1302 1.08
1951 0.19
26
SEG
0138 0.92
0816 0.08
1504 1.21
2102 0.28
11
DOM
0151 1.00
0808 0.17
1329 1.11
2025 0.22
27
TER
0147 0.92
0902 0.04
1532 1.15
2147 0.36
12
SEG
0155 1.02
0846 0.14
1406 1.13
2102 0.24
28
QUA
0201 0.92
0957 0.04
1640 1.08
2219 0.45
13
TER
0206 1.03
0916 0.13
1438 1.14
2136 0.29
29
QUI
0217 0.94
1047 0.04
1734 1.00
2321 0.53
14
QUA
0223 1.02
1004 0.14
1501 1.13
2201 0.35
30
SEX
0306 0.94
1117 0.08
1904 0.90
15
QUI
0314 0.97
1055 0.15
1521 1.09
2232 0.44
31
SÁB
0001 0.58
0347 0.95
1216 0.15
1902 0.82
2010 0.85
16
SEX
0336 0.93
1123 0.19
1608 1.01
2338 0.52
Junho
HORA ALT(m) HORA ALT(m)
01
DOM
0019 0.61
0414 0.95
1310 0.20
1806 0.79
1908 0.77
2108 0.81
17
TER
0051 0.57
0601 0.79
0651 0.81
1346 0.18
2202 0.86
02
SEG
0104 0.62
0502 0.90
1359 0.26
2240 0.80
18
QUA
0159 0.57
0901 0.78
1427 0.22
2257 0.86
03
TER
0206 0.60
0651 0.84
1527 0.32
2101 0.74
2302 0.81
19
QUI
0259 0.52
1053 0.87
1540 0.25
2317 0.85
04
QUA
0259 0.55
0851 0.82
1610 0.34
2317 0.82
20
SEX
0434 0.46
1159 0.99
1623 0.28
05
QUI
0332 0.51
1004 0.86
1706 0.35
21
SÁB
0021 0.84
0525 0.35
1236 1.07
1740 0.32
06
SEX
0012 0.85
0523 0.43
1147 0.91
1812 0.34
22
DOM
0059 0.84
0614 0.24
1334 1.13
1853 0.34
07
SÁB
0055 0.88
0604 0.34
1208 0.97
1857 0.32
23
SEG
0102 0.84
0721 0.13
1429 1.18
1942 0.37
08
DOM
0106 0.91
0712 0.27
1238 1.01
1917 0.32
24
TER
0104 0.86
0804 0.03
1506 1.18
2057 0.39
09
SEG
0116 0.94
0755 0.18
1314 1.05
2006 0.33
25
QUA
0125 0.90
0853 -0.01
1547 1.14
2134 0.42
10
TER
0131 0.97
0823 0.13
1347 1.08
2053 0.34
26
QUI
0149 0.94
0946 -0.03
1655 1.09
2212 0.46
11
QUA
0155 0.99
0906 0.10
1429 1.10
2117 0.36
27
SEX
0223 0.97
1029 -0.03
1725 1.02
2251 0.50
12
QUI
0223 0.98
0957 0.09
1457 1.10
2157 0.39
28
SÁB
0321 0.99
1106 0.01
1716 0.95
2332 0.51
13
SEX
0323 0.96
1042 0.09
1521 1.07
2227 0.46
29
DOM
0351 1.02
1144 0.10
1723 0.89
14
SÁB
0351 0.93
1110 0.10
1621 1.00
2323 0.51
30
SEG
0002 0.50
0416 1.01
1232 0.17
1749 0.86
15
DOM
0412 0.89
1204 0.13
1657 0.93
1959 0.86
16
SEG
0002 0.53
0416 0.85
1301 0.15
1734 0.85
1908 0.82
2055 0.85
Julho
HORA ALT(m) HORA ALT(m)
01
TER
0021 0.50
0514 0.96
1306 0.25
1812 0.82
17
QUI
0114 0.49
0649 0.86
1402 0.27
1759 0.73
2059 0.67
2227 0.72
02
QUA
0110 0.49
0625 0.91
1346 0.34
1912 0.79
18
SEX
0214 0.47
1047 0.86
1502 0.36
1927 0.68
2106 0.65
2306 0.71
03
QUI
0206 0.47
0708 0.85
1423 0.42
2001 0.79
2251 0.73
19
SÁB
0314 0.42
1155 0.97
1601 0.42
2104 0.65
04
SEX
0301 0.46
0906 0.83
1559 0.46
2202 0.75
2302 0.76
20
DOM
0027 0.70
0501 0.33
1236 1.04
1731 0.48
05
SÁB
0429 0.44
1131 0.83
1742 0.48
21
SEG
0101 0.74
0601 0.22
1342 1.11
1847 0.48
06
DOM
0031 0.79
0529 0.37
1202 0.90
1840 0.45
22
TER
0102 0.78
0706 0.10
1425 1.17
1942 0.47
07
SEG
0057 0.84
0636 0.29
1227 0.95
1908 0.42
23
QUA
0101 0.85
0759 -0.01
1502 1.18
2053 0.43
08
TER
0102 0.89
0742 0.19
1327 1.01
2006 0.40
24
QUI
0116 0.93
0838 -0.07
1542 1.14
2119 0.41
09
QUA
0119 0.94
0810 0.11
1359 1.06
2049 0.37
25
SEX
0151 0.99
0929 -0.09
1636 1.09
2149 0.41
10
QUI
0153 0.98
0855 0.06
1429 1.10
2110 0.37
26
SÁB
0236 1.05
1008 -0.07
1649 1.03
2219 0.40
11
SEX
0234 1.00
0944 0.02
1459 1.11
2147 0.39
27
DOM
0321 1.09
1044 -0.01
1651 0.98
2257 0.40
12
SÁB
0323 1.01
1019 -0.00
1525 1.07
2216 0.42
28
SEG
0349 1.11
1108 0.07
1657 0.95
2325 0.38
13
DOM
0359 1.01
1101 0.01
1627 1.01
2304 0.45
29
TER
0410 1.09
1144 0.17
1702 0.93
14
SEG
0421 0.97
1142 0.06
1651 0.95
2353 0.46
30
QUA
0001 0.37
0431 1.04
1221 0.27
1721 0.90
15
TER
0519 0.92
1234 0.12
1708 0.87
2001 0.80
31
QUI
0029 0.40
0529 0.97
1259 0.35
1744 0.86
16
QUA
0014 0.48
0553 0.89
1310 0.18
1719 0.80
2012 0.73
2142 0.74
Agosto
HORA ALT(m) HORA ALT(m)
01
SEX
0129 0.42
0612 0.89
1317 0.45
1836 0.80
17
DOM
0302 0.40
1155 0.97
1540 0.58
1838 0.69
2151 0.58
02
SÁB
0216 0.44
0710 0.79
1416 0.55
1957 0.75
18
SEG
0046 0.64
0453 0.31
1238 1.04
1755 0.60
2101 0.64
2251 0.66
03
DOM
0314 0.45
1002 0.77
1117 0.78
1704 0.60
1753 0.59
2301 0.71
19
TER
0102 0.70
0549 0.19
1340 1.11
1849 0.55
04
SEG
0017 0.72
0504 0.39
1202 0.87
1840 0.52
20
QUA
0102 0.78
0655 0.07
1410 1.16
1942 0.48
05
TER
0053 0.80
0621 0.30
1240 0.95
1916 0.46
21
QUI
0101 0.89
0744 -0.04
1447 1.16
2036 0.41
06
QUA
0102 0.88
0719 0.18
1346 1.03
2017 0.41
22
SEX
0110 0.99
0817 -0.09
1514 1.13
2059 0.35
07
QUI
0116 0.96
0801 0.07
1406 1.10
2044 0.36
23
SÁB
0147 1.07
0904 -0.09
1532 1.08
2116 0.31
08
SEX
0151 1.02
0832 -0.00
1425 1.14
2102 0.33
24
DOM
0232 1.13
0946 -0.06
1540 1.04
2142 0.29
09
SÁB
0234 1.07
0921 -0.05
1455 1.14
2121 0.33
25
SEG
0302 1.17
1008 -0.00
1551 1.01
2214 0.27
10
DOM
0312 1.10
1002 -0.07
1517 1.09
2201 0.34
26
TER
0331 1.17
1036 0.10
1559 0.99
2255 0.26
11
SEG
0353 1.11
1038 -0.03
1546 1.02
2244 0.36
27
QUA
0349 1.14
1101 0.19
1627 0.98
2325 0.28
12
TER
0410 1.07
1112 0.05
1627 0.94
2316 0.38
28
QUI
0410 1.09
1131 0.30
1642 0.96
13
QUA
0431 1.02
1204 0.16
1627 0.88
29
SEX
0001 0.32
0434 1.01
1151 0.39
1702 0.92
14
QUI
0001 0.39
0540 0.95
1255 0.26
1651 0.83
30
SÁB
0049 0.38
0527 0.92
1249 0.49
1712 0.84
15
SEX
0044 0.42
0546 0.89
0902 0.82
1327 0.39
1708 0.80
2101 0.55
2212 0.59
31
DOM
0159 0.42
0608 0.82
1310 0.59
1723 0.74
2255 0.60
16
SÁB
0201 0.42
0623 0.81
0808 0.78
1053 0.87
1429 0.51
1747 0.74
2112 0.54
2312 0.59
DG6-62 Original
145
PORTO DE SÃO SEBASTIÃO (ESTADO DE SÃO PAULO) - 2025
Latitude 23° 48'.6 S Longitude 45° 23'.9 W Fuso UTC -03.0 horas
DHESP 32 Componentes Nível Médio 0.64 m Carta 1644
Setembro
HORA ALT(m) HORA ALT(m)
01
SEG
0257 0.44
0951 0.74
1112 0.78
1514 0.65
1642 0.66
1819 0.63
17
QUA
0053 0.71
0529 0.17
1323 1.09
1827 0.55
02
TER
0010 0.68
0451 0.39
1202 0.89
1847 0.54
18
QUI
0051 0.82
0638 0.07
1357 1.12
1921 0.46
03
QUA
0040 0.79
0546 0.29
1242 0.99
1923 0.45
19
SEX
0051 0.94
0716 -0.02
1414 1.12
1959 0.37
04
QUI
0057 0.90
0657 0.15
1336 1.08
1953 0.38
20
SÁB
0102 1.06
0759 -0.05
1432 1.10
2029 0.29
05
SEX
0108 1.01
0736 0.03
1359 1.15
2023 0.32
21
DOM
0129 1.13
0831 -0.03
1444 1.07
2053 0.22
06
SÁB
0140 1.09
0808 -0.05
1412 1.17
2046 0.28
22
SEG
0212 1.18
0910 0.02
1451 1.05
2108 0.18
07
DOM
0223 1.16
0853 -0.07
1432 1.14
2102 0.25
23
TER
0246 1.20
0942 0.08
1453 1.04
2140 0.18
08
SEG
0302 1.20
0940 -0.06
1457 1.08
2129 0.25
24
QUA
0302 1.19
1002 0.15
1517 1.04
2221 0.19
09
TER
0334 1.19
1008 -0.00
1519 1.00
2210 0.27
25
QUI
0321 1.16
1019 0.24
1531 1.03
2301 0.21
10
QUA
0401 1.14
1053 0.11
1523 0.93
2259 0.28
26
SEX
0344 1.11
1040 0.33
1559 0.99
2340 0.27
11
QUI
0423 1.06
1138 0.26
1542 0.88
2340 0.32
27
SÁB
0410 1.04
1125 0.44
1619 0.94
12
SEX
0423 0.97
1225 0.39
1608 0.87
28
DOM
0017 0.35
0457 0.94
1146 0.54
1649 0.86
13
SÁB
0016 0.36
0534 0.88
0759 0.79
0906 0.84
1306 0.52
1646 0.84
2051 0.46
2212 0.51
29
SEG
0140 0.40
0551 0.83
1257 0.63
1653 0.76
2114 0.56
2208 0.57
14
DOM
0146 0.38
0604 0.78
0757 0.74
1059 0.90
1412 0.64
1704 0.81
2106 0.48
2347 0.54
30
TER
0223 0.41
1104 0.82
1559 0.69
1902 0.62
2332 0.67
15
SEG
0247 0.36
1149 0.98
1525 0.68
1738 0.73
2131 0.56
16
TER
0040 0.62
0442 0.28
1231 1.04
1802 0.64
1910 0.66
2057 0.65
Outubro
HORA ALT(m) HORA ALT(m)
01
QUA
0412 0.37
1149 0.93
1829 0.54
17
SEX
0004 0.84
0606 0.12
1325 1.04
1832 0.43
02
QUI
0004 0.80
0510 0.25
1219 1.02
1851 0.45
18
SÁB
0019 0.97
0657 0.07
1349 1.05
1925 0.33
03
SEX
0034 0.94
0625 0.14
1306 1.10
1923 0.37
19
DOM
0049 1.07
0727 0.06
1401 1.05
1955 0.24
04
SÁB
0059 1.07
0704 0.03
1340 1.14
1947 0.30
20
SEG
0110 1.13
0802 0.08
1404 1.05
2017 0.17
05
DOM
0123 1.16
0744 -0.03
1359 1.15
2010 0.23
21
TER
0142 1.16
0834 0.13
1406 1.05
2049 0.12
06
SEG
0210 1.22
0821 -0.03
1408 1.11
2042 0.18
22
QUA
0221 1.16
0904 0.18
1416 1.05
2112 0.12
07
TER
0253 1.25
0910 0.01
1425 1.04
2106 0.16
23
QUI
0244 1.16
0940 0.24
1427 1.05
2157 0.14
08
QUA
0316 1.22
0955 0.09
1432 0.97
2149 0.18
24
SEX
0301 1.14
0959 0.30
1455 1.03
2249 0.17
09
QUI
0353 1.15
1023 0.23
1444 0.92
2246 0.20
25
SÁB
0319 1.11
1017 0.39
1527 0.99
2314 0.23
10
SEX
0417 1.04
1114 0.38
1510 0.90
2316 0.23
26
DOM
0357 1.04
1027 0.48
1601 0.93
11
SÁB
0432 0.94
1206 0.51
1546 0.89
27
SEG
0002 0.29
0432 0.94
1155 0.57
1612 0.86
12
DOM
0010 0.28
0544 0.84
0708 0.79
0908 0.87
1259 0.62
1610 0.87
2204 0.48
28
TER
0110 0.33
0529 0.84
0806 0.74
0910 0.75
1255 0.64
1640 0.77
2159 0.58
13
SEG
0134 0.31
0601 0.75
0727 0.72
1055 0.92
1342 0.71
1655 0.84
2102 0.49
2301 0.53
29
QUA
0204 0.33
1053 0.85
1601 0.69
1827 0.64
2227 0.68
14
TER
0232 0.31
1134 0.97
1514 0.71
1712 0.76
2114 0.59
30
QUI
0327 0.32
1112 0.94
1804 0.56
2338 0.81
15
QUA
0002 0.62
0410 0.25
1214 1.00
1736 0.65
2253 0.71
31
SEX
0432 0.24
1159 1.01
1806 0.47
16
QUI
0017 0.72
0504 0.18
1253 1.02
1802 0.54
Novembro
HORA ALT(m) HORA ALT(m)
01
SÁB
0004 0.96
0527 0.16
1238 1.05
1821 0.38
17
SEG
0021 1.02
0702 0.21
1325 0.97
1927 0.24
02
DOM
0040 1.09
0638 0.09
1312 1.07
1857 0.29
18
TER
0053 1.07
0729 0.23
1338 0.99
1959 0.15
03
SEG
0112 1.19
0710 0.05
1336 1.07
1944 0.20
19
QUA
0123 1.09
0806 0.26
1346 1.01
2025 0.11
04
TER
0159 1.24
0757 0.08
1355 1.03
2012 0.12
20
QUI
0149 1.10
0846 0.28
1355 1.03
2102 0.09
05
QUA
0247 1.25
0849 0.14
1402 0.98
2055 0.09
21
SEX
0229 1.11
0910 0.32
1412 1.03
2147 0.10
06
QUI
0312 1.22
0936 0.22
1408 0.94
2136 0.09
22
SÁB
0247 1.11
0949 0.36
1432 1.01
2234 0.12
07
SEX
0351 1.13
1008 0.34
1416 0.92
2232 0.11
23
DOM
0310 1.09
1006 0.43
1523 0.98
2304 0.15
08
SÁB
0436 1.02
1102 0.47
1447 0.91
2310 0.13
24
SEG
0340 1.03
1044 0.50
1553 0.93
2355 0.20
09
DOM
0514 0.92
0744 0.91
1159 0.57
1523 0.91
25
TER
0429 0.96
1157 0.56
1608 0.87
10
SEG
0008 0.19
0659 0.80
0855 0.89
1229 0.64
1602 0.91
26
QUA
0057 0.24
0523 0.87
0853 0.80
1240 0.61
1638 0.79
11
TER
0117 0.23
0702 0.73
1038 0.89
1314 0.68
1644 0.86
27
QUI
0146 0.25
0701 0.78
1004 0.84
1355 0.64
1801 0.71
1912 0.72
2149 0.71
12
QUA
0212 0.26
1106 0.91
1442 0.68
1721 0.79
28
SEX
0229 0.26
1059 0.90
1504 0.59
2244 0.82
13
QUI
0346 0.27
1132 0.91
1521 0.63
2051 0.76
29
SÁB
0349 0.25
1121 0.93
1708 0.51
2353 0.96
14
SEX
0438 0.25
1216 0.91
1717 0.54
2216 0.85
30
DOM
0438 0.22
1212 0.95
1747 0.39
15
SÁB
0529 0.24
1244 0.92
1759 0.42
2357 0.95
16
DOM
0629 0.22
1306 0.95
1827 0.32
Dezembro
HORA ALT(m) HORA ALT(m)
01
SEG
0021 1.08
0547 0.21
1255 0.95
1816 0.28
17
QUA
0038 0.98
0708 0.37
1308 0.92
1946 0.17
02
TER
0106 1.16
0653 0.20
1316 0.95
1916 0.18
18
QUI
0125 1.01
0746 0.37
1323 0.96
2010 0.10
03
QUA
0201 1.22
0732 0.23
1329 0.93
2001 0.08
19
SEX
0151 1.04
0836 0.36
1346 1.00
2053 0.07
04
QUI
0251 1.24
0840 0.28
1346 0.92
2042 0.03
20
SÁB
0221 1.07
0904 0.36
1412 1.01
2136 0.05
05
SEX
0321 1.20
0923 0.33
1355 0.92
2129 0.01
21
DOM
0246 1.09
0938 0.38
1444 1.01
2216 0.04
06
SÁB
0436 1.13
1004 0.41
1412 0.93
2223 0.01
22
SEG
0308 1.08
1004 0.42
1540 1.00
2259 0.05
07
DOM
0536 1.05
1046 0.49
1436 0.94
2304 0.03
23
TER
0334 1.04
1051 0.47
1601 0.97
2332 0.10
08
SEG
0632 0.95
1140 0.54
1529 0.95
2353 0.10
24
QUA
0436 0.98
1147 0.50
1614 0.93
09
TER
0657 0.85
0802 0.89
1208 0.57
1604 0.96
25
QUI
0027 0.15
0512 0.91
1208 0.53
1634 0.87
10
QUA
0051 0.17
0704 0.77
0901 0.82
1247 0.60
1640 0.92
26
SEX
0108 0.19
0536 0.82
1304 0.56
1851 0.82
11
QUI
0134 0.23
0617 0.76
0757 0.74
1025 0.78
1331 0.59
1825 0.87
27
SÁB
0201 0.24
0857 0.74
1023 0.79
1416 0.54
2208 0.82
12
SEX
0221 0.31
0901 0.71
1057 0.78
1431 0.56
1921 0.83
28
DOM
0301 0.30
1104 0.80
1510 0.49
2340 0.93
13
SÁB
0353 0.35
0812 0.73
0908 0.72
1106 0.79
1512 0.51
2121 0.84
29
SEG
0402 0.33
1149 0.80
1701 0.40
14
DOM
0438 0.38
1140 0.80
1702 0.44
2340 0.87
30
TER
0014 1.05
0517 0.37
1253 0.82
1755 0.28
15
SEG
0553 0.39
1238 0.84
1755 0.35
31
QUA
0112 1.13
0640 0.37
1310 0.84
1855 0.16
16
TER
0004 0.94
0646 0.38
1301 0.88
1846 0.27
DG6-62 Original
