20
ILHA DOS GUARÁS (ESTADO DO PARÁ) - 2025
Latitude 00° 04'.6 S Longitude 47° 34'.5 W Fuso UTC -03.0 horas
CHM 32 Componentes Nível Médio 2.74 m Carta 302
Janeiro
HORA ALT(m) HORA ALT(m)
01
QUA
0327 0.61
0923 4.46
1536 0.79
2134 4.87
17
SEX
0442 0.54
1053 4.58
1651 0.77
2257 4.65
02
QUI
0401 0.57
1004 4.50
1612 0.74
2214 4.86
18
SÁB
0504 0.69
1119 4.44
1717 0.90
2323 4.47
03
SEX
0444 0.57
1049 4.50
1659 0.73
2301 4.80
19
DOM
0544 0.87
1146 4.32
1757 1.01
2353 4.31
04
SÁB
0521 0.64
1132 4.46
1747 0.78
2351 4.68
20
SEG
0610 1.05
1214 4.22
1836 1.19
05
DOM
0604 0.73
1221 4.41
1840 0.89
21
TER
0025 4.13
0655 1.23
1257 4.13
1912 1.37
06
SEG
0046 4.53
0659 0.86
1316 4.35
1929 1.02
22
QUA
0110 3.93
0740 1.45
1344 4.01
1959 1.54
07
TER
0146 4.38
0757 1.02
1417 4.29
2025 1.13
23
QUI
0206 3.73
0829 1.65
1440 3.92
2101 1.69
08
QUA
0249 4.26
0857 1.17
1521 4.28
2134 1.19
24
SEX
0316 3.58
0931 1.78
1551 3.91
2227 1.72
09
QUI
0359 4.21
1001 1.27
1631 4.34
2259 1.11
25
SÁB
0444 3.59
1047 1.77
1704 4.03
10
SEX
0510 4.26
1117 1.24
1742 4.47
26
DOM
0006 1.49
0559 3.77
1204 1.58
1808 4.26
11
SÁB
0016 0.87
0623 4.40
1231 1.07
1847 4.66
27
SEG
0102 1.16
0657 4.03
1302 1.28
1904 4.53
12
DOM
0112 0.58
0723 4.58
1323 0.87
1942 4.84
28
TER
0155 0.84
0747 4.30
1355 0.96
1957 4.79
13
SEG
0202 0.34
0812 4.73
1408 0.70
2029 4.95
29
QUA
0236 0.61
0832 4.54
1442 0.70
2044 4.99
14
TER
0253 0.25
0901 4.81
1459 0.60
2110 4.99
30
QUI
0308 0.41
0916 4.73
1521 0.50
2127 5.11
15
QUA
0329 0.28
0942 4.79
1542 0.63
2153 4.94
31
SEX
0353 0.28
0959 4.84
1602 0.36
2210 5.15
16
QUI
0404 0.35
1016 4.71
1608 0.68
2227 4.81
Fevereiro
HORA ALT(m) HORA ALT(m)
01
SÁB
0429 0.27
1040 4.87
1649 0.34
2253 5.08
17
SEG
0502 0.74
1101 4.56
1721 0.83
2310 4.46
02
DOM
0504 0.32
1119 4.82
1732 0.43
2338 4.93
18
TER
0540 0.92
1129 4.46
1751 1.00
2351 4.26
03
SEG
0555 0.46
1201 4.71
1812 0.60
19
QUA
0612 1.15
1204 4.33
1829 1.22
04
TER
0025 4.70
0642 0.71
1249 4.54
1902 0.83
20
QUI
0032 3.99
0647 1.38
1255 4.15
1912 1.47
05
QUA
0116 4.43
0723 1.01
1340 4.34
2001 1.10
21
SEX
0125 3.72
0742 1.62
1355 3.96
2008 1.69
06
QUI
0214 4.15
0814 1.30
1442 4.15
2102 1.35
22
SÁB
0242 3.51
0849 1.80
1504 3.86
2131 1.81
07
SEX
0325 3.94
0917 1.55
1601 4.05
2246 1.41
23
DOM
0402 3.50
1002 1.83
1625 3.93
2329 1.67
08
SÁB
0459 3.93
1057 1.60
1731 4.17
24
SEG
0517 3.68
1123 1.65
1742 4.18
09
DOM
0008 1.11
0617 4.14
1216 1.36
1838 4.42
25
TER
0044 1.27
0629 4.03
1242 1.27
1846 4.53
10
SEG
0104 0.77
0710 4.41
1308 1.04
1927 4.68
26
QUA
0132 0.86
0727 4.42
1338 0.83
1942 4.89
11
TER
0155 0.51
0759 4.65
1401 0.76
2008 4.89
27
QUI
0208 0.48
0814 4.78
1421 0.45
2031 5.18
12
QUA
0229 0.37
0842 4.79
1442 0.61
2055 5.00
28
SEX
0255 0.19
0901 5.05
1504 0.15
2114 5.36
13
QUI
0304 0.29
0914 4.85
1512 0.52
2127 4.99
14
SEX
0344 0.37
0951 4.82
1551 0.51
2201 4.91
15
SÁB
0404 0.46
1017 4.73
1616 0.58
2225 4.76
16
DOM
0440 0.60
1036 4.63
1651 0.66
2244 4.61
Março
HORA ALT(m) HORA ALT(m)
01
SÁB
0332 0.06
0944 5.18
1551 -0.00
2157 5.39
17
SEG
0402 0.62
0957 4.73
1623 0.61
2210 4.61
02
DOM
0406 0.02
1019 5.19
1631 0.03
2240 5.28
18
TER
0438 0.77
1017 4.68
1649 0.76
2240 4.44
03
SEG
0453 0.12
1059 5.09
1708 0.16
2317 5.06
19
QUA
0502 0.96
1055 4.59
1721 0.96
2314 4.23
04
TER
0532 0.38
1136 4.88
1759 0.42
20
QUI
0536 1.15
1132 4.42
1744 1.17
05
QUA
0002 4.74
0608 0.70
1216 4.61
1847 0.80
21
SEX
0001 3.98
0621 1.38
1217 4.20
1831 1.39
06
QUI
0053 4.36
0659 1.07
1306 4.29
1936 1.21
22
SÁB
0059 3.72
0714 1.61
1321 3.99
1938 1.61
07
SEX
0151 3.98
0753 1.47
1410 3.98
2038 1.54
23
DOM
0206 3.54
0816 1.77
1440 3.87
2055 1.73
08
SÁB
0310 3.73
0859 1.77
1547 3.84
2255 1.56
24
SEG
0325 3.53
0925 1.79
1557 3.94
2212 1.65
09
DOM
0455 3.78
1049 1.79
1717 4.00
25
TER
0451 3.75
1047 1.60
1712 4.20
10
SEG
0001 1.24
0601 4.04
1202 1.46
1816 4.29
26
QUA
0004 1.30
0604 4.15
1217 1.17
1823 4.59
11
TER
0051 0.93
0653 4.34
1257 1.11
1904 4.58
27
QUI
0101 0.81
0702 4.61
1314 0.66
1919 5.00
12
QUA
0125 0.68
0734 4.59
1340 0.82
1949 4.80
28
SEX
0149 0.39
0753 5.01
1401 0.20
2008 5.32
13
QUI
0204 0.49
0808 4.77
1410 0.59
2025 4.92
29
SÁB
0225 0.10
0838 5.28
1449 -0.09
2057 5.48
14
SEX
0242 0.45
0849 4.86
1453 0.46
2101 4.95
30
DOM
0304 -0.07
0916 5.40
1529 -0.19
2140 5.47
15
SÁB
0306 0.45
0917 4.85
1519 0.45
2132 4.86
31
SEG
0351 -0.06
0957 5.36
1608 -0.15
2217 5.30
16
DOM
0340 0.52
0940 4.79
1555 0.48
2149 4.73
Abril
HORA ALT(m) HORA ALT(m)
01
TER
0427 0.14
1034 5.18
1657 0.08
2259 5.01
17
QUI
0442 1.05
1027 4.57
1651 0.99
2259 4.14
02
QUA
0504 0.42
1110 4.90
1740 0.45
2342 4.63
18
SEX
0519 1.22
1106 4.42
1732 1.15
2349 3.94
03
QUI
0553 0.80
1155 4.56
1819 0.87
19
SÁB
0559 1.39
1157 4.24
1823 1.33
04
SEX
0031 4.23
0640 1.23
1246 4.19
1908 1.27
20
DOM
0046 3.77
0655 1.53
1301 4.07
1919 1.49
05
SÁB
0134 3.87
0729 1.61
1357 3.88
2016 1.59
21
SEG
0149 3.67
0757 1.62
1406 3.98
2021 1.56
06
DOM
0304 3.70
0836 1.86
1531 3.79
2238 1.61
22
TER
0259 3.71
0901 1.60
1525 4.03
2140 1.51
07
SEG
0429 3.78
1031 1.83
1649 3.93
2336 1.38
23
QUA
0417 3.92
1014 1.42
1649 4.27
2321 1.23
08
TER
0529 4.00
1142 1.53
1747 4.17
24
QUI
0536 4.32
1144 1.03
1759 4.65
09
QUA
0016 1.12
0616 4.27
1225 1.20
1834 4.43
25
SEX
0025 0.81
0634 4.75
1249 0.53
1857 5.02
10
QUI
0101 0.89
0701 4.51
1306 0.89
1916 4.63
26
SÁB
0110 0.42
0721 5.12
1340 0.13
1947 5.28
11
SEX
0138 0.76
0740 4.69
1351 0.66
1959 4.75
27
DOM
0159 0.13
0806 5.35
1421 -0.11
2032 5.38
12
SÁB
0204 0.66
0814 4.78
1421 0.54
2036 4.76
28
SEG
0244 0.03
0853 5.41
1504 -0.20
2116 5.33
13
DOM
0240 0.65
0844 4.79
1459 0.49
2102 4.68
29
TER
0323 0.10
0932 5.32
1557 -0.10
2201 5.14
14
SEG
0304 0.69
0904 4.75
1534 0.55
2123 4.57
30
QUA
0404 0.28
1012 5.11
1642 0.18
2244 4.84
15
TER
0342 0.78
0921 4.73
1559 0.66
2146 4.45
16
QUA
0408 0.92
0953 4.68
1634 0.82
2216 4.31
DG6-62 Original
21
ILHA DOS GUARÁS (ESTADO DO PARÁ) - 2025
Latitude 00° 04'.6 S Longitude 47° 34'.5 W Fuso UTC -03.0 horas
CHM 32 Componentes Nível Médio 2.74 m Carta 302
Maio
HORA ALT(m) HORA ALT(m)
01
QUI
0453 0.58
1055 4.82
1719 0.53
2331 4.50
17
SÁB
0502 1.21
1059 4.45
1727 1.09
2336 3.99
02
SEX
0538 0.95
1142 4.48
1804 0.88
18
DOM
0549 1.29
1149 4.32
1808 1.19
03
SÁB
0025 4.17
0619 1.30
1240 4.17
1902 1.22
19
SEG
0023 3.91
0640 1.37
1246 4.21
1901 1.27
04
DOM
0129 3.92
0708 1.57
1349 3.95
2002 1.49
20
TER
0119 3.89
0738 1.42
1349 4.13
2001 1.32
05
SEG
0236 3.81
0808 1.73
1457 3.87
2119 1.61
21
QUA
0231 3.94
0842 1.40
1502 4.16
2106 1.29
06
TER
0340 3.84
0919 1.76
1602 3.91
2249 1.53
22
QUI
0351 4.14
0955 1.25
1619 4.34
2225 1.14
07
QUA
0440 3.97
1046 1.60
1702 4.05
2346 1.38
23
SEX
0501 4.45
1112 0.95
1729 4.61
2340 0.85
08
QUI
0532 4.16
1153 1.32
1757 4.22
24
SÁB
0601 4.79
1217 0.57
1825 4.87
09
SEX
0021 1.22
0619 4.36
1242 1.06
1846 4.38
25
DOM
0040 0.57
0653 5.06
1310 0.24
1919 5.06
10
SÁB
0057 1.07
0702 4.52
1317 0.85
1931 4.47
26
SEG
0131 0.38
0744 5.22
1402 0.02
2010 5.13
11
DOM
0134 0.97
0742 4.62
1359 0.68
2006 4.49
27
TER
0216 0.29
0829 5.26
1455 -0.03
2101 5.08
12
SEG
0204 0.91
0812 4.65
1440 0.64
2038 4.45
28
QUA
0302 0.32
0916 5.18
1544 0.07
2149 4.94
13
TER
0246 0.90
0832 4.66
1508 0.67
2104 4.37
29
QUI
0355 0.46
1002 5.01
1623 0.27
2238 4.73
14
QUA
0316 0.97
0901 4.66
1549 0.75
2132 4.28
30
SEX
0442 0.70
1049 4.78
1708 0.51
2327 4.49
15
QUI
0351 1.03
0936 4.62
1617 0.88
2206 4.19
31
SÁB
0519 0.96
1140 4.53
1759 0.80
16
SEX
0427 1.13
1012 4.54
1647 0.98
2251 4.09
Junho
HORA ALT(m) HORA ALT(m)
01
DOM
0014 4.28
0602 1.17
1227 4.30
1840 1.08
17
TER
0004 4.15
0619 1.13
1225 4.38
1847 1.04
02
SEG
0102 4.10
0655 1.36
1314 4.11
1914 1.29
18
QUA
0101 4.15
0712 1.17
1329 4.29
1946 1.11
03
TER
0155 3.98
0740 1.52
1406 3.98
2004 1.44
19
QUI
0206 4.18
0812 1.18
1440 4.27
2049 1.14
04
QUA
0246 3.93
0821 1.58
1502 3.91
2059 1.54
20
SEX
0317 4.28
0919 1.13
1551 4.33
2155 1.11
05
QUI
0338 3.95
0916 1.57
1602 3.90
2149 1.57
21
SÁB
0423 4.45
1034 0.99
1657 4.46
2302 1.01
06
SEX
0434 4.03
1031 1.50
1708 3.96
2310 1.53
22
DOM
0525 4.65
1151 0.75
1801 4.60
07
SÁB
0532 4.16
1157 1.30
1806 4.06
23
SEG
0006 0.85
0625 4.84
1257 0.48
1901 4.74
08
DOM
0004 1.41
0623 4.30
1253 1.07
1857 4.15
24
TER
0106 0.68
0723 4.98
1355 0.26
1959 4.85
09
SEG
0053 1.26
0659 4.42
1338 0.92
1940 4.21
25
QUA
0202 0.54
0817 5.07
1446 0.16
2053 4.90
10
TER
0140 1.16
0736 4.51
1410 0.81
2014 4.23
26
QUI
0255 0.49
0906 5.08
1527 0.16
2144 4.87
11
QUA
0216 1.10
0810 4.58
1457 0.76
2047 4.23
27
SEX
0344 0.54
0955 5.01
1608 0.24
2227 4.77
12
QUI
0257 1.05
0847 4.62
1532 0.81
2117 4.23
28
SÁB
0419 0.66
1040 4.87
1657 0.42
2306 4.62
13
SEX
0336 1.06
0923 4.62
1601 0.84
2159 4.22
29
DOM
0502 0.78
1117 4.69
1731 0.68
2349 4.45
14
SÁB
0408 1.07
1002 4.61
1640 0.88
2240 4.19
30
SEG
0546 0.96
1159 4.49
1802 0.88
15
DOM
0451 1.06
1049 4.56
1712 0.93
2317 4.17
16
SEG
0534 1.09
1134 4.48
1755 0.97
Julho
HORA ALT(m) HORA ALT(m)
01
TER
0023 4.30
0614 1.11
1236 4.29
1844 1.09
17
QUI
0044 4.39
0659 0.92
1310 4.42
1919 0.97
02
QUA
0102 4.16
0659 1.24
1312 4.10
1912 1.26
18
SEX
0140 4.35
0759 1.03
1412 4.29
2014 1.11
03
QUI
0140 4.05
0746 1.38
1357 3.94
2001 1.40
19
SÁB
0244 4.31
0859 1.13
1516 4.20
2114 1.22
04
SEX
0219 3.99
0825 1.50
1444 3.80
2055 1.54
20
DOM
0349 4.32
1006 1.16
1627 4.19
2225 1.27
05
SÁB
0312 3.96
0921 1.58
1547 3.72
2151 1.65
21
SEG
0459 4.40
1140 1.02
1746 4.29
2349 1.16
06
DOM
0417 3.99
1114 1.56
1721 3.75
2304 1.65
22
TER
0612 4.57
1253 0.71
1855 4.50
07
SEG
0527 4.09
1217 1.36
1819 3.86
23
QUA
0059 0.92
0716 4.79
1347 0.43
1953 4.72
08
TER
0016 1.53
0621 4.24
1304 1.13
1906 3.99
24
QUI
0155 0.68
0806 4.99
1427 0.24
2044 4.87
09
QUA
0104 1.35
0706 4.41
1355 0.94
1947 4.12
25
SEX
0242 0.53
0857 5.09
1508 0.14
2123 4.92
10
QUI
0155 1.17
0751 4.55
1436 0.83
2025 4.23
26
SÁB
0317 0.47
0938 5.09
1557 0.20
2202 4.89
11
SEX
0240 1.04
0831 4.67
1506 0.74
2104 4.33
27
DOM
0401 0.47
1012 5.00
1625 0.37
2240 4.77
12
SÁB
0314 0.94
0910 4.75
1549 0.69
2146 4.39
28
SEG
0440 0.60
1051 4.83
1659 0.54
2308 4.62
13
DOM
0355 0.84
0955 4.78
1621 0.69
2223 4.43
29
TER
0506 0.72
1119 4.62
1725 0.76
2338 4.46
14
SEG
0438 0.80
1036 4.75
1659 0.68
2304 4.45
30
QUA
0546 0.88
1147 4.41
1801 0.93
15
TER
0517 0.81
1121 4.68
1746 0.73
2351 4.43
31
QUI
0004 4.33
0616 1.06
1216 4.20
1840 1.14
16
QUA
0604 0.85
1212 4.56
1832 0.84
Agosto
HORA ALT(m) HORA ALT(m)
01
SEX
0036 4.21
0657 1.24
1257 3.99
1912 1.36
17
DOM
0206 4.22
0825 1.28
1451 3.99
2055 1.43
02
SÁB
0114 4.09
0744 1.45
1346 3.76
2001 1.57
18
SEG
0319 4.10
0947 1.42
1619 3.93
2208 1.56
03
DOM
0206 3.97
0842 1.65
1451 3.58
2101 1.74
19
TER
0453 4.15
1147 1.19
1749 4.13
2349 1.36
04
SEG
0312 3.89
1001 1.74
1616 3.53
2210 1.81
20
QUA
0608 4.42
1246 0.82
1849 4.44
05
TER
0432 3.94
1140 1.60
1732 3.66
2332 1.69
21
QUI
0051 1.01
0702 4.73
1325 0.50
1938 4.71
06
QUA
0542 4.12
1244 1.32
1831 3.88
22
SEX
0138 0.70
0753 4.97
1406 0.26
2016 4.90
07
QUI
0040 1.43
0638 4.36
1329 1.05
1919 4.13
23
SÁB
0214 0.47
0831 5.10
1453 0.19
2057 5.00
08
SEX
0134 1.15
0727 4.60
1408 0.79
2006 4.37
24
DOM
0301 0.34
0908 5.14
1519 0.24
2131 4.97
09
SÁB
0216 0.89
0814 4.81
1453 0.59
2051 4.56
25
SEG
0336 0.37
0946 5.04
1557 0.35
2202 4.87
10
DOM
0259 0.66
0901 4.95
1531 0.49
2132 4.70
26
TER
0404 0.43
1014 4.87
1619 0.53
2227 4.73
11
SEG
0344 0.52
0946 5.01
1602 0.41
2212 4.77
27
QUA
0440 0.58
1036 4.67
1651 0.69
2246 4.60
12
TER
0421 0.46
1027 4.99
1647 0.42
2253 4.77
28
QUI
0504 0.75
1101 4.47
1719 0.90
2310 4.50
13
QUA
0502 0.47
1110 4.88
1727 0.53
2334 4.70
29
SEX
0542 0.96
1129 4.24
1755 1.12
2349 4.35
14
QUI
0553 0.58
1159 4.70
1806 0.69
30
SÁB
0616 1.21
1208 3.99
1836 1.38
15
SEX
0017 4.57
0644 0.78
1249 4.46
1859 0.91
31
DOM
0029 4.15
0647 1.46
1302 3.72
1927 1.64
16
SÁB
0108 4.40
0731 1.04
1346 4.20
1955 1.18
DG6-62 Original
22
ILHA DOS GUARÁS (ESTADO DO PARÁ) - 2025
Latitude 00° 04'.6 S Longitude 47° 34'.5 W Fuso UTC -03.0 horas
CHM 32 Componentes Nível Médio 2.74 m Carta 302
Setembro
HORA ALT(m) HORA ALT(m)
01
SEG
0123 3.95
0747 1.69
1410 3.50
2027 1.83
17
QUA
0451 4.06
1136 1.24
1738 4.12
2338 1.42
02
TER
0242 3.82
0904 1.82
1532 3.44
2140 1.89
18
QUI
0555 4.36
1217 0.89
1825 4.43
03
QUA
0359 3.86
1034 1.75
1653 3.59
2253 1.75
19
SEX
0027 1.04
0644 4.66
1302 0.58
1906 4.71
04
QUI
0506 4.06
1208 1.45
1801 3.89
20
SÁB
0108 0.68
0723 4.90
1347 0.42
1949 4.90
05
SEX
0012 1.44
0612 4.36
1302 1.06
1859 4.25
21
DOM
0157 0.44
0802 5.04
1416 0.35
2023 4.98
06
SÁB
0110 1.03
0710 4.70
1351 0.70
1949 4.59
22
SEG
0232 0.35
0842 5.05
1455 0.36
2059 4.98
07
DOM
0159 0.64
0802 4.98
1431 0.44
2032 4.87
23
TER
0302 0.32
0914 4.95
1517 0.48
2125 4.89
08
SEG
0246 0.34
0849 5.18
1504 0.24
2112 5.04
24
QUA
0340 0.41
0940 4.79
1549 0.60
2140 4.78
09
TER
0323 0.18
0932 5.24
1547 0.17
2155 5.11
25
QUI
0404 0.55
0957 4.60
1616 0.77
2201 4.69
10
QUA
0402 0.11
1012 5.18
1623 0.24
2232 5.04
26
SEX
0438 0.74
1019 4.41
1647 0.96
2227 4.58
11
QUI
0451 0.20
1055 5.01
1702 0.38
2308 4.89
27
SÁB
0504 0.97
1057 4.20
1723 1.19
2304 4.41
12
SEX
0534 0.44
1138 4.73
1751 0.65
2353 4.65
28
DOM
0534 1.19
1142 3.93
1755 1.44
2353 4.19
13
SÁB
0612 0.74
1223 4.40
1838 1.01
29
SEG
0623 1.44
1240 3.67
1849 1.66
14
DOM
0040 4.35
0704 1.08
1317 4.06
1925 1.38
30
TER
0057 3.96
0725 1.66
1351 3.50
1957 1.81
15
SEG
0140 4.06
0804 1.41
1436 3.80
2027 1.67
16
TER
0314 3.90
1019 1.55
1627 3.84
2212 1.73
Outubro
HORA ALT(m) HORA ALT(m)
01
QUA
0204 3.83
0831 1.78
1501 3.49
2101 1.83
17
SEX
0519 4.26
1157 1.04
1753 4.37
02
QUI
0317 3.85
0946 1.74
1610 3.65
2208 1.69
18
SÁB
0001 1.09
0608 4.51
1240 0.84
1836 4.60
03
SEX
0438 4.05
1131 1.48
1727 3.99
2338 1.35
19
DOM
0051 0.79
0655 4.71
1310 0.69
1914 4.78
04
SÁB
0551 4.40
1238 1.05
1832 4.42
20
SEG
0129 0.58
0736 4.82
1351 0.61
1953 4.88
05
DOM
0049 0.86
0653 4.79
1319 0.64
1921 4.83
21
TER
0204 0.44
0814 4.83
1417 0.62
2027 4.88
06
SEG
0142 0.41
0744 5.12
1401 0.30
2006 5.14
22
QUA
0244 0.42
0849 4.75
1451 0.66
2047 4.82
07
TER
0221 0.10
0829 5.31
1444 0.11
2051 5.31
23
QUI
0312 0.50
0916 4.59
1519 0.78
2108 4.75
08
QUA
0302 -0.09
0910 5.36
1519 0.07
2129 5.31
24
SEX
0349 0.62
0931 4.44
1551 0.90
2127 4.68
09
QUI
0349 -0.08
0953 5.25
1601 0.15
2206 5.19
25
SÁB
0419 0.81
1001 4.28
1627 1.08
2202 4.58
10
SEX
0427 0.10
1034 5.00
1647 0.40
2247 4.95
26
DOM
0446 0.99
1040 4.10
1655 1.26
2247 4.41
11
SÁB
0508 0.38
1116 4.67
1727 0.75
2327 4.63
27
SEG
0525 1.19
1123 3.90
1742 1.42
2340 4.22
12
DOM
0601 0.74
1206 4.30
1810 1.13
28
TER
0557 1.37
1216 3.73
1834 1.58
13
SEG
0017 4.28
0657 1.14
1312 3.96
1904 1.47
29
QUA
0040 4.04
0653 1.51
1314 3.63
1929 1.68
14
TER
0132 3.98
0801 1.45
1440 3.80
2012 1.72
30
QUI
0144 3.92
0755 1.60
1421 3.63
2029 1.70
15
QUA
0306 3.89
0946 1.53
1602 3.88
2147 1.72
31
SEX
0253 3.93
0902 1.58
1542 3.79
2142 1.57
16
QUI
0421 4.03
1102 1.30
1704 4.11
2304 1.44
Novembro
HORA ALT(m) HORA ALT(m)
01
SÁB
0408 4.08
1021 1.42
1701 4.13
2314 1.26
17
SEG
0021 1.04
0623 4.39
1244 1.07
1844 4.56
02
DOM
0525 4.41
1147 1.05
1802 4.57
18
TER
0102 0.81
0708 4.49
1316 0.98
1925 4.66
03
SEG
0023 0.78
0625 4.79
1246 0.64
1855 4.96
19
QUA
0147 0.66
0753 4.53
1353 0.91
1957 4.70
04
TER
0110 0.34
0716 5.10
1331 0.34
1942 5.23
20
QUI
0219 0.61
0831 4.49
1425 0.91
2029 4.69
05
QUA
0159 0.01
0802 5.27
1410 0.15
2023 5.37
21
SEX
0259 0.61
0855 4.39
1459 0.94
2046 4.67
06
QUI
0246 -0.12
0851 5.29
1459 0.11
2104 5.35
22
SÁB
0336 0.71
0921 4.29
1538 1.02
2116 4.63
07
SEX
0327 -0.08
0934 5.16
1546 0.24
2147 5.19
23
DOM
0402 0.83
0953 4.20
1606 1.12
2155 4.57
08
SÁB
0408 0.09
1019 4.92
1627 0.49
2231 4.94
24
SEG
0440 0.96
1027 4.10
1646 1.20
2238 4.47
09
DOM
0501 0.37
1110 4.61
1710 0.80
2319 4.63
25
TER
0506 1.09
1106 4.01
1725 1.30
2319 4.34
10
SEG
0553 0.72
1204 4.30
1802 1.11
26
QUA
0544 1.18
1157 3.93
1806 1.38
11
TER
0017 4.32
0646 1.07
1308 4.07
1859 1.39
27
QUI
0008 4.21
0632 1.28
1251 3.87
1901 1.44
12
QUA
0125 4.09
0740 1.33
1412 3.95
1959 1.58
28
SEX
0106 4.10
0725 1.37
1351 3.87
2001 1.46
13
QUI
0231 3.98
0840 1.48
1514 3.95
2102 1.63
29
SÁB
0217 4.04
0831 1.40
1504 3.98
2106 1.40
14
SEX
0334 3.99
1016 1.48
1612 4.05
2225 1.53
30
DOM
0342 4.13
0947 1.32
1623 4.23
2227 1.19
15
SÁB
0434 4.09
1116 1.36
1708 4.21
2334 1.30
16
DOM
0531 4.24
1201 1.20
1759 4.39
Dezembro
HORA ALT(m) HORA ALT(m)
01
SEG
0457 4.37
1102 1.10
1727 4.57
2346 0.82
17
QUA
0044 1.14
0647 4.12
1244 1.35
1853 4.39
02
TER
0557 4.66
1204 0.79
1819 4.89
18
QUI
0119 0.96
0731 4.20
1323 1.22
1934 4.50
03
QUA
0047 0.44
0653 4.90
1301 0.52
1912 5.13
19
SEX
0201 0.80
0806 4.25
1402 1.10
2004 4.57
04
QUI
0142 0.16
0746 5.05
1353 0.34
2002 5.26
20
SÁB
0244 0.75
0840 4.25
1446 1.04
2034 4.62
05
SEX
0227 0.01
0836 5.10
1444 0.29
2053 5.27
21
DOM
0310 0.75
0908 4.25
1516 1.03
2106 4.66
06
SÁB
0314 -0.02
0929 5.04
1529 0.35
2142 5.17
22
SEG
0351 0.78
0940 4.24
1553 1.02
2146 4.65
07
DOM
0402 0.07
1017 4.90
1612 0.49
2231 4.99
23
TER
0419 0.85
1012 4.24
1629 1.04
2221 4.61
08
SEG
0455 0.28
1106 4.71
1702 0.67
2317 4.77
24
QUA
0449 0.89
1055 4.23
1704 1.06
2302 4.54
09
TER
0540 0.57
1155 4.51
1753 0.91
25
QUI
0527 0.95
1134 4.20
1749 1.10
2353 4.42
10
QUA
0006 4.54
0616 0.84
1244 4.31
1836 1.16
26
SEX
0610 1.03
1219 4.16
1842 1.17
11
QUI
0057 4.32
0702 1.09
1327 4.14
1914 1.34
27
SÁB
0047 4.28
0701 1.13
1319 4.13
1942 1.24
12
SEX
0147 4.12
0749 1.33
1416 4.04
2004 1.46
28
DOM
0155 4.17
0802 1.21
1432 4.15
2049 1.27
13
SÁB
0240 3.98
0825 1.49
1508 3.99
2102 1.54
29
SEG
0308 4.14
0906 1.25
1546 4.27
2159 1.20
14
DOM
0338 3.90
0914 1.57
1608 4.02
2219 1.54
30
TER
0419 4.23
1016 1.19
1653 4.46
2314 1.00
15
SEG
0446 3.91
1019 1.59
1712 4.11
2349 1.36
31
QUA
0527 4.39
1131 1.04
1757 4.68
16
TER
0553 4.00
1144 1.50
1806 4.25
DG6-62 Original
