23
FUNDEADOURO DE SALINÓPOLIS (ESTADO DO PARÁ) - 2025
Latitude 00° 37' S Longitude 47° 21' W Fuso UTC -03.0 horas
IAGS 101 Componentes Nível Médio 2.75 m Carta 302
Janeiro
HORA ALT(m) HORA ALT(m)
01
QUA
0246 0.57
0814 4.61
1446 0.76
2017 4.99
17
SEX
0353 0.76
0938 4.51
1555 0.95
2134 4.60
02
QUI
0321 0.59
0853 4.61
1527 0.76
2101 4.97
18
SÁB
0416 0.90
1006 4.36
1627 1.07
2204 4.39
03
SEX
0353 0.58
0934 4.57
1604 0.77
2149 4.88
19
DOM
0449 1.02
1040 4.20
1701 1.18
2242 4.17
04
SÁB
0436 0.60
1017 4.52
1649 0.80
2238 4.73
20
SEG
0519 1.18
1112 4.05
1744 1.31
2319 3.95
05
DOM
0517 0.67
1104 4.45
1742 0.87
2331 4.54
21
TER
0601 1.35
1157 3.93
1829 1.44
06
SEG
0606 0.78
1201 4.36
1840 0.96
22
QUA
0010 3.76
0655 1.52
1255 3.86
1925 1.52
07
TER
0032 4.34
0704 0.92
1302 4.30
1944 1.01
23
QUI
0121 3.63
0757 1.64
1406 3.88
2038 1.51
08
QUA
0144 4.19
0808 1.05
1412 4.31
2053 1.01
24
SEX
0247 3.65
0906 1.63
1512 4.04
2155 1.36
09
QUI
0301 4.14
0916 1.10
1521 4.38
2202 0.94
25
SÁB
0401 3.83
1014 1.47
1614 4.27
2301 1.13
10
SEX
0417 4.21
1027 1.07
1631 4.53
2319 0.83
26
DOM
0501 4.09
1114 1.25
1708 4.56
2359 0.90
11
SÁB
0529 4.37
1138 0.97
1734 4.70
27
SEG
0553 4.37
1208 1.02
1759 4.83
12
DOM
0034 0.66
0627 4.55
1244 0.83
1827 4.86
28
TER
0053 0.69
0638 4.61
1259 0.83
1846 5.06
13
SEG
0132 0.52
0714 4.69
1340 0.73
1912 4.97
29
QUA
0146 0.54
0719 4.79
1349 0.67
1925 5.21
14
TER
0214 0.46
0757 4.75
1419 0.71
1955 4.99
30
QUI
0229 0.47
0757 4.91
1436 0.58
2002 5.30
15
QUA
0257 0.49
0834 4.72
1457 0.73
2029 4.91
31
SEX
0301 0.43
0836 4.96
1516 0.56
2047 5.28
16
QUI
0329 0.63
0902 4.64
1531 0.84
2101 4.79
Fevereiro
HORA ALT(m) HORA ALT(m)
01
SÁB
0342 0.43
0910 4.94
1549 0.57
2127 5.16
17
SEG
0412 0.97
0951 4.49
1629 1.05
2157 4.36
02
DOM
0417 0.52
0951 4.86
1638 0.64
2210 4.93
18
TER
0447 1.14
1019 4.31
1702 1.21
2232 4.11
03
SEG
0455 0.65
1034 4.70
1723 0.80
2301 4.63
19
QUA
0523 1.37
1055 4.11
1751 1.39
2316 3.85
04
TER
0546 0.86
1123 4.49
1814 0.98
2359 4.28
20
QUI
0604 1.61
1149 3.92
1844 1.57
05
QUA
0640 1.13
1227 4.27
1912 1.16
21
SEX
0021 3.60
0702 1.82
1304 3.80
1949 1.68
06
QUI
0116 3.98
0742 1.38
1346 4.13
2023 1.29
22
SÁB
0159 3.50
0816 1.92
1438 3.87
2112 1.63
07
SEX
0247 3.87
0855 1.50
1506 4.15
2146 1.27
23
DOM
0338 3.68
0946 1.77
1555 4.14
2240 1.35
08
SÁB
0412 3.98
1010 1.45
1623 4.31
2308 1.10
24
SEG
0447 4.04
1057 1.43
1657 4.52
2344 1.00
09
DOM
0523 4.24
1127 1.25
1731 4.56
25
TER
0542 4.44
1155 1.05
1751 4.91
10
SEG
0017 0.84
0616 4.52
1229 1.00
1819 4.81
26
QUA
0038 0.68
0625 4.80
1249 0.72
1836 5.24
11
TER
0108 0.62
0701 4.75
1317 0.79
1902 5.00
27
QUI
0125 0.45
0704 5.09
1342 0.47
1916 5.47
12
QUA
0155 0.49
0740 4.87
1359 0.66
1942 5.07
28
SEX
0204 0.30
0746 5.27
1427 0.34
1959 5.57
13
QUI
0231 0.51
0806 4.92
1438 0.66
2008 5.06
14
SEX
0257 0.57
0838 4.89
1501 0.72
2042 4.97
15
SÁB
0321 0.70
0901 4.80
1531 0.81
2104 4.80
16
DOM
0349 0.81
0929 4.66
1557 0.91
2136 4.59
Março
HORA ALT(m) HORA ALT(m)
01
SÁB
0249 0.24
0819 5.33
1502 0.30
2038 5.52
17
SEG
0323 0.77
0859 4.86
1540 0.79
2112 4.67
02
DOM
0329 0.31
0855 5.29
1547 0.36
2116 5.34
18
TER
0351 0.93
0923 4.67
1604 0.95
2138 4.43
03
SEG
0359 0.45
0932 5.14
1629 0.53
2159 5.03
19
QUA
0419 1.15
0949 4.47
1642 1.12
2206 4.16
04
TER
0444 0.67
1010 4.89
1704 0.76
2246 4.63
20
QUI
0455 1.38
1023 4.23
1719 1.33
2251 3.88
05
QUA
0525 1.00
1057 4.56
1755 1.03
2344 4.19
21
SEX
0542 1.65
1110 3.98
1806 1.53
2357 3.61
06
QUI
0610 1.35
1159 4.21
1853 1.33
22
SÁB
0634 1.90
1225 3.78
1906 1.70
07
SEX
0102 3.83
0710 1.68
1325 3.96
2002 1.55
23
DOM
0125 3.47
0746 2.03
1404 3.79
2031 1.73
08
SÁB
0240 3.71
0834 1.86
1459 3.94
2138 1.54
24
SEG
0316 3.65
0917 1.89
1534 4.05
2216 1.44
09
DOM
0410 3.88
1002 1.73
1621 4.14
2304 1.27
25
TER
0427 4.05
1040 1.47
1642 4.48
2319 1.04
10
SEG
0516 4.21
1117 1.40
1725 4.46
26
QUA
0517 4.50
1142 1.00
1736 4.92
11
TER
0002 0.94
0604 4.55
1214 1.04
1810 4.77
27
QUI
0012 0.67
0604 4.93
1236 0.59
1821 5.30
12
QUA
0053 0.67
0647 4.82
1301 0.73
1855 5.00
28
SEX
0101 0.37
0651 5.26
1327 0.29
1904 5.56
13
QUI
0131 0.53
0714 5.00
1344 0.57
1925 5.11
29
SÁB
0151 0.18
0729 5.46
1410 0.11
1953 5.65
14
SEX
0201 0.47
0747 5.09
1412 0.53
1957 5.14
30
DOM
0236 0.15
0804 5.54
1457 0.06
2032 5.57
15
SÁB
0234 0.52
0810 5.09
1446 0.56
2023 5.04
31
SEG
0308 0.22
0846 5.47
1542 0.18
2110 5.36
16
DOM
0259 0.61
0838 5.01
1508 0.67
2051 4.89
Abril
HORA ALT(m) HORA ALT(m)
01
TER
0351 0.39
0919 5.27
1616 0.41
2155 5.02
17
QUI
0402 1.13
0940 4.47
1629 1.01
2204 4.12
02
QUA
0431 0.69
1001 4.97
1657 0.67
2244 4.60
18
SEX
0442 1.32
1014 4.26
1702 1.16
2253 3.90
03
QUI
0504 1.03
1049 4.59
1744 1.01
2340 4.18
19
SÁB
0521 1.53
1104 4.05
1755 1.32
2353 3.70
04
SEX
0555 1.40
1147 4.19
1831 1.35
20
DOM
0610 1.72
1210 3.90
1851 1.47
05
SÁB
0053 3.84
0651 1.76
1304 3.90
1942 1.61
21
SEG
0106 3.63
0717 1.83
1336 3.88
2002 1.51
06
DOM
0217 3.71
0814 1.94
1436 3.81
2125 1.61
22
TER
0231 3.77
0849 1.71
1457 4.07
2131 1.35
07
SEG
0349 3.85
0953 1.79
1606 3.98
2246 1.36
23
QUA
0346 4.08
1006 1.34
1606 4.40
2242 1.03
08
TER
0455 4.14
1101 1.42
1706 4.28
2340 1.06
24
QUI
0444 4.47
1110 0.92
1706 4.78
2340 0.71
09
QUA
0542 4.44
1155 1.04
1757 4.58
25
SEX
0534 4.85
1210 0.54
1801 5.12
10
QUI
0019 0.81
0616 4.72
1242 0.74
1836 4.80
26
SÁB
0036 0.45
0619 5.16
1304 0.24
1853 5.34
11
SEX
0101 0.61
0653 4.93
1316 0.54
1906 4.96
27
DOM
0125 0.28
0704 5.38
1359 0.04
1940 5.42
12
SÁB
0138 0.53
0719 5.04
1355 0.44
1944 4.99
28
SEG
0210 0.21
0751 5.45
1451 -0.00
2021 5.37
13
DOM
0204 0.53
0751 5.07
1425 0.47
2008 4.93
29
TER
0259 0.23
0829 5.38
1536 0.11
2106 5.19
14
SEG
0242 0.62
0816 4.99
1457 0.55
2040 4.78
30
QUA
0344 0.40
0908 5.21
1610 0.30
2153 4.91
15
TER
0304 0.76
0844 4.85
1527 0.70
2104 4.58
16
QUA
0340 0.94
0906 4.67
1557 0.84
2132 4.35
DG6-62 Original
24
FUNDEADOURO DE SALINÓPOLIS (ESTADO DO PARÁ) - 2025
Latitude 00° 37' S Longitude 47° 21' W Fuso UTC -03.0 horas
IAGS 101 Componentes Nível Médio 2.75 m Carta 302
Maio
HORA ALT(m) HORA ALT(m)
01
QUI
0417 0.66
0955 4.93
1655 0.56
2242 4.57
17
SÁB
0432 1.15
1010 4.35
1659 0.90
2253 4.04
02
SEX
0457 0.95
1042 4.58
1734 0.87
2336 4.24
18
DOM
0508 1.24
1102 4.24
1742 0.99
2346 3.96
03
SÁB
0542 1.27
1136 4.24
1816 1.17
19
SEG
0601 1.32
1201 4.16
1829 1.07
04
DOM
0036 3.98
0632 1.56
1242 3.96
1917 1.42
20
TER
0044 3.95
0701 1.37
1302 4.14
1931 1.12
05
SEG
0144 3.83
0747 1.73
1357 3.80
2042 1.51
21
QUA
0147 4.03
0808 1.31
1410 4.19
2044 1.08
06
TER
0255 3.84
0908 1.66
1514 3.81
2155 1.41
22
QUI
0251 4.20
0923 1.11
1521 4.32
2153 0.95
07
QUA
0359 3.98
1016 1.42
1625 3.97
2251 1.23
23
SEX
0355 4.43
1032 0.85
1632 4.52
2257 0.79
08
QUI
0451 4.19
1110 1.13
1716 4.19
2340 1.03
24
SÁB
0453 4.68
1140 0.60
1734 4.73
2359 0.64
09
SEX
0536 4.42
1201 0.85
1802 4.41
25
DOM
0549 4.91
1247 0.37
1831 4.90
10
SÁB
0019 0.86
0610 4.62
1247 0.65
1844 4.57
26
SEG
0059 0.50
0642 5.08
1349 0.18
1923 5.00
11
DOM
0101 0.73
0651 4.76
1325 0.53
1916 4.65
27
TER
0157 0.39
0729 5.16
1442 0.09
2014 5.01
12
SEG
0142 0.69
0723 4.82
1402 0.48
1955 4.65
28
QUA
0249 0.37
0814 5.14
1525 0.12
2102 4.93
13
TER
0212 0.73
0757 4.80
1444 0.53
2027 4.56
29
QUI
0331 0.47
0901 5.03
1604 0.23
2151 4.77
14
QUA
0253 0.80
0825 4.71
1512 0.63
2059 4.43
30
SEX
0406 0.61
0946 4.83
1651 0.44
2236 4.56
15
QUI
0321 0.94
0859 4.60
1551 0.72
2131 4.28
31
SÁB
0451 0.81
1031 4.58
1723 0.69
2319 4.34
16
SEX
0355 1.03
0932 4.46
1619 0.84
2206 4.15
Junho
HORA ALT(m) HORA ALT(m)
01
DOM
0531 1.04
1116 4.32
1801 0.93
17
TER
0546 0.92
1138 4.44
1806 0.71
02
SEG
0006 4.14
0612 1.25
1206 4.07
1844 1.15
18
QUA
0006 4.28
0638 0.95
1232 4.37
1902 0.79
03
TER
0101 3.99
0706 1.40
1304 3.88
1936 1.33
19
QUI
0102 4.30
0738 0.95
1334 4.30
2002 0.87
04
QUA
0155 3.92
0812 1.46
1404 3.77
2042 1.40
20
SEX
0202 4.35
0846 0.91
1442 4.25
2106 0.92
05
QUI
0249 3.92
0916 1.39
1510 3.76
2146 1.37
21
SÁB
0306 4.42
0953 0.83
1555 4.27
2216 0.92
06
SEX
0340 4.00
1014 1.23
1614 3.84
2240 1.27
22
DOM
0410 4.52
1104 0.74
1704 4.37
2327 0.88
07
SÁB
0431 4.14
1108 1.05
1710 3.99
2331 1.15
23
SEG
0516 4.65
1225 0.59
1812 4.52
08
DOM
0517 4.29
1202 0.86
1801 4.15
24
TER
0040 0.77
0616 4.80
1334 0.40
1912 4.66
09
SEG
0017 1.03
0602 4.44
1253 0.72
1847 4.28
25
QUA
0142 0.62
0712 4.91
1425 0.24
2004 4.76
10
TER
0102 0.93
0647 4.55
1340 0.63
1927 4.35
26
QUI
0232 0.53
0802 4.96
1508 0.17
2053 4.78
11
QUA
0151 0.89
0725 4.60
1417 0.59
2004 4.37
27
SEX
0312 0.51
0849 4.92
1557 0.23
2136 4.71
12
QUI
0227 0.90
0802 4.62
1501 0.58
2044 4.35
28
SÁB
0359 0.56
0929 4.80
1631 0.41
2210 4.59
13
SEX
0302 0.89
0842 4.59
1540 0.63
2116 4.32
29
DOM
0436 0.71
1008 4.63
1701 0.60
2253 4.44
14
SÁB
0344 0.91
0914 4.57
1606 0.65
2155 4.29
30
SEG
0504 0.87
1051 4.41
1729 0.81
2331 4.27
15
DOM
0416 0.92
1001 4.55
1647 0.66
2236 4.27
16
SEG
0457 0.91
1049 4.51
1723 0.68
2317 4.27
Julho
HORA ALT(m) HORA ALT(m)
01
TER
0544 1.02
1131 4.19
1801 0.99
17
QUI
0610 0.75
1201 4.49
1838 0.75
02
QUA
0008 4.12
0621 1.17
1214 3.98
1842 1.18
18
SEX
0025 4.44
0704 0.83
1301 4.29
1932 0.94
03
QUI
0055 4.00
0708 1.29
1304 3.81
1927 1.35
19
SÁB
0127 4.37
0808 0.92
1410 4.11
2038 1.09
04
SEX
0144 3.94
0806 1.36
1402 3.70
2031 1.47
20
DOM
0236 4.33
0917 0.97
1532 4.05
2149 1.16
05
SÁB
0236 3.94
0910 1.34
1508 3.68
2138 1.48
21
SEG
0347 4.37
1038 0.94
1653 4.15
2302 1.13
06
DOM
0329 4.01
1014 1.24
1614 3.76
2240 1.40
22
TER
0501 4.50
1204 0.79
1802 4.36
07
SEG
0423 4.13
1116 1.09
1714 3.91
2336 1.28
23
QUA
0017 0.97
0604 4.69
1310 0.55
1901 4.58
08
TER
0517 4.29
1214 0.93
1808 4.08
24
QUI
0119 0.75
0702 4.87
1404 0.34
1951 4.75
09
QUA
0029 1.14
0608 4.45
1306 0.77
1855 4.24
25
SEX
0208 0.57
0751 4.98
1453 0.26
2029 4.81
10
QUI
0116 1.02
0657 4.59
1359 0.65
1938 4.37
26
SÁB
0257 0.49
0829 4.97
1527 0.33
2102 4.80
11
SEX
0201 0.90
0738 4.69
1444 0.58
2014 4.45
27
DOM
0336 0.56
0904 4.90
1559 0.45
2140 4.72
12
SÁB
0246 0.82
0814 4.77
1516 0.56
2053 4.51
28
SEG
0402 0.66
0942 4.74
1623 0.64
2208 4.59
13
DOM
0321 0.77
0857 4.82
1553 0.52
2127 4.55
29
TER
0436 0.80
1012 4.55
1651 0.80
2244 4.42
14
SEG
0359 0.71
0938 4.82
1627 0.53
2204 4.57
30
QUA
0502 0.93
1051 4.32
1716 0.98
2314 4.25
15
TER
0442 0.68
1017 4.77
1701 0.53
2251 4.56
31
QUI
0540 1.09
1125 4.08
1755 1.17
2351 4.09
16
QUA
0523 0.70
1106 4.66
1749 0.60
2336 4.51
Agosto
HORA ALT(m) HORA ALT(m)
01
SEX
0614 1.23
1204 3.86
1834 1.39
17
DOM
0102 4.27
0749 1.14
1359 3.93
2010 1.41
02
SÁB
0036 3.96
0702 1.37
1301 3.67
1923 1.59
18
SEG
0219 4.17
0902 1.24
1527 3.90
2132 1.48
03
DOM
0138 3.89
0804 1.48
1414 3.58
2032 1.71
19
TER
0344 4.23
1031 1.17
1651 4.10
2255 1.33
04
SEG
0244 3.91
0923 1.48
1532 3.64
2151 1.66
20
QUA
0459 4.44
1155 0.91
1757 4.40
05
TER
0349 4.04
1042 1.32
1642 3.83
2259 1.48
21
QUI
0004 1.05
0601 4.72
1257 0.61
1847 4.68
06
QUA
0451 4.26
1147 1.08
1740 4.09
2359 1.24
22
SEX
0102 0.74
0653 4.96
1346 0.41
1925 4.87
07
QUI
0547 4.51
1246 0.84
1831 4.36
23
SÁB
0155 0.52
0732 5.08
1419 0.34
2001 4.99
08
SEX
0053 1.00
0634 4.76
1336 0.65
1910 4.58
24
DOM
0234 0.47
0804 5.12
1457 0.37
2032 4.99
09
SÁB
0144 0.80
0716 4.96
1414 0.52
1951 4.76
25
SEG
0302 0.50
0842 5.05
1523 0.52
2101 4.93
10
DOM
0225 0.66
0757 5.10
1455 0.43
2027 4.86
26
TER
0336 0.62
0906 4.90
1549 0.66
2129 4.79
11
SEG
0302 0.56
0836 5.15
1534 0.43
2101 4.91
27
QUA
0359 0.75
0942 4.68
1608 0.83
2157 4.62
12
TER
0346 0.51
0912 5.12
1602 0.45
2140 4.89
28
QUI
0427 0.90
1006 4.43
1644 1.01
2223 4.41
13
QUA
0425 0.55
0957 5.00
1644 0.52
2216 4.81
29
SEX
0459 1.05
1042 4.16
1710 1.23
2257 4.21
14
QUI
0501 0.62
1046 4.77
1723 0.69
2302 4.67
30
SÁB
0538 1.24
1116 3.90
1753 1.47
2342 4.00
15
SEX
0551 0.75
1136 4.47
1808 0.92
2357 4.46
31
DOM
0617 1.44
1208 3.65
1842 1.72
16
SÁB
0646 0.95
1240 4.15
1904 1.19
DG6-62 Original
25
FUNDEADOURO DE SALINÓPOLIS (ESTADO DO PARÁ) - 2025
Latitude 00° 37' S Longitude 47° 21' W Fuso UTC -03.0 horas
IAGS 101 Componentes Nível Médio 2.75 m Carta 302
Setembro
HORA ALT(m) HORA ALT(m)
01
SEG
0044 3.83
0710 1.61
1327 3.50
1942 1.91
17
QUA
0340 4.12
1029 1.30
1642 4.11
2249 1.42
02
TER
0202 3.81
0829 1.69
1504 3.56
2110 1.90
18
QUI
0455 4.39
1140 0.98
1740 4.44
2355 1.04
03
QUA
0323 3.96
1016 1.51
1623 3.84
2236 1.62
19
SEX
0553 4.71
1232 0.69
1821 4.74
04
QUI
0432 4.26
1123 1.18
1719 4.20
2338 1.25
20
SÁB
0049 0.71
0636 4.96
1312 0.48
1901 4.97
05
SEX
0531 4.63
1217 0.85
1806 4.57
21
DOM
0131 0.51
0710 5.12
1355 0.39
1932 5.09
06
SÁB
0032 0.90
0617 4.97
1304 0.58
1851 4.88
22
SEG
0204 0.41
0749 5.15
1423 0.44
2001 5.13
07
DOM
0121 0.62
0701 5.25
1351 0.39
1929 5.10
23
TER
0242 0.46
0814 5.09
1453 0.52
2029 5.07
08
SEG
0202 0.42
0744 5.40
1434 0.31
2002 5.23
24
QUA
0302 0.56
0847 4.94
1514 0.68
2055 4.94
09
TER
0251 0.31
0819 5.43
1504 0.31
2042 5.26
25
QUI
0332 0.70
0912 4.72
1544 0.84
2119 4.74
10
QUA
0334 0.34
0901 5.34
1547 0.37
2116 5.18
26
SEX
0357 0.84
0942 4.46
1606 1.04
2149 4.53
11
QUI
0404 0.44
0944 5.12
1625 0.56
2157 5.02
27
SÁB
0429 1.02
1008 4.19
1644 1.25
2219 4.28
12
SEX
0449 0.58
1029 4.79
1701 0.79
2242 4.75
28
DOM
0502 1.20
1047 3.92
1717 1.50
2302 4.05
13
SÁB
0534 0.82
1119 4.41
1749 1.10
2336 4.43
29
SEG
0551 1.40
1142 3.66
1802 1.74
14
DOM
0621 1.10
1229 4.04
1846 1.43
30
TER
0004 3.84
0644 1.60
1259 3.50
1904 1.93
15
SEG
0051 4.16
0723 1.35
1353 3.83
1955 1.68
16
TER
0210 4.03
0851 1.46
1521 3.86
2121 1.69
Outubro
HORA ALT(m) HORA ALT(m)
01
QUA
0129 3.78
0753 1.71
1434 3.57
2034 1.94
17
SEX
0432 4.24
1104 1.08
1704 4.37
2325 1.08
02
QUI
0257 3.94
0938 1.56
1553 3.88
2206 1.62
18
SÁB
0525 4.51
1159 0.82
1753 4.64
03
SEX
0406 4.27
1051 1.20
1651 4.28
2310 1.18
19
DOM
0014 0.77
0608 4.75
1244 0.64
1827 4.85
04
SÁB
0504 4.68
1146 0.84
1740 4.69
20
SEG
0059 0.54
0651 4.91
1316 0.55
1901 5.01
05
DOM
0004 0.77
0559 5.06
1236 0.54
1819 5.04
21
TER
0140 0.46
0721 4.96
1353 0.52
1932 5.06
06
SEG
0057 0.45
0646 5.34
1319 0.35
1902 5.31
22
QUA
0208 0.46
0755 4.93
1421 0.60
2001 5.03
07
TER
0149 0.23
0725 5.49
1402 0.24
1944 5.43
23
QUI
0244 0.54
0825 4.80
1453 0.71
2029 4.91
08
QUA
0238 0.17
0806 5.51
1449 0.23
2019 5.44
24
SEX
0308 0.66
0855 4.62
1517 0.88
2057 4.75
09
QUI
0314 0.22
0851 5.37
1529 0.36
2101 5.34
25
SÁB
0342 0.80
0921 4.39
1549 1.03
2125 4.54
10
SEX
0357 0.33
0934 5.10
1602 0.56
2142 5.10
26
DOM
0406 0.95
0953 4.16
1617 1.22
2159 4.33
11
SÁB
0440 0.55
1017 4.76
1647 0.82
2225 4.79
27
SEG
0447 1.09
1034 3.94
1657 1.39
2247 4.13
12
DOM
0516 0.82
1112 4.38
1731 1.15
2319 4.43
28
TER
0525 1.25
1125 3.75
1746 1.58
2347 3.96
13
SEG
0604 1.11
1217 4.04
1821 1.48
29
QUA
0614 1.38
1234 3.65
1844 1.72
14
TER
0032 4.12
0706 1.37
1336 3.85
1934 1.72
30
QUI
0101 3.90
0716 1.47
1353 3.72
2001 1.71
15
QUA
0155 3.97
0836 1.49
1459 3.87
2104 1.69
31
SEX
0214 4.01
0844 1.40
1502 3.96
2125 1.46
16
QUI
0317 4.02
1002 1.34
1610 4.08
2225 1.42
Novembro
HORA ALT(m) HORA ALT(m)
01
SÁB
0327 4.26
1001 1.14
1602 4.31
2234 1.08
17
SEG
0536 4.36
1155 0.90
1746 4.59
02
DOM
0432 4.59
1059 0.84
1659 4.69
2332 0.71
18
TER
0019 0.73
0614 4.52
1238 0.78
1821 4.75
03
SEG
0527 4.91
1155 0.58
1749 5.02
19
QUA
0101 0.59
0655 4.63
1312 0.73
1857 4.86
04
TER
0031 0.43
0616 5.17
1247 0.40
1834 5.26
20
QUI
0144 0.55
0731 4.64
1353 0.72
1931 4.87
05
QUA
0127 0.25
0704 5.32
1342 0.30
1914 5.40
21
SEX
0214 0.58
0802 4.59
1425 0.80
2002 4.81
06
QUI
0216 0.17
0753 5.32
1429 0.31
2001 5.43
22
SÁB
0253 0.64
0836 4.47
1457 0.88
2034 4.70
07
SEX
0301 0.18
0838 5.20
1506 0.40
2044 5.31
23
DOM
0323 0.75
0904 4.33
1529 1.00
2104 4.57
08
SÁB
0351 0.30
0923 4.98
1553 0.55
2123 5.08
24
SEG
0355 0.84
0940 4.18
1601 1.10
2146 4.43
09
DOM
0431 0.51
1010 4.69
1636 0.80
2210 4.79
25
TER
0431 0.93
1017 4.05
1642 1.19
2231 4.29
10
SEG
0506 0.75
1102 4.38
1716 1.08
2304 4.46
26
QUA
0506 0.99
1106 3.96
1725 1.30
2321 4.18
11
TER
0555 1.00
1201 4.11
1804 1.35
27
QUI
0559 1.06
1202 3.92
1817 1.37
12
QUA
0006 4.16
0649 1.25
1306 3.94
1910 1.55
28
SEX
0023 4.12
0655 1.12
1304 3.96
1925 1.36
13
QUI
0117 3.96
0759 1.40
1414 3.90
2032 1.58
29
SÁB
0131 4.14
0801 1.12
1410 4.11
2042 1.22
14
SEX
0234 3.90
0914 1.38
1519 3.99
2144 1.41
30
DOM
0244 4.25
0906 1.02
1514 4.34
2149 0.97
15
SÁB
0347 3.99
1016 1.25
1616 4.17
2244 1.17
16
DOM
0447 4.17
1106 1.07
1702 4.38
2336 0.93
Dezembro
HORA ALT(m) HORA ALT(m)
01
SEG
0351 4.43
1010 0.85
1612 4.62
2251 0.72
17
QUA
0536 4.17
1151 1.04
1738 4.53
02
TER
0455 4.66
1112 0.69
1708 4.89
2353 0.53
18
QUI
0021 0.78
0617 4.33
1236 0.93
1819 4.67
03
QUA
0553 4.86
1214 0.57
1802 5.11
19
SEX
0104 0.67
0659 4.43
1316 0.87
1859 4.76
04
QUI
0059 0.37
0647 4.99
1312 0.49
1853 5.25
20
SÁB
0151 0.62
0736 4.47
1357 0.85
1936 4.78
05
SEX
0201 0.25
0738 5.03
1404 0.44
1942 5.28
21
DOM
0231 0.64
0808 4.45
1434 0.88
2006 4.76
06
SÁB
0255 0.21
0825 4.98
1457 0.45
2023 5.20
22
SEG
0302 0.68
0842 4.40
1502 0.91
2044 4.71
07
DOM
0344 0.30
0912 4.84
1546 0.57
2108 5.04
23
TER
0338 0.73
0914 4.34
1542 0.94
2119 4.64
08
SEG
0417 0.46
0957 4.65
1623 0.76
2155 4.79
24
QUA
0406 0.76
0955 4.29
1619 0.98
2202 4.56
09
TER
0459 0.65
1046 4.43
1701 0.96
2242 4.50
25
QUI
0447 0.78
1038 4.24
1702 1.02
2255 4.46
10
QUA
0538 0.89
1136 4.20
1746 1.17
2334 4.21
26
SEX
0534 0.84
1125 4.21
1755 1.06
2351 4.34
11
QUI
0614 1.12
1227 4.02
1838 1.35
27
SÁB
0623 0.93
1217 4.20
1855 1.09
12
SEX
0034 3.97
0704 1.31
1323 3.92
1938 1.46
28
DOM
0053 4.24
0721 1.00
1321 4.24
2001 1.06
13
SÁB
0138 3.81
0804 1.43
1419 3.91
2046 1.44
29
SEG
0201 4.19
0827 1.03
1429 4.35
2106 0.97
14
DOM
0246 3.78
0908 1.43
1514 4.00
2147 1.31
30
TER
0314 4.23
0936 0.98
1538 4.52
2216 0.83
15
SEG
0349 3.85
1006 1.33
1604 4.15
2242 1.13
31
QUA
0429 4.37
1042 0.88
1642 4.74
2329 0.69
16
TER
0446 4.00
1101 1.19
1653 4.34
2334 0.94
DG6-62 Original
