26
ILHA DO MOSQUEIRO (ESTADO DO PARÁ) - 2025
Latitude 01° 09'.9 S Longitude 48° 28'.4 W Fuso UTC -03.0 horas
DHN 45 Componentes Nível Médio 1.95 m Carta 303
Janeiro
HORA ALT(m) HORA ALT(m)
01
QUA
0634 0.58
1149 3.16
1819 0.70
2336 3.58
17
SEX
0046 3.53
0731 0.53
1316 3.27
1923 0.69
02
QUI
0708 0.60
1229 3.20
1857 0.67
18
SÁB
0121 3.41
0753 0.61
1349 3.22
1955 0.72
03
SEX
0017 3.59
0732 0.61
1310 3.22
1940 0.66
19
DOM
0155 3.27
0816 0.67
1421 3.17
2027 0.78
04
SÁB
0106 3.56
0804 0.63
1355 3.23
2023 0.69
20
SEG
0229 3.12
0857 0.75
1501 3.10
2102 0.85
05
DOM
0157 3.46
0844 0.67
1442 3.21
2108 0.75
21
TER
0308 2.95
0936 0.87
1546 3.01
2140 0.95
06
SEG
0253 3.33
0921 0.73
1534 3.17
2202 0.84
22
QUA
0355 2.76
1014 0.99
1634 2.93
2223 1.06
07
TER
0401 3.17
1010 0.81
1636 3.13
2312 0.93
23
QUI
0453 2.60
1106 1.11
1740 2.88
2327 1.17
08
QUA
0519 3.08
1110 0.89
1747 3.14
24
SEX
0634 2.55
1212 1.19
1853 2.92
09
QUI
0042 0.94
0632 3.06
1217 0.95
1857 3.22
25
SÁB
0142 1.16
0742 2.63
1329 1.17
1955 3.05
10
SEX
0238 0.80
0740 3.12
1340 0.96
2001 3.34
26
DOM
0301 1.01
0834 2.77
1436 1.07
2044 3.20
11
SÁB
0347 0.59
0842 3.20
1523 0.87
2055 3.46
27
SEG
0402 0.82
0921 2.94
1536 0.92
2125 3.36
12
DOM
0446 0.40
0942 3.28
1619 0.76
2147 3.57
28
TER
0455 0.65
1008 3.10
1632 0.76
2208 3.51
13
SEG
0531 0.30
1038 3.34
1706 0.68
2238 3.63
29
QUA
0544 0.51
1053 3.24
1723 0.61
2246 3.63
14
TER
0606 0.27
1127 3.37
1751 0.64
2325 3.64
30
QUI
0621 0.44
1136 3.35
1810 0.50
2325 3.71
15
QUA
0649 0.31
1204 3.36
1825 0.64
31
SEX
0651 0.41
1217 3.44
1849 0.44
16
QUI
0004 3.60
0716 0.43
1246 3.33
1855 0.66
Fevereiro
HORA ALT(m) HORA ALT(m)
01
SÁB
0012 3.74
0723 0.41
1255 3.48
1931 0.43
17
SEG
0116 3.33
0749 0.61
1344 3.33
1947 0.65
02
DOM
0057 3.70
0753 0.45
1338 3.48
2012 0.50
18
TER
0147 3.17
0817 0.71
1412 3.24
2017 0.74
03
SEG
0146 3.58
0825 0.52
1421 3.42
2053 0.61
19
QUA
0219 3.01
0855 0.83
1446 3.13
2101 0.86
04
TER
0238 3.41
0902 0.62
1506 3.33
2136 0.78
20
QUI
0304 2.81
0938 0.99
1525 2.99
2146 1.03
05
QUA
0338 3.19
0953 0.78
1601 3.20
2231 0.97
21
SEX
0402 2.60
1029 1.14
1627 2.86
2242 1.20
06
QUI
0449 2.98
1042 0.95
1704 3.08
22
SÁB
0531 2.47
1138 1.25
1759 2.82
07
SEX
0038 1.08
0608 2.87
1138 1.11
1823 3.04
23
DOM
0040 1.27
0702 2.54
1255 1.23
1912 2.94
08
SÁB
0238 0.90
0731 2.90
1344 1.16
1944 3.14
24
SEG
0236 1.10
0806 2.73
1404 1.09
2010 3.14
09
DOM
0340 0.66
0842 3.04
1514 0.99
2049 3.31
25
TER
0344 0.86
0902 2.97
1514 0.88
2102 3.36
10
SEG
0425 0.46
0938 3.20
1606 0.81
2142 3.47
26
QUA
0436 0.63
0949 3.21
1617 0.65
2146 3.56
11
TER
0504 0.33
1023 3.32
1657 0.67
2227 3.58
27
QUI
0517 0.45
1034 3.42
1710 0.44
2229 3.73
12
QUA
0549 0.28
1102 3.40
1734 0.60
2306 3.63
28
SEX
0553 0.33
1117 3.57
1753 0.29
2316 3.83
13
QUI
0619 0.34
1144 3.44
1801 0.57
2346 3.62
14
SEX
0638 0.41
1212 3.44
1827 0.56
15
SÁB
0019 3.55
0655 0.49
1242 3.42
1853 0.56
16
DOM
0047 3.45
0712 0.54
1310 3.39
1919 0.59
Março
HORA ALT(m) HORA ALT(m)
01
SÁB
0629 0.28
1155 3.67
1838 0.23
17
SEG
0014 3.40
0646 0.57
1232 3.47
1844 0.56
02
DOM
0001 3.84
0659 0.29
1238 3.71
1919 0.27
18
TER
0040 3.28
0712 0.66
1253 3.40
1912 0.62
03
SEG
0046 3.77
0732 0.35
1316 3.66
1953 0.38
19
QUA
0110 3.15
0747 0.75
1321 3.32
1947 0.72
04
TER
0134 3.62
0804 0.46
1357 3.56
2029 0.56
20
QUI
0153 2.99
0827 0.89
1346 3.22
2025 0.86
05
QUA
0223 3.39
0846 0.63
1442 3.40
2108 0.78
21
SEX
0234 2.80
0859 1.02
1429 3.08
2110 1.02
06
QUI
0319 3.12
0921 0.83
1532 3.19
2202 1.02
22
SÁB
0327 2.62
0953 1.15
1529 2.92
2208 1.18
07
SEX
0427 2.86
1008 1.04
1636 2.99
23
DOM
0446 2.50
1102 1.23
1710 2.82
2327 1.26
08
SÁB
0057 1.13
0559 2.73
1108 1.23
1806 2.90
24
SEG
0621 2.55
1216 1.21
1838 2.91
09
DOM
0214 0.94
0727 2.82
1355 1.24
1936 3.03
25
TER
0201 1.12
0738 2.78
1336 1.05
1942 3.12
10
SEG
0308 0.72
0827 3.01
1501 1.02
2038 3.23
26
QUA
0308 0.87
0836 3.06
1449 0.80
2034 3.37
11
TER
0359 0.53
0914 3.19
1555 0.82
2123 3.41
27
QUI
0359 0.63
0925 3.35
1553 0.53
2125 3.61
12
QUA
0446 0.43
0959 3.35
1638 0.68
2204 3.53
28
SEX
0444 0.43
1008 3.58
1649 0.30
2214 3.79
13
QUI
0516 0.41
1036 3.44
1706 0.59
2242 3.58
29
SÁB
0521 0.31
1051 3.75
1740 0.16
2301 3.87
14
SEX
0542 0.43
1106 3.50
1732 0.53
2317 3.56
30
DOM
0557 0.25
1134 3.84
1827 0.14
2346 3.86
15
SÁB
0555 0.49
1138 3.52
1755 0.51
2346 3.50
31
SEG
0636 0.27
1212 3.83
1904 0.22
16
DOM
0614 0.52
1204 3.51
1823 0.52
Abril
HORA ALT(m) HORA ALT(m)
01
TER
0031 3.75
0706 0.37
1249 3.76
1934 0.37
17
QUI
0049 3.05
0731 0.86
1232 3.36
1927 0.78
02
QUA
0119 3.55
0746 0.52
1332 3.60
2014 0.58
18
SEX
0129 2.92
0757 0.95
1314 3.27
2008 0.89
03
QUI
0208 3.29
0819 0.71
1416 3.39
2057 0.83
19
SÁB
0214 2.79
0846 1.03
1402 3.14
2101 1.00
04
SEX
0301 3.01
0902 0.91
1506 3.15
2214 1.07
20
DOM
0308 2.69
0940 1.11
1508 3.00
2159 1.10
05
SÁB
0414 2.78
0959 1.12
1614 2.93
21
SEG
0416 2.63
1038 1.15
1629 2.91
2302 1.15
06
DOM
0031 1.11
0549 2.70
1102 1.28
1751 2.86
22
TER
0538 2.68
1149 1.12
1757 2.96
07
SEG
0144 0.98
0702 2.83
1338 1.27
1914 2.98
23
QUA
0121 1.10
0702 2.89
1312 0.97
1910 3.15
08
TER
0240 0.83
0759 3.02
1440 1.07
2008 3.16
24
QUI
0227 0.88
0804 3.18
1432 0.72
2010 3.39
09
QUA
0325 0.70
0846 3.20
1529 0.88
2053 3.32
25
SEX
0316 0.66
0855 3.46
1536 0.46
2104 3.60
10
QUI
0401 0.62
0923 3.34
1559 0.74
2134 3.42
26
SÁB
0401 0.48
0942 3.68
1634 0.27
2153 3.74
11
SEX
0434 0.59
0959 3.45
1634 0.62
2214 3.44
27
DOM
0447 0.37
1023 3.82
1729 0.17
2240 3.79
12
SÁB
0449 0.60
1031 3.51
1657 0.57
2244 3.42
28
SEG
0529 0.34
1102 3.88
1817 0.18
2329 3.75
13
DOM
0514 0.60
1059 3.53
1731 0.54
2316 3.35
29
TER
0606 0.38
1144 3.85
1847 0.27
14
SEG
0542 0.64
1131 3.51
1751 0.56
2340 3.26
30
QUA
0019 3.61
0647 0.48
1227 3.74
1936 0.42
15
TER
0612 0.69
1149 3.47
1823 0.61
16
QUA
0012 3.17
0649 0.76
1217 3.42
1849 0.69
DG6-62 Original
27
ILHA DO MOSQUEIRO (ESTADO DO PARÁ) - 2025
Latitude 01° 09'.9 S Longitude 48° 28'.4 W Fuso UTC -03.0 horas
DHN 45 Componentes Nível Médio 1.95 m Carta 303
Maio
HORA ALT(m) HORA ALT(m)
01
QUI
0108 3.40
0727 0.63
1310 3.57
2029 0.62
17
SÁB
0117 2.91
0749 0.94
1302 3.30
2004 0.87
02
SEX
0155 3.18
0806 0.79
1359 3.36
2123 0.82
18
DOM
0202 2.86
0834 0.98
1357 3.22
2053 0.92
03
SÁB
0253 2.97
0857 0.97
1457 3.14
2229 0.98
19
SEG
0257 2.83
0916 1.00
1455 3.13
2136 0.97
04
DOM
0359 2.82
0947 1.12
1602 2.96
2338 1.06
20
TER
0351 2.82
1008 1.02
1601 3.05
2225 0.99
05
SEG
0512 2.78
1046 1.22
1716 2.90
21
QUA
0457 2.87
1116 1.01
1727 3.04
2329 0.98
06
TER
0042 1.04
0619 2.86
1155 1.22
1829 2.95
22
QUI
0623 3.01
1244 0.91
1847 3.16
07
QUA
0138 0.98
0716 3.00
1319 1.13
1929 3.07
23
SEX
0134 0.88
0731 3.25
1410 0.71
1949 3.35
08
QUI
0225 0.90
0802 3.16
1431 0.97
2019 3.17
24
SÁB
0234 0.72
0821 3.49
1519 0.51
2042 3.51
09
SEX
0259 0.84
0842 3.29
1527 0.83
2102 3.22
25
DOM
0325 0.60
0908 3.68
1623 0.36
2131 3.60
10
SÁB
0331 0.79
0919 3.40
1546 0.72
2138 3.24
26
SEG
0414 0.52
0953 3.79
1723 0.28
2223 3.62
11
DOM
0359 0.77
0953 3.46
1634 0.65
2217 3.22
27
TER
0459 0.50
1038 3.82
1814 0.26
2317 3.55
12
SEG
0434 0.76
1029 3.48
1721 0.62
2247 3.16
28
QUA
0549 0.52
1123 3.78
1859 0.30
13
TER
0510 0.78
1055 3.46
1747 0.64
2321 3.11
29
QUI
0012 3.44
0638 0.59
1210 3.67
1947 0.40
14
QUA
0551 0.81
1127 3.43
1829 0.69
2359 3.03
30
SEX
0101 3.31
0719 0.70
1259 3.53
2032 0.56
15
QUI
0636 0.86
1142 3.39
1853 0.75
31
SÁB
0153 3.17
0801 0.80
1351 3.37
2059 0.72
16
SEX
0038 2.97
0710 0.91
1219 3.36
1927 0.82
Junho
HORA ALT(m) HORA ALT(m)
01
DOM
0246 3.05
0846 0.91
1447 3.21
2134 0.84
17
TER
0234 3.02
0859 0.86
1434 3.26
2112 0.82
02
SEG
0334 2.95
0921 1.01
1544 3.06
2216 0.94
18
QUA
0321 3.03
0949 0.89
1534 3.16
2202 0.84
03
TER
0423 2.90
1008 1.06
1644 2.95
2251 1.01
19
QUI
0423 3.05
1053 0.92
1653 3.09
2304 0.87
04
QUA
0517 2.91
1102 1.09
1744 2.90
2336 1.03
20
SEX
0538 3.12
1219 0.89
1816 3.13
05
QUI
0616 2.98
1201 1.08
1844 2.91
21
SÁB
0016 0.87
0651 3.26
1338 0.79
1921 3.23
06
SEX
0031 1.02
0710 3.08
1302 1.03
1936 2.96
22
DOM
0132 0.82
0749 3.42
1510 0.65
2019 3.33
07
SÁB
0127 0.99
0757 3.19
1412 0.94
2025 3.00
23
SEG
0242 0.75
0842 3.57
1621 0.48
2116 3.40
08
DOM
0221 0.95
0840 3.29
1523 0.84
2112 3.02
24
TER
0349 0.69
0931 3.66
1717 0.34
2216 3.42
09
SEG
0312 0.92
0923 3.36
1621 0.75
2151 3.03
25
QUA
0451 0.63
1021 3.70
1804 0.25
2314 3.41
10
TER
0359 0.89
0959 3.39
1706 0.70
2229 3.03
26
QUI
0547 0.60
1114 3.69
1853 0.24
11
QUA
0449 0.87
1034 3.40
1747 0.68
2308 3.01
27
SEX
0004 3.38
0634 0.61
1201 3.64
1936 0.34
12
QUI
0536 0.87
1108 3.40
1829 0.70
2347 3.00
28
SÁB
0053 3.34
0708 0.66
1251 3.56
2001 0.47
13
SEX
0614 0.86
1132 3.40
1855 0.73
29
DOM
0138 3.26
0747 0.72
1338 3.44
2029 0.60
14
SÁB
0025 3.00
0655 0.85
1212 3.41
1923 0.76
30
SEG
0214 3.18
0816 0.78
1419 3.30
2051 0.71
15
DOM
0104 3.01
0736 0.85
1257 3.39
1959 0.78
16
SEG
0149 3.02
0814 0.85
1344 3.34
2032 0.80
Julho
HORA ALT(m) HORA ALT(m)
01
TER
0253 3.12
0857 0.84
1502 3.16
2116 0.78
17
QUI
0257 3.22
0927 0.79
1521 3.22
2147 0.76
02
QUA
0332 3.06
0932 0.91
1551 3.00
2201 0.86
18
SEX
0355 3.18
1025 0.89
1636 3.09
2238 0.85
03
QUI
0414 3.02
1010 0.98
1646 2.86
2244 0.95
19
SÁB
0501 3.16
1144 0.96
1753 3.03
2336 0.93
04
SEX
0506 2.99
1059 1.04
1749 2.76
2327 1.03
20
DOM
0612 3.18
1336 0.92
1902 3.05
05
SÁB
0608 3.00
1159 1.09
1857 2.74
21
SEG
0046 0.97
0719 3.28
1512 0.73
2010 3.13
06
DOM
0025 1.08
0710 3.06
1336 1.07
1957 2.78
22
TER
0240 0.92
0823 3.40
1612 0.50
2116 3.23
07
SEG
0131 1.08
0806 3.15
1457 0.96
2044 2.84
23
QUA
0353 0.79
0921 3.53
1702 0.31
2214 3.33
08
TER
0236 1.04
0853 3.24
1555 0.84
2127 2.91
24
QUI
0451 0.65
1016 3.62
1753 0.20
2302 3.41
09
QUA
0332 0.97
0934 3.32
1647 0.74
2210 2.98
25
SEX
0540 0.57
1104 3.67
1834 0.23
2351 3.45
10
QUI
0423 0.90
1012 3.38
1736 0.67
2251 3.03
26
SÁB
0614 0.55
1149 3.68
1901 0.31
11
SEX
0510 0.83
1046 3.44
1816 0.65
2329 3.09
27
DOM
0031 3.43
0649 0.56
1232 3.62
1929 0.42
12
SÁB
0555 0.76
1119 3.49
1844 0.64
28
SEG
0102 3.39
0716 0.60
1308 3.51
1944 0.53
13
DOM
0008 3.15
0638 0.71
1201 3.52
1917 0.64
29
TER
0138 3.33
0749 0.65
1346 3.37
2006 0.60
14
SEG
0049 3.19
0719 0.69
1240 3.52
1946 0.65
30
QUA
0208 3.27
0814 0.72
1421 3.20
2044 0.70
15
TER
0129 3.22
0759 0.69
1325 3.47
2017 0.67
31
QUI
0249 3.19
0849 0.79
1457 3.01
2112 0.80
16
QUA
0210 3.23
0840 0.72
1419 3.37
2059 0.70
Agosto
HORA ALT(m) HORA ALT(m)
01
SEX
0323 3.10
0919 0.89
1534 2.83
2159 0.92
17
DOM
0429 3.12
1117 1.07
1731 2.87
2306 1.04
02
SÁB
0408 3.00
1004 1.00
1629 2.65
2249 1.06
18
SEG
0544 3.05
1355 0.97
1857 2.88
03
DOM
0508 2.91
1101 1.14
1801 2.55
2349 1.16
19
TER
0021 1.13
0708 3.11
1502 0.71
2012 3.02
04
SEG
0625 2.91
1253 1.19
1917 2.60
20
QUA
0249 0.99
0821 3.28
1559 0.46
2110 3.21
05
TER
0059 1.18
0731 3.00
1427 1.07
2014 2.73
21
QUI
0349 0.78
0917 3.47
1649 0.30
2201 3.38
06
QUA
0204 1.11
0821 3.14
1531 0.91
2102 2.88
22
SEX
0438 0.61
1002 3.62
1727 0.25
2246 3.49
07
QUI
0302 0.98
0906 3.28
1629 0.75
2147 3.02
23
SÁB
0514 0.51
1047 3.70
1759 0.26
2321 3.53
08
SEX
0359 0.84
0947 3.41
1716 0.63
2227 3.16
24
DOM
0549 0.47
1127 3.70
1829 0.35
2355 3.54
09
SÁB
0449 0.70
1023 3.53
1751 0.55
2308 3.27
25
SEG
0617 0.49
1202 3.63
1840 0.44
10
DOM
0540 0.59
1104 3.61
1831 0.51
2349 3.36
26
TER
0027 3.51
0642 0.52
1234 3.51
1902 0.52
11
SEG
0629 0.52
1142 3.65
1859 0.50
27
QUA
0057 3.45
0706 0.57
1304 3.36
1929 0.60
12
TER
0029 3.42
0710 0.50
1225 3.64
1932 0.52
28
QUI
0127 3.38
0734 0.64
1332 3.19
2001 0.69
13
QUA
0106 3.44
0744 0.53
1316 3.55
2002 0.56
29
SEX
0157 3.28
0804 0.73
1408 3.02
2042 0.83
14
QUI
0147 3.42
0823 0.61
1410 3.41
2044 0.64
30
SÁB
0232 3.15
0842 0.86
1457 2.81
2121 0.98
15
SEX
0236 3.35
0908 0.74
1506 3.21
2121 0.76
31
DOM
0312 3.01
0921 1.01
1546 2.60
2208 1.13
16
SÁB
0329 3.24
1002 0.91
1612 3.01
2208 0.89
DG6-62 Original
28
ILHA DO MOSQUEIRO (ESTADO DO PARÁ) - 2025
Latitude 01° 09'.9 S Longitude 48° 28'.4 W Fuso UTC -03.0 horas
DHN 45 Componentes Nível Médio 1.95 m Carta 303
Setembro
HORA ALT(m) HORA ALT(m)
01
SEG
0412 2.86
1016 1.17
1712 2.46
2310 1.23
17
QUA
0129 1.21
0706 3.03
1446 0.70
2002 3.05
02
TER
0544 2.80
1227 1.27
1844 2.51
18
QUI
0238 0.98
0810 3.25
1534 0.51
2053 3.27
03
QUA
0023 1.23
0657 2.89
1359 1.14
1946 2.69
19
SEX
0327 0.76
0859 3.46
1614 0.40
2136 3.44
04
QUI
0134 1.12
0753 3.06
1504 0.95
2036 2.91
20
SÁB
0410 0.59
0942 3.60
1653 0.35
2210 3.55
05
SEX
0236 0.94
0838 3.26
1559 0.75
2121 3.13
21
DOM
0449 0.49
1021 3.65
1725 0.38
2247 3.60
06
SÁB
0338 0.73
0919 3.46
1646 0.58
2206 3.33
22
SEG
0523 0.46
1057 3.63
1738 0.45
2317 3.60
07
DOM
0436 0.54
1006 3.61
1725 0.47
2247 3.49
23
TER
0538 0.47
1129 3.55
1757 0.52
2346 3.58
08
SEG
0532 0.40
1046 3.71
1759 0.40
2329 3.59
24
QUA
0606 0.50
1157 3.43
1821 0.58
09
TER
0617 0.33
1129 3.75
1836 0.39
25
QUI
0016 3.51
0627 0.55
1223 3.29
1853 0.66
10
QUA
0004 3.64
0647 0.34
1217 3.70
1906 0.43
26
SEX
0038 3.43
0653 0.63
1301 3.13
1932 0.78
11
QUI
0044 3.64
0729 0.42
1306 3.58
1944 0.51
27
SÁB
0106 3.32
0727 0.74
1334 2.95
2001 0.91
12
SEX
0127 3.56
0808 0.56
1355 3.38
2017 0.65
28
DOM
0127 3.21
0806 0.87
1414 2.77
2047 1.04
13
SÁB
0210 3.42
0851 0.76
1447 3.14
2102 0.81
29
SEG
0210 3.06
0859 1.03
1510 2.60
2146 1.16
14
DOM
0301 3.24
0932 0.98
1549 2.90
2155 1.00
30
TER
0312 2.89
1001 1.17
1625 2.49
2247 1.23
15
SEG
0402 3.05
1217 1.12
1719 2.74
2257 1.18
16
TER
0523 2.92
1346 0.94
1857 2.83
Outubro
HORA ALT(m) HORA ALT(m)
01
QUA
0444 2.78
1110 1.25
1753 2.53
2355 1.21
17
SEX
0204 0.99
0746 3.21
1455 0.65
2019 3.27
02
QUI
0606 2.84
1319 1.19
1906 2.72
18
SÁB
0259 0.79
0832 3.37
1538 0.57
2101 3.43
03
SEX
0102 1.09
0712 3.02
1432 0.98
2006 2.99
19
DOM
0346 0.64
0914 3.47
1614 0.55
2138 3.54
04
SÁB
0217 0.88
0810 3.26
1525 0.75
2057 3.26
20
SEG
0429 0.56
0951 3.50
1634 0.56
2212 3.59
05
DOM
0327 0.63
0902 3.48
1606 0.56
2142 3.49
21
TER
0440 0.52
1027 3.47
1649 0.60
2240 3.60
06
SEG
0427 0.41
0946 3.65
1651 0.43
2223 3.67
22
QUA
0519 0.52
1059 3.38
1717 0.63
2312 3.57
07
TER
0517 0.28
1031 3.76
1731 0.36
2259 3.77
23
QUI
0536 0.55
1125 3.28
1749 0.69
2336 3.51
08
QUA
0549 0.23
1117 3.78
1802 0.36
2340 3.81
24
SEX
0610 0.61
1159 3.16
1831 0.77
2351 3.43
09
QUI
0634 0.26
1204 3.69
1844 0.42
25
SÁB
0632 0.69
1231 3.03
1857 0.87
10
SEX
0021 3.75
0717 0.39
1249 3.53
1919 0.54
26
DOM
0019 3.35
0710 0.79
1310 2.90
1946 0.96
11
SÁB
0101 3.63
0751 0.58
1340 3.31
2001 0.70
27
SEG
0051 3.25
0757 0.90
1401 2.77
2034 1.05
12
DOM
0149 3.44
0829 0.79
1434 3.06
2049 0.89
28
TER
0140 3.12
0849 1.01
1457 2.67
2119 1.13
13
SEG
0242 3.21
1004 1.02
1542 2.84
2138 1.09
29
QUA
0246 2.97
0938 1.10
1557 2.62
2210 1.16
14
TER
0349 2.99
1159 1.04
1714 2.75
2246 1.23
30
QUI
0359 2.87
1031 1.15
1702 2.64
2314 1.15
15
QUA
0516 2.90
1308 0.93
1838 2.87
31
SEX
0523 2.87
1136 1.14
1825 2.79
16
QUI
0049 1.19
0646 3.02
1406 0.78
1936 3.07
Novembro
HORA ALT(m) HORA ALT(m)
01
SÁB
0029 1.05
0642 3.00
1346 0.99
1936 3.05
17
SEG
0329 0.80
0842 3.25
1523 0.79
2101 3.43
02
DOM
0153 0.84
0746 3.23
1446 0.78
2027 3.34
18
TER
0342 0.70
0925 3.27
1538 0.77
2138 3.50
03
SEG
0306 0.59
0838 3.45
1532 0.60
2112 3.58
19
QUA
0432 0.63
1004 3.24
1616 0.76
2214 3.52
04
TER
0357 0.39
0925 3.63
1612 0.47
2153 3.76
20
QUI
0510 0.61
1034 3.19
1649 0.77
2244 3.51
05
QUA
0447 0.26
1014 3.71
1655 0.40
2234 3.86
21
SEX
0538 0.62
1114 3.12
1734 0.80
2319 3.46
06
QUI
0540 0.22
1102 3.70
1740 0.40
2316 3.86
22
SÁB
0617 0.66
1144 3.05
1810 0.84
2334 3.41
07
SEX
0636 0.27
1147 3.60
1823 0.48
2357 3.79
23
DOM
0640 0.72
1221 2.98
1851 0.88
08
SÁB
0729 0.40
1238 3.45
1904 0.59
24
SEG
0010 3.36
0712 0.79
1302 2.92
1932 0.93
09
DOM
0042 3.64
0819 0.57
1334 3.25
1951 0.74
25
TER
0042 3.30
0751 0.85
1347 2.87
2008 0.97
10
SEG
0134 3.44
0849 0.74
1434 3.06
2038 0.91
26
QUA
0131 3.22
0825 0.91
1431 2.83
2053 1.00
11
TER
0232 3.23
0955 0.88
1540 2.91
2127 1.05
27
QUI
0223 3.13
0906 0.95
1516 2.82
2142 1.03
12
QUA
0342 3.04
1104 0.97
1647 2.85
2225 1.15
28
SEX
0321 3.03
1001 0.99
1614 2.84
2238 1.05
13
QUI
0457 2.96
1210 0.98
1755 2.91
2332 1.16
29
SÁB
0432 2.96
1059 1.01
1731 2.91
2359 1.01
14
SEX
0606 2.99
1310 0.94
1853 3.04
30
DOM
0604 3.00
1219 0.98
1853 3.10
15
SÁB
0127 1.08
0708 3.09
1402 0.88
1942 3.19
16
DOM
0236 0.93
0759 3.18
1444 0.82
2023 3.33
Dezembro
HORA ALT(m) HORA ALT(m)
01
SEG
0131 0.86
0716 3.16
1346 0.85
1953 3.35
17
QUA
0329 0.86
0902 3.00
1451 0.96
2112 3.35
02
TER
0240 0.65
0814 3.35
1447 0.70
2042 3.57
18
QUI
0416 0.76
0942 3.03
1544 0.91
2151 3.41
03
QUA
0342 0.47
0906 3.50
1542 0.58
2125 3.73
19
SEX
0451 0.68
1023 3.04
1631 0.87
2229 3.43
04
QUI
0447 0.33
0959 3.56
1636 0.51
2210 3.82
20
SÁB
0534 0.64
1059 3.04
1712 0.84
2259 3.43
05
SEX
0549 0.24
1047 3.56
1729 0.50
2255 3.82
21
DOM
0608 0.65
1132 3.04
1755 0.82
2329 3.43
06
SÁB
0646 0.23
1142 3.50
1817 0.53
2344 3.76
22
SEG
0636 0.68
1208 3.04
1836 0.81
2359 3.42
07
DOM
0732 0.30
1240 3.41
1901 0.59
23
TER
0706 0.71
1247 3.05
1910 0.81
08
SEG
0036 3.65
0808 0.42
1334 3.30
1947 0.68
24
QUA
0034 3.41
0734 0.75
1321 3.05
1947 0.82
09
TER
0129 3.50
0847 0.56
1421 3.18
2027 0.79
25
QUI
0114 3.38
0804 0.77
1359 3.06
2025 0.84
10
QUA
0221 3.34
0927 0.71
1506 3.08
2108 0.89
26
SEX
0202 3.30
0846 0.80
1444 3.06
2108 0.88
11
QUI
0314 3.17
0951 0.85
1559 3.01
2157 0.99
27
SÁB
0259 3.18
0927 0.85
1536 3.04
2204 0.95
12
SEX
0410 3.04
1025 0.94
1651 2.97
2246 1.06
28
DOM
0404 3.04
1019 0.91
1642 3.04
2323 1.00
13
SÁB
0510 2.94
1114 1.00
1746 2.98
2338 1.10
29
SEG
0536 2.98
1125 0.95
1806 3.11
14
DOM
0616 2.91
1208 1.04
1844 3.06
30
TER
0101 0.95
0655 3.05
1242 0.94
1914 3.27
15
SEG
0044 1.08
0719 2.93
1308 1.04
1938 3.16
31
QUA
0232 0.79
0757 3.18
1416 0.86
2012 3.45
16
TER
0223 0.99
0816 2.97
1406 1.01
2029 3.27
DG6-62 Original
