29
PORTO DE BELÉM VAL-DE-CÃES (ESTADO DO PARÁ) - 2025
Latitude 01° 23'.8 S Longitude 48° 29'.6 W Fuso UTC -03.0 horas
Comissão Volante CHM-314 106 Componentes Nível Médio 1.75 m Carta 320
Janeiro
HORA ALT(m) HORA ALT(m)
01
QUA
0736 0.48
1231 2.91
1847 0.60
17
SEX
0121 3.12
0853 0.49
1355 2.98
2027 0.68
02
QUI
0031 3.23
0821 0.47
1316 2.93
1929 0.59
18
SÁB
0201 3.03
0912 0.55
1427 2.92
2057 0.71
03
SEX
0114 3.23
0851 0.44
1357 2.93
2019 0.60
19
DOM
0236 2.90
0938 0.63
1501 2.85
2131 0.76
04
SÁB
0201 3.19
0934 0.45
1440 2.92
2116 0.62
20
SEG
0312 2.75
0957 0.73
1538 2.77
2155 0.83
05
DOM
0246 3.13
0947 0.51
1529 2.90
2217 0.66
21
TER
0351 2.59
1021 0.84
1617 2.69
2240 0.90
06
SEG
0338 3.03
1023 0.56
1621 2.88
2321 0.71
22
QUA
0444 2.43
1053 0.97
1702 2.63
2347 0.96
07
TER
0440 2.90
1110 0.65
1714 2.88
23
QUI
0546 2.32
1144 1.08
1801 2.62
08
QUA
0029 0.74
0546 2.79
1204 0.74
1814 2.92
24
SEX
0127 0.95
0701 2.31
1319 1.14
1921 2.69
09
QUI
0136 0.73
0657 2.74
1306 0.81
1917 2.99
25
SÁB
0244 0.86
0823 2.43
1442 1.07
2029 2.87
10
SEX
0246 0.68
0814 2.78
1410 0.83
2023 3.09
26
DOM
0349 0.75
0923 2.63
1540 0.95
2119 3.06
11
SÁB
0404 0.62
0917 2.88
1517 0.83
2121 3.18
27
SEG
0449 0.64
1014 2.82
1625 0.83
2208 3.23
12
DOM
0514 0.55
1014 2.97
1619 0.79
2217 3.24
28
TER
0546 0.54
1053 2.96
1712 0.72
2257 3.34
13
SEG
0610 0.49
1108 3.02
1717 0.76
2312 3.25
29
QUA
0642 0.45
1138 3.09
1806 0.64
2340 3.42
14
TER
0702 0.43
1155 3.04
1819 0.73
2359 3.23
30
QUI
0731 0.38
1225 3.19
1857 0.57
15
QUA
0753 0.40
1242 3.05
1921 0.70
31
SEX
0027 3.48
0804 0.31
1308 3.25
1949 0.50
16
QUI
0042 3.18
0829 0.44
1323 3.03
1944 0.68
Fevereiro
HORA ALT(m) HORA ALT(m)
01
SÁB
0112 3.49
0851 0.28
1346 3.29
2046 0.45
17
SEG
0206 3.05
0902 0.66
1423 3.07
2116 0.73
02
DOM
0151 3.47
0929 0.36
1429 3.27
2138 0.47
18
TER
0234 2.91
0919 0.79
1451 2.98
2129 0.81
03
SEG
0236 3.38
0946 0.47
1510 3.20
2225 0.56
19
QUA
0308 2.73
0932 0.91
1521 2.87
2153 0.91
04
TER
0327 3.21
1016 0.60
1549 3.10
2314 0.68
20
QUI
0351 2.52
1001 1.06
1604 2.75
2242 1.03
05
QUA
0419 2.98
1044 0.76
1646 2.98
21
SEX
0451 2.33
1051 1.22
1701 2.65
06
QUI
0014 0.79
0521 2.76
1138 0.93
1749 2.89
22
SÁB
0044 1.10
0610 2.25
1204 1.34
1825 2.63
07
SEX
0127 0.84
0642 2.62
1251 1.05
1904 2.87
23
DOM
0217 1.03
0759 2.38
1408 1.30
2001 2.80
08
SÁB
0249 0.81
0810 2.67
1408 1.09
2021 2.97
24
SEG
0336 0.88
0908 2.66
1514 1.11
2102 3.06
09
DOM
0402 0.70
0917 2.83
1529 1.03
2123 3.12
25
TER
0440 0.71
0953 2.93
1612 0.90
2153 3.29
10
SEG
0504 0.57
1014 2.99
1638 0.92
2219 3.24
26
QUA
0536 0.56
1036 3.17
1712 0.73
2240 3.48
11
TER
0601 0.47
1104 3.11
1740 0.80
2314 3.30
27
QUI
0619 0.44
1123 3.35
1814 0.57
2331 3.61
12
QUA
0649 0.41
1147 3.19
1838 0.69
2355 3.32
28
SEX
0702 0.31
1204 3.48
1908 0.43
13
QUI
0725 0.42
1232 3.23
1923 0.62
14
SEX
0036 3.31
0755 0.43
1301 3.23
1951 0.59
15
SÁB
0110 3.25
0821 0.49
1331 3.20
2027 0.61
16
DOM
0140 3.17
0846 0.56
1357 3.15
2051 0.65
Março
HORA ALT(m) HORA ALT(m)
01
SÁB
0019 3.69
0751 0.24
1246 3.57
1957 0.32
17
SEG
0116 3.22
0804 0.63
1323 3.28
2034 0.63
02
DOM
0057 3.71
0832 0.28
1331 3.59
2049 0.28
18
TER
0140 3.10
0825 0.73
1347 3.20
2042 0.71
03
SEG
0142 3.67
0859 0.36
1408 3.53
2134 0.36
19
QUA
0204 2.96
0836 0.84
1412 3.10
2055 0.80
04
TER
0225 3.53
0934 0.51
1446 3.40
2212 0.52
20
QUI
0236 2.78
0855 0.95
1447 2.97
2123 0.90
05
QUA
0308 3.29
0946 0.70
1529 3.22
2257 0.69
21
SEX
0317 2.57
0932 1.11
1523 2.81
2202 1.03
06
QUI
0401 3.00
1021 0.90
1619 3.01
2359 0.86
22
SÁB
0416 2.37
1012 1.28
1619 2.67
2317 1.15
07
SEX
0504 2.71
1114 1.12
1725 2.83
23
DOM
0540 2.27
1119 1.41
1747 2.60
08
SÁB
0125 0.94
0642 2.57
1232 1.26
1857 2.78
24
SEG
0149 1.12
0721 2.40
1344 1.37
1925 2.76
09
DOM
0251 0.87
0808 2.69
1429 1.25
2019 2.93
25
TER
0310 0.96
0836 2.72
1501 1.14
2036 3.04
10
SEG
0357 0.72
0910 2.90
1549 1.07
2117 3.12
26
QUA
0412 0.77
0923 3.04
1602 0.88
2129 3.32
11
TER
0455 0.58
1001 3.09
1649 0.88
2210 3.27
27
QUI
0502 0.60
1002 3.30
1704 0.65
2219 3.53
12
QUA
0542 0.50
1046 3.24
1742 0.71
2257 3.36
28
SEX
0553 0.45
1044 3.52
1801 0.44
2310 3.67
13
QUI
0614 0.48
1129 3.33
1825 0.60
2342 3.39
29
SÁB
0644 0.36
1132 3.66
1857 0.28
2353 3.75
14
SEX
0649 0.47
1159 3.37
1857 0.54
30
DOM
0721 0.33
1221 3.72
1951 0.18
15
SÁB
0019 3.37
0717 0.50
1232 3.37
1936 0.52
31
SEG
0042 3.76
0759 0.33
1302 3.71
2040 0.21
16
DOM
0049 3.31
0746 0.55
1259 3.34
2002 0.56
Abril
HORA ALT(m) HORA ALT(m)
01
TER
0125 3.68
0840 0.43
1342 3.62
2116 0.32
17
QUI
0142 2.90
0802 0.82
1349 3.10
2032 0.74
02
QUA
0206 3.51
0855 0.60
1423 3.45
2159 0.48
18
SEX
0214 2.75
0834 0.92
1417 2.98
2104 0.82
03
QUI
0253 3.26
0923 0.77
1506 3.23
2249 0.69
19
SÁB
0301 2.58
0906 1.05
1502 2.84
2151 0.92
04
SEX
0346 2.95
0959 0.98
1601 2.97
2349 0.86
20
DOM
0355 2.42
0959 1.18
1602 2.69
2247 1.02
05
SÁB
0449 2.68
1049 1.18
1710 2.76
21
SEG
0504 2.37
1102 1.29
1716 2.63
06
DOM
0112 0.92
0627 2.57
1223 1.31
1844 2.72
22
TER
0036 1.05
0623 2.49
1304 1.25
1844 2.74
07
SEG
0232 0.86
0749 2.69
1438 1.20
2001 2.85
23
QUA
0221 0.95
0736 2.76
1432 1.02
1955 2.98
08
TER
0334 0.74
0844 2.88
1544 0.98
2059 3.02
24
QUI
0334 0.81
0831 3.07
1542 0.76
2053 3.23
09
QUA
0419 0.65
0927 3.07
1634 0.77
2146 3.16
25
SEX
0427 0.67
0917 3.34
1647 0.53
2146 3.42
10
QUI
0459 0.59
1006 3.21
1714 0.62
2229 3.25
26
SÁB
0512 0.56
1004 3.53
1746 0.34
2238 3.54
11
SEX
0534 0.57
1042 3.32
1753 0.53
2308 3.28
27
DOM
0557 0.47
1051 3.64
1844 0.22
2331 3.59
12
SÁB
0602 0.57
1117 3.37
1831 0.49
2346 3.27
28
SEG
0647 0.42
1142 3.67
1934 0.18
13
DOM
0632 0.59
1149 3.37
1902 0.49
29
TER
0019 3.58
0734 0.44
1231 3.64
2016 0.20
14
SEG
0017 3.21
0701 0.62
1219 3.34
1938 0.53
30
QUA
0104 3.50
0759 0.52
1316 3.53
2101 0.28
15
TER
0047 3.13
0723 0.68
1249 3.29
1959 0.60
16
QUA
0114 3.02
0744 0.75
1316 3.21
2025 0.67
DG6-62 Original
30
Latitude 01° 23'.8 S Longitude 48° 29'.6 W Fuso UTC -03.0 horas
Comissão Volante CHM-314 106 Componentes Nível Médio 1.75 m Carta 320
Maio
HORA ALT(m) HORA ALT(m)
01
QUI
0149 3.34
0832 0.61
1401 3.36
2151 0.42
17
SÁB
0201 2.70
0814 0.79
1401 2.96
2104 0.67
02
SEX
0234 3.12
0901 0.76
1446 3.13
2240 0.59
18
DOM
0244 2.59
0901 0.87
1449 2.84
2146 0.74
03
SÁB
0325 2.87
0938 0.92
1536 2.89
2334 0.74
19
SEG
0331 2.51
0955 0.97
1542 2.74
2232 0.79
04
DOM
0427 2.66
1029 1.07
1640 2.69
20
TER
0434 2.50
1101 1.03
1649 2.69
2336 0.81
05
SEG
0040 0.82
0540 2.56
1219 1.17
1801 2.60
21
QUA
0544 2.60
1238 0.97
1801 2.74
06
TER
0144 0.83
0651 2.60
1359 1.07
1916 2.65
22
QUI
0049 0.79
0646 2.79
1355 0.80
1910 2.87
07
QUA
0240 0.80
0749 2.74
1501 0.89
2014 2.77
23
SEX
0157 0.75
0742 3.03
1506 0.63
2016 3.03
08
QUI
0323 0.75
0832 2.90
1551 0.72
2102 2.89
24
SÁB
0316 0.69
0836 3.25
1616 0.47
2116 3.17
09
SEX
0359 0.70
0912 3.06
1632 0.59
2147 2.97
25
DOM
0417 0.62
0927 3.40
1717 0.35
2210 3.25
10
SÁB
0434 0.66
0955 3.17
1710 0.50
2227 3.02
26
SEG
0512 0.57
1017 3.47
1814 0.27
2304 3.28
11
DOM
0506 0.63
1029 3.23
1749 0.46
2308 3.02
27
TER
0551 0.53
1112 3.47
1904 0.23
2355 3.27
12
SEG
0544 0.62
1106 3.26
1829 0.46
2346 2.99
28
QUA
0638 0.51
1204 3.42
1959 0.21
13
TER
0610 0.63
1142 3.23
1901 0.49
29
QUI
0046 3.21
0729 0.53
1253 3.32
2051 0.25
14
QUA
0019 2.93
0644 0.65
1214 3.18
1936 0.53
30
SEX
0132 3.11
0812 0.59
1336 3.18
2138 0.35
15
QUI
0047 2.86
0708 0.68
1249 3.12
2012 0.59
31
SÁB
0219 2.96
0838 0.66
1421 3.01
2212 0.48
16
SEX
0119 2.79
0744 0.72
1319 3.04
2027 0.62
Junho
HORA ALT(m) HORA ALT(m)
01
DOM
0310 2.80
0923 0.75
1512 2.83
2238 0.58
17
TER
0310 2.63
0949 0.70
1517 2.82
2219 0.55
02
SEG
0359 2.65
1012 0.84
1610 2.65
2314 0.67
18
QUA
0401 2.64
1049 0.73
1621 2.75
2310 0.59
03
TER
0453 2.56
1110 0.90
1714 2.52
19
QUI
0501 2.70
1206 0.71
1729 2.71
04
QUA
0001 0.74
0549 2.55
1221 0.90
1816 2.47
20
SEX
0004 0.62
0602 2.81
1314 0.64
1836 2.72
05
QUI
0051 0.78
0644 2.60
1334 0.83
1917 2.49
21
SÁB
0102 0.65
0702 2.94
1423 0.57
1949 2.78
06
SEX
0147 0.78
0738 2.71
1438 0.72
2014 2.56
22
DOM
0204 0.66
0804 3.08
1534 0.50
2059 2.88
07
SÁB
0244 0.76
0825 2.84
1529 0.61
2106 2.65
23
SEG
0310 0.65
0902 3.19
1646 0.43
2159 2.96
08
DOM
0334 0.72
0908 2.97
1616 0.52
2157 2.72
24
TER
0412 0.63
1001 3.24
1751 0.37
2253 3.01
09
SEG
0412 0.67
0955 3.05
1702 0.47
2240 2.76
25
QUA
0510 0.60
1057 3.25
1853 0.31
2346 3.03
10
TER
0457 0.62
1034 3.08
1747 0.46
2321 2.77
26
QUI
0606 0.58
1149 3.21
1951 0.27
11
QUA
0534 0.61
1110 3.08
1832 0.46
2355 2.75
27
SEX
0040 3.03
0642 0.57
1242 3.16
2038 0.28
12
QUI
0606 0.58
1151 3.05
1919 0.48
28
SÁB
0131 2.98
0734 0.56
1329 3.07
2106 0.33
13
SEX
0031 2.74
0647 0.58
1223 3.02
1944 0.49
29
DOM
0216 2.90
0827 0.56
1414 2.95
2138 0.40
14
SÁB
0106 2.71
0721 0.60
1302 2.99
2031 0.49
30
SEG
0251 2.81
0910 0.59
1459 2.81
2157 0.48
15
DOM
0146 2.68
0804 0.61
1346 2.94
2114 0.50
16
SEG
0223 2.65
0859 0.66
1425 2.89
2136 0.52
Julho
HORA ALT(m) HORA ALT(m)
01
TER
0332 2.71
0951 0.64
1544 2.65
2221 0.55
17
QUI
0336 2.80
1036 0.56
1555 2.80
2238 0.53
02
QUA
0414 2.62
1032 0.69
1632 2.49
2301 0.63
18
SEX
0432 2.79
1138 0.60
1701 2.68
2327 0.63
03
QUI
0459 2.56
1119 0.73
1723 2.37
2346 0.74
19
SÁB
0532 2.79
1244 0.64
1817 2.59
04
SEX
0549 2.53
1219 0.75
1823 2.30
20
DOM
0027 0.72
0640 2.82
1349 0.65
1946 2.60
05
SÁB
0034 0.82
0646 2.56
1325 0.72
1932 2.31
21
SEG
0129 0.78
0755 2.91
1519 0.64
2059 2.72
06
DOM
0132 0.85
0747 2.65
1431 0.67
2040 2.40
22
TER
0232 0.79
0902 3.03
1640 0.57
2159 2.85
07
SEG
0238 0.83
0844 2.77
1532 0.60
2136 2.52
23
QUA
0336 0.76
1002 3.13
1749 0.49
2253 2.96
08
TER
0332 0.77
0929 2.88
1625 0.55
2223 2.63
24
QUI
0436 0.72
1059 3.18
1849 0.40
2347 3.03
09
QUA
0414 0.70
1012 2.97
1719 0.52
2306 2.70
25
SEX
0534 0.67
1153 3.19
1938 0.36
10
QUI
0501 0.62
1057 3.02
1816 0.51
2346 2.75
26
SÁB
0040 3.07
0714 0.62
1246 3.18
2006 0.35
11
SEX
0546 0.58
1136 3.04
1851 0.48
27
DOM
0123 3.05
0740 0.56
1332 3.11
2046 0.38
12
SÁB
0029 2.78
0623 0.55
1217 3.04
1946 0.43
28
SEG
0157 3.00
0827 0.53
1404 3.01
2101 0.44
13
DOM
0101 2.80
0708 0.52
1253 3.04
2036 0.40
29
TER
0231 2.92
0855 0.55
1438 2.87
2119 0.50
14
SEG
0138 2.82
0802 0.51
1332 3.04
2055 0.41
30
QUA
0259 2.82
0925 0.58
1512 2.71
2146 0.58
15
TER
0219 2.82
0849 0.51
1417 3.00
2129 0.42
31
QUI
0331 2.71
0955 0.64
1549 2.53
2210 0.69
16
QUA
0251 2.81
0940 0.52
1508 2.92
2201 0.46
Agosto
HORA ALT(m) HORA ALT(m)
01
SEX
0404 2.61
1032 0.70
1636 2.36
2244 0.81
17
DOM
0510 2.77
1231 0.77
1812 2.52
02
SÁB
0444 2.53
1121 0.77
1731 2.22
2323 0.93
18
SEG
0001 0.93
0631 2.74
1344 0.80
1949 2.57
03
DOM
0538 2.47
1229 0.82
1849 2.17
19
TER
0110 0.99
0757 2.84
1529 0.75
2059 2.75
04
SEG
0021 1.01
0659 2.50
1346 0.81
2017 2.28
20
QUA
0223 0.98
0902 3.02
1642 0.63
2153 2.93
05
TER
0138 1.02
0816 2.65
1457 0.76
2117 2.48
21
QUI
0340 0.90
1001 3.17
1742 0.53
2244 3.08
06
QUA
0253 0.93
0908 2.84
1602 0.69
2204 2.67
22
SEX
0514 0.79
1055 3.26
1825 0.47
2336 3.16
07
QUI
0351 0.81
0959 3.00
1706 0.63
2249 2.82
23
SÁB
0617 0.68
1147 3.30
1902 0.43
08
SEX
0442 0.71
1042 3.11
1757 0.56
2334 2.93
24
DOM
0017 3.18
0655 0.59
1236 3.27
1946 0.45
09
SÁB
0525 0.62
1129 3.18
1851 0.48
25
SEG
0053 3.17
0742 0.54
1308 3.18
2004 0.50
10
DOM
0014 3.00
0617 0.56
1216 3.22
1944 0.42
26
TER
0129 3.11
0814 0.55
1338 3.08
2027 0.55
11
SEG
0047 3.06
0723 0.51
1246 3.24
2019 0.41
27
QUA
0149 3.03
0838 0.57
1404 2.94
2046 0.61
12
TER
0131 3.09
0821 0.46
1332 3.24
2049 0.40
28
QUI
0216 2.93
0857 0.63
1434 2.78
2102 0.70
13
QUA
0206 3.07
0853 0.45
1416 3.18
2121 0.46
29
SEX
0238 2.83
0921 0.69
1457 2.60
2123 0.81
14
QUI
0240 3.03
0944 0.48
1455 3.05
2136 0.53
30
SÁB
0304 2.72
0946 0.77
1536 2.41
2157 0.93
15
SEX
0321 2.96
1034 0.56
1547 2.87
2212 0.64
31
DOM
0336 2.60
1025 0.87
1632 2.23
2238 1.07
16
SÁB
0408 2.86
1127 0.68
1649 2.67
2301 0.79
DG6-62 Original
PORTO DE BELÉM VAL-DE-CÃES (ESTADO DO PARÁ) - 2025
31
Latitude 01° 23'.8 S Longitude 48° 29'.6 W Fuso UTC -03.0 horas
Comissão Volante CHM-314 106 Componentes Nível Médio 1.75 m Carta 320
Setembro
HORA ALT(m) HORA ALT(m)
01
SEG
0423 2.50
1127 0.96
1753 2.13
2329 1.18
17
QUA
0116 1.13
0757 2.83
1517 0.75
2046 2.82
02
TER
0547 2.44
1314 0.98
1944 2.24
18
QUI
0249 1.03
0857 3.03
1617 0.64
2136 3.01
03
QUA
0053 1.20
0742 2.58
1438 0.90
2053 2.52
19
SEX
0408 0.86
0949 3.20
1704 0.56
2221 3.15
04
QUI
0234 1.07
0847 2.84
1549 0.79
2140 2.78
20
SÁB
0504 0.70
1038 3.28
1751 0.53
2259 3.22
05
SEX
0334 0.89
0934 3.07
1651 0.67
2219 2.98
21
DOM
0551 0.59
1125 3.29
1829 0.55
2340 3.24
06
SÁB
0427 0.73
1019 3.24
1746 0.57
2249 3.14
22
SEG
0638 0.54
1159 3.24
1849 0.58
07
DOM
0527 0.61
1101 3.35
1836 0.51
2332 3.25
23
TER
0014 3.20
0714 0.54
1234 3.16
1917 0.61
08
SEG
0632 0.51
1144 3.41
1914 0.46
24
QUA
0036 3.15
0742 0.56
1301 3.04
1940 0.65
09
TER
0019 3.31
0732 0.43
1232 3.43
1953 0.42
25
QUI
0101 3.08
0808 0.61
1327 2.92
2001 0.70
10
QUA
0055 3.32
0817 0.40
1317 3.40
2036 0.46
26
SEX
0125 3.01
0831 0.67
1344 2.79
2021 0.78
11
QUI
0138 3.29
0857 0.40
1355 3.30
2051 0.55
27
SÁB
0149 2.92
0842 0.73
1414 2.64
2049 0.87
12
SEX
0216 3.20
0946 0.48
1442 3.13
2121 0.65
28
DOM
0216 2.82
0912 0.80
1453 2.47
2117 0.99
13
SÁB
0253 3.07
1032 0.62
1532 2.89
2155 0.80
29
SEG
0259 2.70
0959 0.90
1544 2.29
2204 1.12
14
DOM
0346 2.90
1125 0.76
1634 2.64
2242 0.97
30
TER
0353 2.55
1055 1.00
1659 2.18
2304 1.23
15
SEG
0455 2.73
1236 0.86
1808 2.50
2347 1.11
16
TER
0629 2.68
1357 0.85
1944 2.61
Outubro
HORA ALT(m) HORA ALT(m)
01
QUA
0502 2.47
1229 1.03
1825 2.24
17
SEX
0247 0.94
0836 2.94
1544 0.68
2102 2.97
02
QUI
0031 1.23
0640 2.55
1355 0.95
2010 2.51
18
SÁB
0347 0.76
0923 3.07
1625 0.64
2140 3.10
03
SEX
0202 1.06
0802 2.80
1521 0.83
2047 2.82
19
DOM
0436 0.63
1006 3.14
1646 0.63
2217 3.17
04
SÁB
0310 0.85
0855 3.08
1619 0.71
2127 3.09
20
SEG
0519 0.56
1044 3.14
1719 0.62
2246 3.19
05
DOM
0416 0.66
0942 3.28
1701 0.62
2206 3.29
21
TER
0547 0.53
1125 3.09
1751 0.63
2319 3.18
06
SEG
0519 0.53
1029 3.41
1749 0.54
2244 3.41
22
QUA
0627 0.54
1153 3.01
1817 0.64
2347 3.14
07
TER
0619 0.43
1119 3.46
1842 0.49
2332 3.46
23
QUI
0659 0.57
1227 2.92
1851 0.66
08
QUA
0710 0.37
1202 3.46
1925 0.49
24
SEX
0017 3.09
0731 0.61
1244 2.82
1914 0.69
09
QUI
0021 3.45
0757 0.33
1249 3.41
1951 0.52
25
SÁB
0046 3.02
0742 0.65
1312 2.73
1946 0.74
10
SEX
0104 3.38
0849 0.36
1336 3.29
2029 0.59
26
DOM
0112 2.95
0812 0.69
1347 2.62
2014 0.81
11
SÁB
0146 3.26
0938 0.47
1421 3.09
2055 0.70
27
SEG
0151 2.86
0853 0.74
1423 2.48
2057 0.91
12
DOM
0231 3.09
1023 0.62
1512 2.85
2132 0.84
28
TER
0229 2.74
0932 0.82
1512 2.35
2147 1.03
13
SEG
0321 2.88
1117 0.76
1619 2.61
2223 1.00
29
QUA
0316 2.61
1021 0.89
1617 2.27
2246 1.12
14
TER
0429 2.69
1231 0.83
1755 2.51
2329 1.12
30
QUI
0429 2.52
1132 0.91
1740 2.34
15
QUA
0617 2.63
1344 0.81
1916 2.61
31
SEX
0008 1.11
0557 2.58
1249 0.87
1853 2.56
16
QUI
0127 1.10
0738 2.76
1449 0.74
2016 2.80
Novembro
HORA ALT(m) HORA ALT(m)
01
SÁB
0134 0.95
0710 2.77
1353 0.79
1949 2.85
17
SEG
0342 0.63
0925 2.89
1542 0.67
2127 3.06
02
DOM
0240 0.75
0816 3.00
1451 0.70
2038 3.13
18
TER
0423 0.56
1008 2.91
1619 0.65
2204 3.12
03
SEG
0342 0.58
0908 3.19
1608 0.64
2123 3.34
19
QUA
0504 0.53
1047 2.89
1701 0.63
2242 3.12
04
TER
0446 0.47
0955 3.31
1651 0.58
2210 3.45
20
QUI
0544 0.54
1127 2.85
1738 0.63
2316 3.10
05
QUA
0547 0.39
1046 3.35
1744 0.54
2259 3.48
21
SEX
0621 0.56
1157 2.79
1804 0.62
2351 3.06
06
QUI
0649 0.34
1140 3.34
1832 0.52
2349 3.45
22
SÁB
0644 0.59
1229 2.73
1842 0.63
07
SEX
0747 0.32
1231 3.28
1921 0.54
23
DOM
0019 3.01
0717 0.60
1259 2.67
1910 0.65
08
SÁB
0040 3.37
0840 0.36
1319 3.17
1944 0.59
24
SEG
0057 2.95
0751 0.62
1331 2.60
1953 0.70
09
DOM
0125 3.24
0925 0.45
1408 3.01
2025 0.67
25
TER
0129 2.88
0825 0.64
1408 2.54
2036 0.77
10
SEG
0212 3.08
1006 0.56
1502 2.81
2112 0.78
26
QUA
0208 2.81
0906 0.67
1457 2.47
2117 0.86
11
TER
0308 2.88
1047 0.66
1610 2.63
2204 0.90
27
QUI
0302 2.71
1001 0.71
1551 2.44
2214 0.91
12
QUA
0417 2.70
1138 0.74
1725 2.55
2308 0.98
28
SEX
0404 2.63
1057 0.74
1657 2.51
2332 0.92
13
QUI
0538 2.61
1234 0.77
1829 2.58
29
SÁB
0519 2.64
1159 0.74
1802 2.67
14
SEX
0031 0.98
0653 2.64
1329 0.77
1923 2.69
30
DOM
0057 0.82
0631 2.73
1259 0.71
1904 2.89
15
SÁB
0153 0.87
0753 2.73
1417 0.74
2008 2.83
16
DOM
0257 0.74
0844 2.82
1455 0.71
2051 2.97
Dezembro
HORA ALT(m) HORA ALT(m)
01
SEG
0206 0.69
0736 2.87
1359 0.68
2001 3.11
17
QUA
0349 0.62
0936 2.69
1547 0.74
2136 3.02
02
TER
0319 0.57
0840 3.01
1504 0.65
2055 3.29
18
QUI
0436 0.59
1021 2.74
1627 0.71
2214 3.07
03
QUA
0431 0.49
0938 3.12
1612 0.62
2147 3.39
19
SEX
0521 0.57
1104 2.76
1702 0.66
2259 3.09
04
QUI
0538 0.42
1032 3.17
1706 0.59
2240 3.42
20
SÁB
0608 0.58
1144 2.77
1746 0.64
2336 3.08
05
SEX
0642 0.37
1125 3.19
1749 0.57
2332 3.40
21
DOM
0640 0.58
1221 2.76
1816 0.62
06
SÁB
0740 0.33
1219 3.17
1832 0.56
22
SEG
0010 3.06
0729 0.58
1249 2.74
1855 0.61
07
DOM
0027 3.35
0831 0.33
1312 3.11
1923 0.58
23
TER
0046 3.03
0814 0.59
1325 2.74
1932 0.64
08
SEG
0117 3.26
0908 0.36
1401 3.01
2016 0.62
24
QUA
0117 3.01
0823 0.57
1404 2.72
2014 0.67
09
TER
0208 3.12
0953 0.42
1449 2.89
2104 0.68
25
QUI
0202 2.97
0904 0.58
1442 2.70
2104 0.72
10
QUA
0257 2.96
1032 0.53
1542 2.77
2153 0.76
26
SEX
0249 2.89
0938 0.61
1529 2.70
2204 0.77
11
QUI
0353 2.79
1046 0.63
1638 2.67
2242 0.83
27
SÁB
0342 2.80
1021 0.65
1623 2.73
2319 0.81
12
SEX
0453 2.65
1123 0.69
1729 2.63
2342 0.86
28
DOM
0447 2.74
1116 0.71
1721 2.80
13
SÁB
0553 2.56
1212 0.75
1817 2.65
29
SEG
0038 0.78
0555 2.71
1219 0.76
1823 2.91
14
DOM
0049 0.84
0655 2.53
1306 0.78
1910 2.72
30
TER
0147 0.73
0708 2.73
1325 0.79
1931 3.04
15
SEG
0155 0.77
0755 2.56
1401 0.79
2002 2.83
31
QUA
0304 0.67
0825 2.82
1434 0.79
2036 3.18
16
TER
0255 0.69
0847 2.62
1455 0.77
2053 2.94
DG6-62 Original
PORTO DE BELÉM VAL-DE-CÃES (ESTADO DO PARÁ) - 2025
