32
PORTO DE VILA DO CONDE (ESTADO DO PARÁ) - 2025
Latitude 01° 32'.3 S Longitude 48° 45'.2 W Fuso UTC -03.0 horas
DHN 96 Componentes Nível Médio 1.71 m Carta 321
Janeiro
HORA ALT(m) HORA ALT(m)
01
QUA
0023 3.05
0755 0.26
1302 2.82
1938 0.44
17
SEX
0142 3.11
0904 0.33
1414 2.92
2059 0.51
02
QUI
0102 3.11
0838 0.29
1340 2.87
2019 0.45
18
SÁB
0219 3.05
0934 0.43
1449 2.86
2131 0.57
03
SEX
0146 3.15
0912 0.33
1421 2.88
2104 0.46
19
DOM
0257 2.92
0957 0.52
1529 2.77
2201 0.63
04
SÁB
0229 3.14
0955 0.39
1457 2.86
2157 0.50
20
SEG
0338 2.75
1019 0.61
1606 2.67
2234 0.69
05
DOM
0314 3.07
1032 0.49
1546 2.82
2251 0.56
21
TER
0419 2.54
1051 0.70
1655 2.59
2312 0.74
06
SEG
0402 2.95
1112 0.59
1644 2.77
2353 0.60
22
QUA
0512 2.34
1125 0.79
1747 2.53
07
TER
0504 2.77
1159 0.68
1747 2.75
23
QUI
0010 0.79
0617 2.19
1216 0.89
1847 2.52
08
QUA
0102 0.60
0616 2.61
1302 0.77
1853 2.75
24
SEX
0144 0.79
0742 2.14
1338 0.94
1951 2.57
09
QUI
0217 0.54
0734 2.51
1416 0.81
1957 2.78
25
SÁB
0314 0.66
0859 2.23
1502 0.87
2051 2.67
10
SEX
0338 0.43
0847 2.49
1529 0.79
2059 2.83
26
DOM
0416 0.51
0957 2.40
1602 0.75
2144 2.79
11
SÁB
0447 0.29
0955 2.54
1638 0.73
2159 2.89
27
SEG
0512 0.40
1047 2.58
1659 0.64
2232 2.94
12
DOM
0549 0.18
1055 2.62
1736 0.66
2255 2.96
28
TER
0604 0.32
1129 2.76
1751 0.54
2316 3.09
13
SEG
0642 0.13
1146 2.71
1823 0.59
2347 3.02
29
QUA
0657 0.26
1202 2.92
1844 0.45
2359 3.24
14
TER
0721 0.13
1231 2.80
1906 0.52
30
QUI
0742 0.24
1238 3.06
1932 0.37
15
QUA
0031 3.08
0802 0.16
1253 2.88
1951 0.49
31
SEX
0042 3.36
0817 0.23
1317 3.15
2017 0.31
16
QUI
0104 3.11
0840 0.24
1336 2.93
2023 0.49
Fevereiro
HORA ALT(m) HORA ALT(m)
01
SÁB
0123 3.42
0859 0.25
1344 3.20
2104 0.29
17
SEG
0217 3.03
0917 0.54
1436 2.97
2132 0.56
02
DOM
0204 3.40
0938 0.34
1431 3.17
2155 0.34
18
TER
0249 2.87
0944 0.62
1510 2.86
2159 0.61
03
SEG
0246 3.29
1008 0.46
1517 3.08
2244 0.44
19
QUA
0329 2.65
1002 0.70
1549 2.73
2232 0.69
04
TER
0336 3.08
1047 0.61
1608 2.96
2340 0.55
20
QUI
0414 2.41
1038 0.80
1638 2.61
2316 0.78
05
QUA
0434 2.81
1127 0.78
1706 2.81
21
SEX
0512 2.20
1117 0.93
1738 2.52
06
QUI
0046 0.64
0542 2.53
1223 0.94
1817 2.69
22
SÁB
0023 0.87
0627 2.08
1221 1.05
1849 2.50
07
SEX
0201 0.64
0708 2.34
1342 1.03
1934 2.64
23
DOM
0223 0.85
0804 2.14
1359 1.07
2004 2.60
08
SÁB
0319 0.55
0840 2.32
1502 1.01
2051 2.68
24
SEG
0346 0.69
0921 2.37
1523 0.92
2108 2.78
09
DOM
0434 0.41
0959 2.43
1616 0.90
2157 2.79
25
TER
0446 0.54
1014 2.64
1629 0.74
2202 3.01
10
SEG
0532 0.29
1059 2.59
1716 0.77
2255 2.91
26
QUA
0540 0.42
1053 2.91
1729 0.56
2251 3.23
11
TER
0616 0.24
1144 2.74
1804 0.65
2340 3.01
27
QUI
0625 0.34
1134 3.13
1825 0.41
2336 3.41
12
QUA
0701 0.24
1212 2.86
1853 0.56
28
SEX
0708 0.26
1210 3.30
1916 0.27
13
QUI
0014 3.09
0736 0.30
1238 2.98
1927 0.51
14
SEX
0046 3.16
0802 0.33
1302 3.05
2002 0.47
15
SÁB
0116 3.17
0834 0.40
1336 3.09
2038 0.48
16
DOM
0144 3.14
0859 0.45
1401 3.05
2102 0.51
Março
HORA ALT(m) HORA ALT(m)
01
SÁB
0021 3.53
0755 0.22
1238 3.41
2004 0.17
17
SEG
0123 3.09
0819 0.51
1331 3.12
2038 0.49
02
DOM
0057 3.57
0834 0.25
1327 3.43
2055 0.15
18
TER
0146 3.00
0846 0.56
1353 3.04
2101 0.51
03
SEG
0142 3.52
0906 0.33
1410 3.35
2142 0.23
19
QUA
0221 2.84
0902 0.61
1432 2.93
2129 0.56
04
TER
0232 3.34
0946 0.47
1449 3.22
2227 0.37
20
QUI
0257 2.64
0931 0.68
1506 2.79
2201 0.62
05
QUA
0323 3.07
1016 0.66
1540 3.02
2316 0.55
21
SEX
0347 2.43
1002 0.76
1555 2.67
2244 0.72
06
QUI
0419 2.74
1057 0.86
1638 2.80
22
SÁB
0444 2.24
1051 0.89
1653 2.56
2338 0.84
07
SEX
0021 0.70
0531 2.43
1149 1.07
1755 2.62
23
DOM
0553 2.14
1147 1.03
1804 2.52
08
SÁB
0144 0.74
0702 2.26
1306 1.19
1929 2.55
24
SEG
0108 0.90
0719 2.21
1310 1.08
1929 2.61
09
DOM
0302 0.65
0844 2.31
1446 1.14
2051 2.64
25
TER
0259 0.79
0844 2.46
1449 0.94
2042 2.82
10
SEG
0408 0.50
0955 2.51
1601 0.96
2155 2.80
26
QUA
0404 0.63
0940 2.78
1601 0.72
2140 3.07
11
TER
0502 0.39
1046 2.71
1659 0.78
2247 2.95
27
QUI
0501 0.50
1025 3.07
1704 0.52
2232 3.29
12
QUA
0551 0.35
1119 2.88
1747 0.64
2325 3.06
28
SEX
0555 0.39
1057 3.30
1804 0.33
2319 3.45
13
QUI
0623 0.37
1151 3.01
1823 0.55
29
SÁB
0644 0.32
1140 3.46
1901 0.17
2359 3.54
14
SEX
0001 3.12
0659 0.39
1216 3.09
1902 0.49
30
DOM
0723 0.28
1229 3.52
1955 0.08
15
SÁB
0032 3.14
0727 0.44
1240 3.15
1940 0.47
31
SEG
0046 3.54
0802 0.27
1314 3.49
2044 0.08
16
DOM
0053 3.14
0757 0.45
1257 3.15
2004 0.46
Abril
HORA ALT(m) HORA ALT(m)
01
TER
0138 3.44
0846 0.35
1353 3.38
2125 0.18
17
QUI
0210 2.71
0840 0.60
1416 2.86
2106 0.52
02
QUA
0232 3.23
0916 0.50
1446 3.21
2210 0.33
18
SEX
0253 2.57
0902 0.64
1455 2.76
2144 0.58
03
QUI
0323 2.96
0955 0.68
1538 2.99
2302 0.52
19
SÁB
0342 2.41
0944 0.72
1544 2.66
2217 0.66
04
SEX
0421 2.65
1032 0.90
1636 2.76
20
DOM
0432 2.29
1023 0.83
1638 2.59
2306 0.75
05
SÁB
0002 0.69
0532 2.40
1117 1.09
1753 2.59
21
SEG
0534 2.26
1119 0.95
1747 2.58
06
DOM
0119 0.75
0655 2.30
1242 1.20
1916 2.55
22
TER
0019 0.81
0651 2.37
1246 0.98
1902 2.67
07
SEG
0240 0.68
0816 2.39
1425 1.11
2032 2.66
23
QUA
0214 0.77
0801 2.61
1423 0.84
2012 2.85
08
TER
0344 0.56
0917 2.60
1538 0.90
2132 2.82
24
QUI
0329 0.64
0857 2.90
1542 0.62
2114 3.05
09
QUA
0429 0.47
1004 2.82
1631 0.70
2219 2.96
25
SEX
0427 0.53
0946 3.16
1651 0.42
2208 3.21
10
QUI
0506 0.42
1046 2.99
1714 0.55
2302 3.05
26
SÁB
0517 0.44
1032 3.35
1753 0.25
2253 3.32
11
SEX
0549 0.41
1116 3.09
1801 0.46
2342 3.07
27
DOM
0606 0.37
1117 3.44
1851 0.12
2346 3.37
12
SÁB
0617 0.43
1147 3.14
1840 0.44
28
SEG
0659 0.32
1159 3.46
1944 0.04
13
DOM
0008 3.06
0653 0.45
1212 3.14
1908 0.43
29
TER
0040 3.34
0746 0.32
1253 3.42
2031 0.04
14
SEG
0042 3.02
0717 0.50
1240 3.12
1947 0.44
30
QUA
0136 3.25
0821 0.39
1347 3.32
2116 0.11
15
TER
0106 2.94
0751 0.53
1308 3.06
2010 0.47
16
QUA
0140 2.85
0808 0.56
1342 2.97
2042 0.49
DG6-62 Original
33
PORTO DE VILA DO CONDE (ESTADO DO PARÁ) - 2025
Latitude 01° 32'.3 S Longitude 48° 45'.2 W Fuso UTC -03.0 horas
DHN 96 Componentes Nível Médio 1.71 m Carta 321
Maio
HORA ALT(m) HORA ALT(m)
01
QUI
0229 3.08
0901 0.50
1440 3.16
2204 0.24
17
SÁB
0246 2.55
0853 0.63
1449 2.78
2136 0.56
02
SEX
0317 2.87
0942 0.67
1531 2.97
2257 0.42
18
DOM
0327 2.47
0927 0.69
1532 2.73
2210 0.61
03
SÁB
0412 2.65
1017 0.85
1625 2.77
2351 0.58
19
SEG
0414 2.43
1010 0.77
1623 2.70
2257 0.66
04
DOM
0510 2.46
1108 1.00
1731 2.62
20
TER
0510 2.44
1114 0.83
1725 2.69
05
SEG
0051 0.67
0617 2.39
1225 1.07
1842 2.56
21
QUA
0001 0.70
0616 2.55
1244 0.81
1832 2.73
06
TER
0157 0.66
0725 2.44
1355 0.97
1951 2.61
22
QUI
0134 0.67
0721 2.73
1408 0.66
1938 2.81
07
QUA
0255 0.59
0825 2.61
1502 0.77
2053 2.72
23
SEX
0249 0.60
0817 2.95
1525 0.48
2040 2.91
08
QUI
0344 0.50
0914 2.80
1559 0.57
2144 2.82
24
SÁB
0351 0.53
0906 3.12
1636 0.32
2138 3.00
09
SEX
0423 0.44
0955 2.96
1649 0.42
2227 2.89
25
DOM
0451 0.47
0949 3.24
1740 0.19
2234 3.05
10
SÁB
0502 0.40
1032 3.05
1732 0.35
2304 2.90
26
SEG
0547 0.43
1042 3.29
1840 0.08
2331 3.06
11
DOM
0544 0.41
1104 3.07
1808 0.32
2346 2.88
27
TER
0638 0.40
1138 3.29
1931 0.02
12
SEG
0614 0.44
1140 3.06
1853 0.34
28
QUA
0027 3.05
0723 0.39
1236 3.26
2017 -0.00
13
TER
0017 2.82
0653 0.48
1210 3.01
1925 0.39
29
QUI
0121 3.01
0806 0.39
1331 3.19
2104 0.03
14
QUA
0053 2.77
0717 0.53
1249 2.96
2001 0.42
30
SEX
0210 2.94
0855 0.46
1419 3.10
2157 0.13
15
QUI
0127 2.70
0751 0.56
1327 2.89
2031 0.47
31
SÁB
0257 2.83
0934 0.57
1506 2.97
2240 0.30
16
SEX
0201 2.63
0814 0.60
1402 2.83
2101 0.51
Junho
HORA ALT(m) HORA ALT(m)
01
DOM
0349 2.69
1012 0.69
1559 2.82
2316 0.45
17
TER
0346 2.62
1019 0.67
1555 2.85
2257 0.58
02
SEG
0440 2.56
1101 0.79
1653 2.67
2359 0.57
18
QUA
0436 2.64
1125 0.68
1651 2.79
2347 0.62
03
TER
0531 2.48
1157 0.84
1751 2.55
19
QUI
0536 2.69
1242 0.63
1753 2.73
04
QUA
0044 0.63
0625 2.49
1302 0.81
1855 2.50
20
SEX
0053 0.64
0638 2.79
1355 0.52
1901 2.69
05
QUI
0138 0.62
0721 2.59
1410 0.68
1959 2.52
21
SÁB
0204 0.63
0736 2.89
1504 0.40
2012 2.68
06
SEX
0236 0.56
0814 2.72
1512 0.51
2057 2.58
22
DOM
0310 0.61
0832 2.99
1616 0.29
2119 2.70
07
SÁB
0331 0.50
0901 2.84
1606 0.37
2149 2.63
23
SEG
0414 0.59
0929 3.04
1723 0.19
2221 2.72
08
DOM
0416 0.45
0944 2.91
1659 0.27
2234 2.65
24
TER
0516 0.56
1025 3.07
1823 0.11
2321 2.76
09
SEG
0501 0.43
1025 2.93
1747 0.25
2314 2.65
25
QUA
0612 0.51
1123 3.08
1916 0.05
10
TER
0546 0.45
1102 2.92
1829 0.28
2355 2.65
26
QUI
0019 2.80
0704 0.45
1219 3.10
2004 0.01
11
QUA
0619 0.48
1144 2.90
1908 0.31
27
SEX
0047 2.85
0757 0.42
1306 3.10
2053 0.05
12
QUI
0034 2.64
0659 0.50
1223 2.89
1953 0.35
28
SÁB
0144 2.87
0840 0.43
1353 3.08
2129 0.16
13
SEX
0104 2.63
0736 0.54
1302 2.89
2027 0.41
29
DOM
0234 2.84
0914 0.47
1438 3.01
2202 0.27
14
SÁB
0144 2.64
0806 0.56
1346 2.90
2102 0.44
30
SEG
0316 2.77
0957 0.54
1521 2.88
2236 0.42
15
DOM
0219 2.63
0849 0.59
1425 2.90
2142 0.50
16
SEG
0259 2.62
0931 0.63
1506 2.89
2216 0.54
Julho
HORA ALT(m) HORA ALT(m)
01
TER
0359 2.68
1032 0.62
1606 2.72
2302 0.52
17
QUI
0351 2.82
1114 0.57
1619 2.84
2319 0.64
02
QUA
0446 2.59
1110 0.68
1701 2.55
2338 0.60
18
SEX
0449 2.79
1219 0.58
1723 2.66
03
QUI
0534 2.55
1202 0.70
1759 2.41
19
SÁB
0016 0.72
0557 2.77
1336 0.55
1836 2.52
04
SEX
0019 0.66
0625 2.56
1304 0.67
1902 2.33
20
DOM
0125 0.78
0710 2.78
1451 0.47
1957 2.45
05
SÁB
0119 0.68
0719 2.61
1417 0.58
2010 2.32
21
SEG
0238 0.79
0817 2.81
1602 0.37
2121 2.48
06
DOM
0227 0.66
0812 2.69
1525 0.45
2112 2.38
22
TER
0349 0.77
0925 2.86
1710 0.28
2232 2.57
07
SEG
0327 0.61
0904 2.75
1621 0.35
2204 2.45
23
QUA
0457 0.72
1029 2.93
1808 0.19
2334 2.68
08
TER
0416 0.57
0951 2.80
1712 0.30
2253 2.52
24
QUI
0559 0.64
1125 3.00
1902 0.15
09
QUA
0504 0.54
1036 2.84
1802 0.29
2336 2.59
25
SEX
0017 2.78
0653 0.55
1210 3.07
1949 0.16
10
QUI
0553 0.52
1117 2.89
1853 0.30
26
SÁB
0047 2.88
0738 0.50
1251 3.13
2021 0.23
11
SEX
0012 2.66
0638 0.52
1159 2.95
1936 0.33
27
DOM
0129 2.94
0812 0.46
1332 3.13
2057 0.29
12
SÁB
0044 2.73
0716 0.50
1240 3.02
2012 0.36
28
SEG
0155 2.96
0853 0.46
1404 3.09
2121 0.39
13
DOM
0119 2.79
0802 0.49
1319 3.07
2053 0.39
29
TER
0238 2.92
0921 0.51
1444 2.97
2151 0.47
14
SEG
0146 2.83
0849 0.49
1355 3.10
2127 0.44
30
QUA
0314 2.83
0957 0.56
1525 2.79
2210 0.56
15
TER
0227 2.85
0934 0.51
1438 3.08
2201 0.50
31
QUI
0353 2.72
1029 0.62
1606 2.58
2244 0.65
16
QUA
0310 2.84
1019 0.54
1527 2.99
2238 0.56
Agosto
HORA ALT(m) HORA ALT(m)
01
SEX
0438 2.62
1104 0.67
1701 2.37
2312 0.74
17
DOM
0538 2.72
1319 0.68
1836 2.38
02
SÁB
0529 2.55
1157 0.72
1804 2.20
18
SEG
0051 1.02
0701 2.68
1444 0.60
2006 2.36
03
DOM
0001 0.83
0627 2.52
1306 0.73
1925 2.14
19
TER
0216 1.03
0819 2.72
1559 0.47
2129 2.48
04
SEG
0104 0.90
0731 2.55
1440 0.66
2042 2.22
20
QUA
0340 0.95
0931 2.84
1702 0.34
2234 2.65
05
TER
0227 0.88
0832 2.63
1551 0.54
2142 2.37
21
QUI
0451 0.82
1031 2.97
1759 0.26
2319 2.82
06
QUA
0334 0.79
0925 2.74
1647 0.46
2229 2.54
22
SEX
0549 0.69
1117 3.09
1844 0.27
2355 2.95
07
QUI
0429 0.70
1012 2.87
1740 0.41
2310 2.71
23
SÁB
0636 0.60
1159 3.17
1914 0.32
08
SEX
0519 0.61
1057 3.01
1825 0.39
2347 2.86
24
DOM
0029 3.04
0710 0.53
1236 3.21
1953 0.38
09
SÁB
0610 0.54
1138 3.14
1906 0.38
25
SEG
0049 3.11
0753 0.50
1302 3.20
2014 0.45
10
DOM
0021 2.98
0702 0.47
1217 3.25
1953 0.37
26
TER
0125 3.12
0819 0.51
1336 3.16
2046 0.50
11
SEG
0042 3.08
0753 0.41
1253 3.32
2029 0.41
27
QUA
0149 3.09
0855 0.52
1406 3.04
2104 0.56
12
TER
0125 3.13
0840 0.39
1336 3.33
2102 0.45
28
QUI
0229 2.99
0917 0.57
1442 2.86
2127 0.64
13
QUA
0149 3.12
0921 0.42
1421 3.24
2140 0.53
29
SEX
0257 2.86
0949 0.61
1523 2.63
2153 0.70
14
QUI
0236 3.07
1008 0.48
1506 3.07
2208 0.64
30
SÁB
0342 2.72
1016 0.67
1608 2.39
2217 0.80
15
SEX
0329 2.97
1101 0.56
1555 2.83
2251 0.76
31
DOM
0429 2.59
1101 0.75
1708 2.19
2302 0.90
16
SÁB
0427 2.84
1202 0.65
1708 2.57
2340 0.90
DG6-62 Original
34
PORTO DE VILA DO CONDE (ESTADO DO PARÁ) - 2025
Latitude 01° 32'.3 S Longitude 48° 45'.2 W Fuso UTC -03.0 horas
DHN 96 Componentes Nível Médio 1.71 m Carta 321
Setembro
HORA ALT(m) HORA ALT(m)
01
SEG
0527 2.50
1157 0.84
1823 2.09
2357 1.02
17
QUA
0216 1.14
0814 2.71
1546 0.48
2114 2.57
02
TER
0640 2.48
1334 0.87
1955 2.17
18
QUI
0338 0.95
0921 2.87
1644 0.36
2208 2.79
03
QUA
0114 1.08
0755 2.58
1517 0.74
2104 2.39
19
SEX
0440 0.75
1014 3.04
1727 0.31
2253 2.98
04
QUI
0253 0.98
0857 2.75
1616 0.60
2155 2.65
20
SÁB
0527 0.60
1102 3.16
1804 0.32
2327 3.10
05
SEX
0401 0.80
0947 2.96
1706 0.51
2236 2.90
21
DOM
0608 0.50
1142 3.21
1846 0.38
2353 3.19
06
SÁB
0459 0.64
1032 3.17
1757 0.45
2312 3.11
22
SEG
0653 0.46
1210 3.21
1908 0.44
07
DOM
0555 0.50
1116 3.34
1844 0.41
2342 3.28
23
TER
0021 3.22
0723 0.46
1240 3.19
1944 0.49
08
SEG
0649 0.39
1153 3.46
1921 0.40
24
QUA
0042 3.22
0759 0.47
1304 3.12
2004 0.53
09
TER
0021 3.38
0740 0.31
1236 3.51
2001 0.39
25
QUI
0114 3.16
0823 0.52
1336 3.01
2031 0.60
10
QUA
0049 3.40
0825 0.29
1323 3.46
2042 0.46
26
SEX
0142 3.07
0853 0.55
1410 2.84
2053 0.65
11
QUI
0136 3.35
0910 0.33
1406 3.31
2112 0.56
27
SÁB
0221 2.93
0914 0.59
1451 2.64
2112 0.71
12
SEX
0227 3.22
1001 0.43
1451 3.07
2153 0.71
28
DOM
0259 2.79
0947 0.65
1542 2.42
2149 0.79
13
SÁB
0316 3.04
1055 0.57
1549 2.78
2229 0.89
29
SEG
0351 2.64
1023 0.74
1638 2.23
2223 0.91
14
DOM
0412 2.85
1159 0.69
1702 2.50
2317 1.07
30
TER
0449 2.52
1112 0.84
1744 2.14
2316 1.04
15
SEG
0529 2.68
1312 0.73
1834 2.34
16
TER
0040 1.20
0657 2.62
1436 0.64
2002 2.38
Outubro
HORA ALT(m) HORA ALT(m)
01
QUA
0557 2.49
1229 0.91
1859 2.21
17
SEX
0314 0.83
0904 2.83
1604 0.38
2142 2.83
02
QUI
0032 1.11
0708 2.57
1440 0.83
2016 2.44
18
SÁB
0410 0.60
0959 2.98
1651 0.33
2219 3.02
03
SEX
0221 1.00
0817 2.76
1544 0.66
2110 2.75
19
DOM
0501 0.43
1042 3.07
1727 0.33
2253 3.14
04
SÁB
0338 0.76
0914 2.99
1636 0.54
2153 3.04
20
SEG
0546 0.35
1116 3.10
1801 0.34
2323 3.19
05
DOM
0440 0.55
1002 3.21
1721 0.45
2232 3.28
21
TER
0619 0.32
1149 3.08
1836 0.39
2346 3.19
06
SEG
0538 0.38
1046 3.38
1804 0.38
2310 3.44
22
QUA
0659 0.33
1217 3.02
1902 0.42
07
TER
0634 0.25
1132 3.49
1855 0.34
2344 3.52
23
QUI
0014 3.16
0734 0.38
1246 2.95
1936 0.48
08
QUA
0723 0.17
1219 3.49
1940 0.35
24
SEX
0042 3.10
0802 0.42
1317 2.85
2001 0.53
09
QUI
0032 3.51
0810 0.14
1255 3.41
2014 0.40
25
SÁB
0117 3.01
0831 0.48
1349 2.72
2023 0.60
10
SEX
0123 3.41
0902 0.18
1349 3.24
2059 0.50
26
DOM
0153 2.90
0859 0.52
1432 2.57
2053 0.65
11
SÁB
0212 3.24
0957 0.30
1447 3.00
2140 0.69
27
SEG
0238 2.77
0927 0.59
1514 2.42
2121 0.73
12
DOM
0302 3.04
1051 0.45
1547 2.72
2217 0.89
28
TER
0321 2.66
1002 0.66
1606 2.30
2202 0.83
13
SEG
0402 2.82
1153 0.59
1657 2.47
2312 1.07
29
QUA
0412 2.57
1053 0.75
1704 2.25
2259 0.94
14
TER
0517 2.64
1301 0.64
1819 2.35
30
QUI
0516 2.52
1157 0.81
1814 2.31
15
QUA
0038 1.16
0646 2.58
1408 0.60
1946 2.41
31
SEX
0014 1.00
0629 2.57
1334 0.79
1929 2.51
16
QUI
0206 1.05
0801 2.67
1510 0.49
2051 2.61
Novembro
HORA ALT(m) HORA ALT(m)
01
SÁB
0157 0.87
0738 2.71
1453 0.66
2027 2.79
17
SEG
0425 0.36
1012 2.85
1644 0.36
2217 3.03
02
DOM
0310 0.63
0842 2.90
1553 0.52
2116 3.05
18
TER
0508 0.25
1053 2.88
1717 0.34
2249 3.08
03
SEG
0416 0.41
0936 3.08
1647 0.43
2153 3.27
19
QUA
0555 0.21
1129 2.86
1757 0.34
2323 3.06
04
TER
0516 0.25
1029 3.21
1738 0.36
2238 3.40
20
QUI
0634 0.23
1202 2.82
1832 0.38
2351 3.03
05
QUA
0612 0.12
1117 3.27
1823 0.32
2327 3.45
21
SEX
0706 0.27
1238 2.76
1902 0.42
06
QUI
0706 0.04
1149 3.28
1908 0.30
22
SÁB
0029 2.97
0747 0.34
1306 2.69
1936 0.48
07
SEX
0019 3.42
0802 -0.00
1246 3.22
1959 0.32
23
DOM
0102 2.91
0814 0.40
1342 2.62
2002 0.53
08
SÁB
0110 3.33
0857 0.02
1346 3.10
2046 0.42
24
SEG
0144 2.84
0847 0.46
1417 2.54
2034 0.58
09
DOM
0201 3.20
0949 0.13
1446 2.92
2125 0.57
25
TER
0219 2.78
0914 0.52
1459 2.47
2104 0.63
10
SEG
0257 3.03
1040 0.28
1546 2.72
2208 0.74
26
QUA
0301 2.72
0951 0.57
1546 2.41
2151 0.71
11
TER
0355 2.84
1129 0.43
1649 2.53
2304 0.89
27
QUI
0351 2.66
1029 0.63
1636 2.39
2246 0.79
12
QUA
0501 2.66
1225 0.55
1755 2.42
28
SEX
0447 2.61
1119 0.68
1736 2.44
2359 0.82
13
QUI
0010 0.97
0614 2.56
1325 0.60
1902 2.44
29
SÁB
0551 2.59
1231 0.71
1844 2.58
14
SEX
0129 0.91
0729 2.57
1425 0.57
2004 2.57
30
DOM
0129 0.72
0701 2.63
1355 0.66
1946 2.78
15
SÁB
0240 0.74
0834 2.66
1516 0.50
2057 2.76
16
DOM
0338 0.53
0927 2.77
1601 0.41
2142 2.93
Dezembro
HORA ALT(m) HORA ALT(m)
01
SEG
0249 0.53
0810 2.71
1504 0.58
2040 2.98
17
QUA
0444 0.27
1021 2.62
1642 0.43
2217 2.92
02
TER
0357 0.35
0916 2.82
1604 0.49
2131 3.13
18
QUI
0527 0.22
1104 2.66
1721 0.41
2257 2.93
03
QUA
0502 0.20
1016 2.91
1702 0.43
2221 3.23
19
SEX
0608 0.21
1147 2.68
1802 0.41
2336 2.93
04
QUI
0602 0.09
1106 2.98
1801 0.38
2314 3.27
20
SÁB
0657 0.24
1223 2.68
1844 0.45
05
SEX
0701 -0.00
1147 3.02
1857 0.34
21
DOM
0012 2.92
0734 0.31
1257 2.68
1914 0.48
06
SÁB
0008 3.28
0757 -0.06
1246 3.04
1947 0.33
22
SEG
0051 2.93
0806 0.37
1332 2.68
1951 0.51
07
DOM
0101 3.26
0849 -0.06
1346 3.02
2034 0.36
23
TER
0129 2.93
0842 0.43
1401 2.67
2023 0.55
08
SEG
0155 3.21
0934 0.02
1440 2.94
2114 0.43
24
QUA
0202 2.93
0906 0.49
1436 2.66
2101 0.57
09
TER
0247 3.10
1012 0.15
1531 2.82
2201 0.55
25
QUI
0242 2.91
0938 0.54
1514 2.64
2144 0.62
10
QUA
0338 2.94
1059 0.33
1619 2.67
2247 0.68
26
SEX
0323 2.85
1004 0.58
1553 2.63
2234 0.67
11
QUI
0431 2.75
1138 0.50
1710 2.55
2336 0.77
27
SÁB
0412 2.76
1044 0.63
1647 2.64
2342 0.71
12
SEX
0529 2.58
1216 0.63
1806 2.50
28
DOM
0512 2.65
1138 0.69
1749 2.68
13
SÁB
0034 0.80
0636 2.47
1304 0.68
1904 2.54
29
SEG
0102 0.67
0621 2.56
1255 0.74
1859 2.76
14
DOM
0144 0.73
0744 2.45
1402 0.66
2001 2.64
30
TER
0229 0.55
0736 2.54
1427 0.72
2004 2.86
15
SEG
0253 0.57
0846 2.50
1502 0.58
2051 2.77
31
QUA
0347 0.40
0849 2.58
1538 0.67
2106 2.96
16
TER
0351 0.40
0938 2.57
1555 0.49
2136 2.86
DG6-62 Original
