35
ATRACADOURO DE BREVES (ESTADO DO PARÁ) - 2025
Latitude 01° 41'.5 S Longitude 50° 29' W Fuso UTC -03.0 horas
DHN 40 Componentes Nível Médio 0.36 m Carta 4341
Janeiro
HORA ALT(m) HORA ALT(m)
01
QUA
0216 0.20
0751 0.78
1502 0.08
2042 0.74
17
SEX
0321 0.34
0823 0.72
1601 0.19
2112 0.73
02
QUI
0304 0.27
0802 0.78
1551 0.15
2057 0.76
18
SÁB
0406 0.27
0912 0.69
1647 0.14
2202 0.70
03
SEX
0357 0.30
0840 0.79
1616 0.18
2121 0.78
19
DOM
0502 0.14
1014 0.67
1729 0.02
2301 0.66
04
SÁB
0440 0.28
0923 0.79
1701 0.14
2208 0.80
20
SEG
0559 -0.01
1119 0.64
1831 -0.11
05
DOM
0512 0.18
1023 0.79
1747 0.07
2304 0.79
21
TER
0002 0.61
0702 -0.15
1225 0.60
1942 -0.25
06
SEG
0602 0.07
1129 0.78
1829 -0.01
22
QUA
0102 0.56
0812 -0.28
1329 0.55
2044 -0.34
07
TER
0004 0.76
0701 -0.03
1236 0.75
1925 -0.07
23
QUI
0202 0.52
0916 -0.36
1427 0.50
2138 -0.37
08
QUA
0104 0.72
0804 -0.08
1342 0.70
2031 -0.10
24
SEX
0301 0.51
1010 -0.40
1523 0.47
2217 -0.34
09
QUI
0208 0.68
0923 -0.09
1451 0.65
2140 -0.08
25
SÁB
0355 0.54
1102 -0.39
1617 0.48
2255 -0.28
10
SEX
0316 0.66
1040 -0.08
1602 0.62
2242 -0.03
26
DOM
0447 0.60
1151 -0.34
1712 0.53
2342 -0.18
11
SÁB
0440 0.68
1140 -0.05
1714 0.62
2334 0.05
27
SEG
0538 0.67
1231 -0.25
1808 0.62
12
DOM
0551 0.73
1225 0.01
1819 0.65
28
TER
0027 -0.06
0621 0.73
1308 -0.15
1906 0.70
13
SEG
0014 0.15
0644 0.77
1308 0.06
1923 0.70
29
QUA
0112 0.06
0706 0.76
1401 -0.03
1951 0.76
14
TER
0102 0.23
0727 0.79
1359 0.12
2025 0.74
30
QUI
0204 0.18
0719 0.77
1449 0.12
2006 0.79
15
QUA
0155 0.31
0806 0.77
1438 0.19
2114 0.75
31
SEX
0259 0.29
0751 0.80
1516 0.25
2017 0.83
16
QUI
0244 0.35
0757 0.74
1510 0.21
2049 0.74
Fevereiro
HORA ALT(m) HORA ALT(m)
01
SÁB
0340 0.36
0817 0.83
1601 0.29
2101 0.86
17
SEG
0446 0.13
1002 0.69
1702 0.05
2242 0.65
02
DOM
0406 0.34
0904 0.87
1638 0.28
2149 0.86
18
TER
0525 0.02
1104 0.67
1753 -0.08
2344 0.61
03
SEG
0455 0.27
1002 0.88
1706 0.20
2242 0.84
19
QUA
0619 -0.10
1206 0.62
1836 -0.19
04
TER
0542 0.18
1102 0.86
1801 0.09
2342 0.79
20
QUI
0042 0.56
0732 -0.22
1308 0.55
1925 -0.27
05
QUA
0632 0.08
1204 0.79
1857 0.00
21
SEX
0134 0.53
0846 -0.31
1406 0.49
2016 -0.30
06
QUI
0046 0.73
0744 0.00
1308 0.69
1959 -0.05
22
SÁB
0227 0.52
0944 -0.37
1502 0.46
2112 -0.29
07
SEX
0147 0.68
0902 -0.07
1421 0.61
2102 -0.07
23
DOM
0321 0.54
1031 -0.39
1559 0.48
2208 -0.26
08
SÁB
0251 0.65
1008 -0.12
1542 0.57
2202 -0.05
24
SEG
0416 0.58
1110 -0.37
1653 0.56
2304 -0.20
09
DOM
0412 0.65
1104 -0.15
1659 0.58
2301 -0.02
25
TER
0506 0.64
1159 -0.30
1747 0.66
10
SEG
0516 0.68
1159 -0.14
1804 0.63
2355 0.04
26
QUA
0002 -0.11
0559 0.70
1251 -0.17
1834 0.74
11
TER
0616 0.70
1247 -0.08
1910 0.68
27
QUI
0059 0.01
0642 0.74
1336 0.01
1908 0.80
12
QUA
0049 0.10
0731 0.70
1325 0.01
2014 0.72
28
SEX
0153 0.15
0706 0.78
1412 0.18
1925 0.83
13
QUI
0140 0.18
0853 0.70
1408 0.10
2101 0.73
14
SEX
0219 0.23
0902 0.66
0949 0.67
1501 0.17
2008 0.71
15
SÁB
0306 0.24
0808 0.68
1542 0.20
2053 0.71
16
DOM
0401 0.21
0902 0.69
1612 0.15
2140 0.68
Março
HORA ALT(m) HORA ALT(m)
01
SÁB
0236 0.30
0738 0.82
1501 0.32
1959 0.87
17
SEG
0342 0.17
0857 0.70
1559 0.14
2119 0.68
02
DOM
0308 0.39
0804 0.88
1540 0.41
2032 0.89
18
TER
0412 0.13
0953 0.70
1627 0.07
2217 0.67
03
SEG
0357 0.42
0853 0.92
1602 0.38
2112 0.89
19
QUA
0502 0.04
1051 0.67
1702 -0.04
2316 0.64
04
TER
0432 0.38
0946 0.92
1644 0.30
2208 0.87
20
QUI
0549 -0.07
1151 0.61
1744 -0.13
05
QUA
0504 0.29
1042 0.87
1719 0.19
2306 0.81
21
SEX
0010 0.60
0631 -0.18
1249 0.54
1821 -0.20
06
QUI
0606 0.17
1146 0.77
1816 0.09
22
SÁB
0104 0.55
0727 -0.27
1344 0.48
1912 -0.24
07
SEX
0008 0.74
0721 0.05
1253 0.66
1919 0.01
23
DOM
0155 0.52
0832 -0.35
1434 0.47
2014 -0.26
08
SÁB
0108 0.68
0838 -0.08
1402 0.58
2027 -0.04
24
SEG
0240 0.52
0936 -0.38
1527 0.52
2125 -0.25
09
DOM
0210 0.63
0940 -0.19
1512 0.55
2132 -0.08
25
TER
0336 0.56
1032 -0.37
1619 0.60
2238 -0.23
10
SEG
0319 0.60
1036 -0.24
1627 0.56
2236 -0.10
26
QUA
0436 0.62
1125 -0.28
1708 0.69
2342 -0.16
11
TER
0432 0.60
1125 -0.24
1738 0.60
2334 -0.10
27
QUI
0529 0.69
1212 -0.14
1755 0.76
12
QUA
0546 0.60
1212 -0.19
1846 0.65
28
SEX
0038 -0.03
0610 0.75
1304 0.04
1829 0.80
13
QUI
0025 -0.06
0742 0.63
1304 -0.09
1951 0.67
29
SÁB
0123 0.14
0655 0.79
1359 0.23
1901 0.83
14
SEX
0116 0.01
0849 0.65
1357 0.02
2002 0.66
30
DOM
0208 0.30
0712 0.84
1442 0.39
1932 0.86
15
SÁB
0206 0.09
0921 0.65
1438 0.13
1947 0.67
31
SEG
0301 0.43
0755 0.90
1504 0.47
2006 0.90
16
DOM
0259 0.15
0806 0.67
1510 0.16
2025 0.68
Abril
HORA ALT(m) HORA ALT(m)
01
TER
0344 0.50
0832 0.92
1538 0.46
2059 0.91
17
QUI
0432 0.05
1027 0.67
1625 0.02
2251 0.68
02
QUA
0402 0.46
0917 0.90
1549 0.38
2153 0.89
18
SEX
0508 -0.05
1127 0.61
1704 -0.05
2334 0.62
03
QUI
0459 0.35
1016 0.83
1651 0.28
2251 0.83
19
SÁB
0601 -0.16
1221 0.55
1759 -0.11
04
SEX
0559 0.21
1123 0.73
1755 0.18
2351 0.75
20
DOM
0012 0.56
0646 -0.25
1312 0.52
1853 -0.17
05
SÁB
0701 0.05
1232 0.64
1901 0.07
21
SEG
0101 0.52
0736 -0.31
1359 0.53
1953 -0.22
06
DOM
0047 0.66
0802 -0.11
1332 0.58
2002 -0.03
22
TER
0153 0.52
0840 -0.34
1444 0.57
2101 -0.26
07
SEG
0138 0.59
0902 -0.23
1425 0.56
2108 -0.13
23
QUA
0253 0.56
0947 -0.32
1531 0.64
2206 -0.25
08
TER
0229 0.55
1001 -0.31
1521 0.56
2212 -0.21
24
QUI
0357 0.62
1051 -0.24
1625 0.71
2308 -0.19
09
QUA
0331 0.53
1059 -0.32
1625 0.58
2312 -0.25
25
SEX
0457 0.69
1153 -0.11
1714 0.75
10
QUI
0517 0.54
1157 -0.28
1731 0.59
26
SÁB
0006 -0.05
0547 0.75
1249 0.07
1801 0.79
11
SEX
0008 -0.22
0659 0.57
1249 -0.18
1827 0.61
27
DOM
0102 0.13
0619 0.79
1331 0.26
1840 0.82
12
SÁB
0102 -0.14
0759 0.61
1327 -0.06
1846 0.62
28
SEG
0201 0.31
0701 0.83
1404 0.41
1908 0.86
13
DOM
0157 -0.03
0721 0.63
1406 0.04
1925 0.65
29
TER
0253 0.45
0742 0.86
1449 0.50
1957 0.90
14
SEG
0238 0.08
0759 0.67
1457 0.11
2012 0.68
30
QUA
0321 0.50
0816 0.87
1447 0.50
2044 0.91
15
TER
0308 0.12
0842 0.70
1517 0.12
2104 0.71
16
QUA
0359 0.10
0929 0.70
1557 0.08
2201 0.71
DG6-62 Original
36
ATRACADOURO DE BREVES (ESTADO DO PARÁ) - 2025
Latitude 01° 41'.5 S Longitude 50° 29' W Fuso UTC -03.0 horas
DHN 40 Componentes Nível Médio 0.36 m Carta 4341
Maio
HORA ALT(m) HORA ALT(m)
01
QUI
0402 0.46
0906 0.84
1538 0.45
2127 0.88
17
SÁB
0453 -0.03
1106 0.64
1649 0.06
2223 0.64
02
SEX
0451 0.35
1008 0.79
1636 0.37
2217 0.82
18
DOM
0523 -0.10
1144 0.60
1736 0.00
2304 0.60
03
SÁB
0529 0.21
1110 0.72
1736 0.26
2308 0.73
19
SEG
0608 -0.18
1219 0.58
1825 -0.09
04
DOM
0621 0.04
1206 0.66
1838 0.12
20
TER
0001 0.57
0702 -0.24
1301 0.60
1923 -0.18
05
SEG
0004 0.64
0723 -0.11
1301 0.61
1944 -0.04
21
QUA
0102 0.58
0802 -0.27
1355 0.63
2029 -0.24
06
TER
0102 0.57
0829 -0.24
1351 0.58
2053 -0.19
22
QUI
0208 0.61
0906 -0.26
1447 0.67
2140 -0.23
07
QUA
0202 0.52
0934 -0.33
1438 0.56
2159 -0.31
23
SEX
0314 0.66
1016 -0.19
1540 0.70
2249 -0.16
08
QUI
0308 0.50
1038 -0.37
1529 0.55
2301 -0.37
24
SÁB
0416 0.70
1117 -0.07
1638 0.73
2355 -0.03
09
SEX
0425 0.51
1129 -0.35
1631 0.55
2357 -0.35
25
DOM
0512 0.73
1210 0.08
1736 0.76
10
SÁB
0529 0.54
1214 -0.27
1734 0.57
26
SEG
0055 0.13
0604 0.75
1302 0.24
1821 0.80
11
DOM
0049 -0.25
0617 0.57
1302 -0.16
1825 0.61
27
TER
0149 0.29
0657 0.77
1349 0.40
1904 0.85
12
SEG
0129 -0.12
0657 0.61
1351 -0.03
1910 0.66
28
QUA
0225 0.40
0744 0.79
1404 0.49
1955 0.88
13
TER
0208 -0.01
0736 0.65
1412 0.06
2001 0.72
29
QUI
0304 0.43
0825 0.81
1447 0.52
2025 0.89
14
QUA
0259 0.05
0819 0.68
1455 0.11
2046 0.75
30
SEX
0353 0.40
0914 0.80
1529 0.49
2101 0.85
15
QUI
0329 0.07
0914 0.69
1519 0.12
2123 0.74
31
SÁB
0416 0.32
1004 0.78
1614 0.41
2151 0.79
16
SEX
0404 0.03
1012 0.67
1601 0.10
2201 0.70
Junho
HORA ALT(m) HORA ALT(m)
01
DOM
0504 0.19
1049 0.73
1708 0.28
2244 0.70
17
TER
0551 -0.06
1114 0.68
1802 -0.02
2321 0.67
02
SEG
0601 0.06
1132 0.68
1808 0.12
2338 0.62
18
QUA
0632 -0.13
1208 0.68
1901 -0.12
03
TER
0659 -0.08
1217 0.63
1916 -0.06
19
QUI
0027 0.67
0725 -0.17
1306 0.69
2001 -0.18
04
QUA
0036 0.56
0806 -0.22
1310 0.58
2032 -0.24
20
SEX
0136 0.68
0827 -0.18
1404 0.69
2106 -0.17
05
QUI
0138 0.52
0912 -0.34
1408 0.55
2142 -0.38
21
SÁB
0242 0.68
0938 -0.14
1506 0.70
2223 -0.11
06
SEX
0244 0.50
1010 -0.42
1512 0.52
2242 -0.44
22
DOM
0347 0.67
1049 -0.06
1614 0.71
2336 -0.02
07
SÁB
0351 0.51
1104 -0.42
1616 0.53
2332 -0.41
23
SEG
0455 0.67
1149 0.07
1723 0.74
08
DOM
0451 0.52
1157 -0.35
1712 0.56
24
TER
0034 0.09
0601 0.69
1238 0.22
1817 0.79
09
SEG
0017 -0.32
0540 0.54
1238 -0.22
1804 0.62
25
QUA
0116 0.20
0701 0.72
1306 0.35
1906 0.83
10
TER
0104 -0.21
0625 0.58
1306 -0.09
1855 0.69
26
QUI
0202 0.28
0757 0.76
1353 0.44
1955 0.85
11
QUA
0155 -0.10
0714 0.63
1353 0.02
1932 0.75
27
SEX
0251 0.33
0840 0.79
1432 0.49
2008 0.83
12
QUI
0225 -0.02
0808 0.68
1417 0.11
2012 0.77
28
SÁB
0314 0.33
0916 0.79
1508 0.47
2046 0.79
13
SEX
0304 0.01
0904 0.71
1501 0.16
2044 0.76
29
DOM
0401 0.29
0938 0.77
1602 0.39
2116 0.74
14
SÁB
0351 0.03
0946 0.71
1549 0.18
2102 0.73
30
SEG
0444 0.21
1010 0.73
1659 0.27
2206 0.68
15
DOM
0417 0.03
1019 0.69
1629 0.16
2134 0.70
16
SEG
0502 -0.01
1027 0.68
1710 0.08
2219 0.68
Julho
HORA ALT(m) HORA ALT(m)
01
TER
0523 0.10
1101 0.68
1759 0.10
2306 0.63
17
QUI
0602 -0.01
1134 0.75
1831 -0.01
02
QUA
0625 -0.04
1157 0.62
1902 -0.08
18
SEX
0001 0.77
0659 -0.08
1236 0.73
1929 -0.07
03
QUI
0010 0.59
0742 -0.20
1255 0.57
2010 -0.25
19
SÁB
0102 0.73
0757 -0.11
1336 0.70
2046 -0.09
04
SEX
0116 0.55
0849 -0.35
1355 0.53
2114 -0.39
20
DOM
0206 0.68
0902 -0.09
1438 0.68
2204 -0.09
05
SÁB
0221 0.52
0949 -0.43
1455 0.51
2212 -0.46
21
SEG
0317 0.63
1012 -0.03
1549 0.69
2308 -0.06
06
DOM
0323 0.50
1040 -0.44
1553 0.53
2306 -0.46
22
TER
0442 0.61
1108 0.06
1708 0.72
07
SEG
0417 0.49
1117 -0.37
1649 0.57
23
QUA
0004 -0.01
0555 0.64
1159 0.16
1806 0.76
08
TER
0001 -0.39
0512 0.51
1201 -0.26
1738 0.63
24
QUI
0059 0.07
0657 0.70
1249 0.27
1902 0.78
09
QUA
0049 -0.29
0604 0.56
1246 -0.12
1821 0.70
25
SEX
0142 0.16
0751 0.75
1329 0.35
1944 0.78
10
QUI
0119 -0.18
0701 0.64
1314 0.00
1908 0.75
26
SÁB
0210 0.23
0842 0.78
1408 0.39
2004 0.76
11
SEX
0202 -0.10
0753 0.71
1401 0.10
1949 0.77
27
DOM
0259 0.27
0919 0.77
1502 0.38
2014 0.73
12
SÁB
0249 0.00
0840 0.75
1451 0.18
2004 0.76
28
SEG
0336 0.28
0904 0.75
1557 0.34
2057 0.71
13
DOM
0316 0.08
0912 0.76
1531 0.23
2023 0.76
29
TER
0412 0.23
0938 0.71
1646 0.24
2151 0.68
14
SEG
0402 0.12
0910 0.77
1606 0.22
2102 0.77
30
QUA
0506 0.12
1025 0.66
1736 0.10
2253 0.65
15
TER
0444 0.13
0953 0.77
1659 0.16
2159 0.78
31
QUI
0606 -0.02
1127 0.61
1838 -0.07
16
QUA
0512 0.08
1038 0.77
1746 0.08
2259 0.78
Agosto
HORA ALT(m) HORA ALT(m)
01
SEX
0710 -0.18
1229 0.57
1949 -0.24
17
DOM
0036 0.74
0714 -0.02
1304 0.73
2029 -0.03
02
SÁB
0102 0.57
0812 -0.32
1327 0.54
2055 -0.37
18
SEG
0147 0.65
0823 -0.03
1408 0.69
2147 -0.09
03
DOM
0202 0.52
0908 -0.40
1425 0.53
2157 -0.46
19
TER
0302 0.59
0934 -0.01
1523 0.66
2249 -0.12
04
SEG
0302 0.48
1001 -0.40
1523 0.54
2251 -0.47
20
QUA
0419 0.58
1036 0.02
1646 0.67
2340 -0.10
05
TER
0357 0.47
1049 -0.35
1617 0.57
2334 -0.43
21
QUI
0531 0.62
1129 0.08
1751 0.68
06
QUA
0451 0.50
1129 -0.25
1708 0.62
22
SEX
0019 -0.04
0632 0.68
1217 0.13
1851 0.70
07
QUI
0008 -0.35
0546 0.58
1204 -0.15
1801 0.68
23
SÁB
0104 0.04
0738 0.73
1308 0.19
2034 0.71
08
SEX
0057 -0.25
0636 0.67
1257 -0.05
1849 0.73
24
DOM
0155 0.13
0847 0.75
1402 0.23
2140 0.71
09
SÁB
0140 -0.12
0725 0.75
1347 0.06
1923 0.76
25
SEG
0234 0.21
0938 0.73
1457 0.27
2102 0.68
2210 0.68
10
DOM
0210 0.02
0806 0.79
1427 0.18
1947 0.77
26
TER
0312 0.24
0823 0.70
1544 0.26
2040 0.69
11
SEG
0301 0.14
0810 0.81
1506 0.25
2004 0.81
27
QUA
0402 0.21
0908 0.68
1619 0.20
2132 0.69
12
TER
0344 0.25
0838 0.82
1557 0.29
2049 0.85
28
QUI
0453 0.13
1006 0.65
1708 0.09
2236 0.67
13
QUA
0406 0.26
0910 0.84
1638 0.28
2138 0.87
29
SEX
0534 -0.01
1108 0.63
1808 -0.05
2342 0.63
14
QUI
0455 0.21
1002 0.84
1706 0.21
2229 0.87
30
SÁB
0621 -0.14
1208 0.60
1917 -0.20
15
SEX
0531 0.13
1102 0.82
1801 0.12
2329 0.82
31
DOM
0044 0.58
0719 -0.25
1306 0.58
2029 -0.33
16
SÁB
0614 0.04
1202 0.78
1904 0.04
DG6-62 Original
37
ATRACADOURO DE BREVES (ESTADO DO PARÁ) - 2025
Latitude 01° 41'.5 S Longitude 50° 29' W Fuso UTC -03.0 horas
DHN 40 Componentes Nível Médio 0.36 m Carta 4341
Setembro
HORA ALT(m) HORA ALT(m)
01
SEG
0140 0.52
0817 -0.31
1402 0.55
2127 -0.43
17
QUA
0240 0.58
0904 -0.01
1451 0.61
2206 -0.17
02
TER
0234 0.48
0914 -0.32
1459 0.53
2214 -0.46
18
QUI
0347 0.58
1006 -0.04
1602 0.59
2301 -0.18
03
QUA
0329 0.48
0951 -0.31
1551 0.55
2257 -0.44
19
SEX
0457 0.61
1104 -0.06
1719 0.60
2353 -0.14
04
QUI
0423 0.53
1047 -0.27
1646 0.59
2342 -0.37
20
SÁB
0606 0.65
1202 -0.04
1908 0.63
05
SEX
0516 0.62
1142 -0.20
1738 0.66
21
DOM
0046 -0.06
0723 0.68
1301 0.00
2019 0.68
06
SÁB
0017 -0.26
0606 0.71
1232 -0.11
1823 0.72
22
SEG
0127 0.03
0829 0.69
1355 0.07
2108 0.70
07
DOM
0102 -0.11
0653 0.78
1316 0.02
1902 0.76
23
TER
0210 0.12
0904 0.67
1442 0.15
2151 0.67
08
SEG
0157 0.06
0716 0.81
1404 0.16
1919 0.80
24
QUA
0302 0.17
0810 0.66
1516 0.18
2031 0.68
09
TER
0240 0.24
0738 0.83
1457 0.30
1953 0.85
25
QUI
0344 0.17
0902 0.67
1604 0.15
2119 0.69
10
QUA
0306 0.35
0804 0.87
1540 0.39
2023 0.90
26
SEX
0410 0.11
0957 0.68
1655 0.07
2217 0.68
11
QUI
0353 0.38
0855 0.89
1602 0.40
2106 0.93
27
SÁB
0457 0.01
1053 0.67
1734 -0.04
2317 0.64
12
SEX
0410 0.34
0944 0.89
1653 0.33
2202 0.90
28
DOM
0529 -0.09
1149 0.64
1825 -0.18
13
SÁB
0453 0.24
1038 0.86
1746 0.23
2304 0.82
29
SEG
0017 0.58
0608 -0.18
1240 0.59
1931 -0.29
14
DOM
0547 0.15
1142 0.80
1851 0.11
30
TER
0114 0.53
0702 -0.24
1329 0.54
2036 -0.38
15
SEG
0012 0.72
0651 0.08
1246 0.73
2004 -0.01
16
TER
0125 0.63
0759 0.03
1349 0.66
2112 -0.12
Outubro
HORA ALT(m) HORA ALT(m)
01
QUA
0210 0.50
0757 -0.28
1423 0.51
2127 -0.42
17
SEX
0304 0.57
0947 -0.13
1517 0.53
2231 -0.24
02
QUI
0304 0.51
0902 -0.29
1521 0.52
2206 -0.41
18
SÁB
0417 0.57
1051 -0.20
1651 0.53
2327 -0.23
03
SEX
0355 0.57
1008 -0.29
1616 0.57
2257 -0.35
19
DOM
0542 0.59
1151 -0.21
1847 0.59
04
SÁB
0444 0.65
1106 -0.25
1704 0.65
2351 -0.24
20
SEG
0016 -0.18
0653 0.61
1246 -0.16
1953 0.63
05
DOM
0531 0.73
1202 -0.16
1755 0.72
21
TER
0106 -0.10
0755 0.63
1331 -0.07
2040 0.64
06
SEG
0042 -0.07
0608 0.78
1259 0.00
1827 0.77
22
QUA
0159 0.00
0838 0.63
1414 0.03
2025 0.64
07
TER
0123 0.12
0642 0.81
1355 0.19
1901 0.82
23
QUI
0232 0.09
0804 0.67
1502 0.09
2019 0.67
08
QUA
0204 0.29
0706 0.85
1442 0.37
1925 0.86
24
SEX
0304 0.12
0847 0.70
1549 0.10
2108 0.69
09
QUI
0255 0.43
0749 0.89
1510 0.47
2002 0.91
25
SÁB
0349 0.11
0929 0.72
1616 0.04
2202 0.68
10
SEX
0312 0.48
0821 0.92
1453 0.52
1601 0.48
2051 0.91
26
DOM
0408 0.05
1017 0.71
1702 -0.06
2302 0.65
11
SÁB
0304 0.45
0906 0.92
1647 0.42
2149 0.87
27
SEG
0453 -0.02
1110 0.66
1744 -0.16
12
DOM
0416 0.37
1004 0.89
1729 0.29
2255 0.79
28
TER
0001 0.61
0534 -0.10
1202 0.59
1819 -0.26
13
SEG
0516 0.27
1106 0.81
1825 0.13
29
QUA
0057 0.56
0621 -0.17
1255 0.53
1912 -0.33
14
TER
0002 0.71
0623 0.17
1208 0.72
1927 -0.01
30
QUI
0144 0.54
0717 -0.24
1342 0.50
2010 -0.36
15
QUA
0106 0.64
0732 0.07
1308 0.63
2029 -0.13
31
SEX
0225 0.55
0823 -0.29
1434 0.52
2112 -0.35
16
QUI
0206 0.60
0840 -0.04
1408 0.56
2131 -0.21
Novembro
HORA ALT(m) HORA ALT(m)
01
SÁB
0310 0.60
0931 -0.31
1532 0.58
2212 -0.30
17
SEG
0423 0.54
1127 -0.35
1740 0.54
2359 -0.31
02
DOM
0357 0.66
1038 -0.26
1625 0.66
2310 -0.19
18
TER
0536 0.56
1217 -0.30
1836 0.56
03
SEG
0444 0.72
1142 -0.15
1712 0.72
19
QUA
0047 -0.22
0625 0.60
1308 -0.20
1910 0.58
04
TER
0004 -0.04
0531 0.77
1242 0.03
1801 0.77
20
QUI
0119 -0.10
0702 0.64
1401 -0.09
1917 0.61
05
QUA
0101 0.14
0610 0.80
1336 0.23
1838 0.80
21
SEX
0202 0.01
0736 0.69
1444 0.01
2004 0.65
06
QUI
0155 0.33
0653 0.85
1416 0.39
1906 0.83
22
SÁB
0244 0.09
0814 0.74
1512 0.03
2053 0.69
07
SEX
0223 0.49
0719 0.89
1504 0.49
1951 0.85
23
DOM
0304 0.12
0902 0.76
1559 0.00
2144 0.70
08
SÁB
0202 0.56
0255 0.55
0759 0.93
1557 0.50
2042 0.86
24
SEG
0347 0.10
0947 0.73
1627 -0.05
2242 0.68
09
DOM
0157 0.51
0851 0.93
1625 0.43
2142 0.83
25
TER
0421 0.05
1027 0.67
1704 -0.12
2336 0.65
10
SEG
0342 0.46
0949 0.88
1704 0.29
2246 0.78
26
QUA
0506 -0.02
1106 0.60
1753 -0.19
11
TER
0501 0.35
1051 0.79
1801 0.15
2344 0.72
27
QUI
0017 0.60
0602 -0.11
1153 0.55
1834 -0.24
12
QUA
0602 0.22
1149 0.69
1855 0.01
28
SEX
0053 0.58
0659 -0.20
1249 0.54
1925 -0.28
13
QUI
0036 0.65
0706 0.07
1244 0.60
1957 -0.12
29
SÁB
0131 0.59
0759 -0.26
1349 0.57
2025 -0.29
14
SEX
0121 0.60
0814 -0.09
1336 0.53
2104 -0.22
30
DOM
0216 0.63
0901 -0.28
1449 0.62
2132 -0.25
15
SÁB
0212 0.57
0925 -0.23
1436 0.50
2206 -0.30
16
DOM
0312 0.54
1031 -0.32
1623 0.51
2302 -0.33
Dezembro
HORA ALT(m) HORA ALT(m)
01
SEG
0310 0.67
1004 -0.23
1546 0.67
2240 -0.15
17
QUA
0451 0.55
1202 -0.41
1721 0.52
02
TER
0406 0.71
1114 -0.11
1642 0.70
2346 -0.01
18
QUI
0008 -0.30
0546 0.60
1257 -0.31
1810 0.55
03
QUA
0502 0.75
1217 0.05
1734 0.72
19
SEX
0101 -0.17
0625 0.66
1336 -0.18
1859 0.59
04
QUI
0044 0.17
0557 0.79
1312 0.21
1819 0.74
20
SÁB
0138 -0.03
0706 0.72
1408 -0.10
1942 0.65
05
SEX
0121 0.36
0642 0.83
1404 0.34
1906 0.77
21
DOM
0204 0.07
0757 0.76
1457 -0.04
2031 0.71
06
SÁB
0201 0.49
0710 0.88
1501 0.43
1959 0.80
22
SEG
0249 0.12
0831 0.76
1523 -0.01
2127 0.74
07
DOM
0240 0.57
0757 0.90
1529 0.46
2051 0.83
23
TER
0321 0.14
0906 0.74
1602 -0.01
2221 0.73
08
SEG
0255 0.57
0846 0.89
1602 0.40
2138 0.82
24
QUA
0404 0.11
0929 0.69
1646 -0.03
2236 0.69
09
TER
0353 0.50
0932 0.83
1644 0.30
2221 0.79
25
QUI
0457 0.05
1008 0.66
1716 -0.07
2306 0.66
10
QUA
0451 0.38
1016 0.75
1717 0.18
2310 0.73
26
SEX
0546 -0.03
1101 0.65
1804 -0.13
2347 0.65
11
QUI
0549 0.23
1108 0.66
1814 0.04
27
SÁB
0631 -0.12
1201 0.65
1859 -0.19
12
SEX
0001 0.66
0651 0.05
1206 0.59
1925 -0.10
28
DOM
0042 0.65
0723 -0.18
1302 0.66
1957 -0.21
13
SÁB
0055 0.59
0801 -0.13
1306 0.54
2040 -0.24
29
SEG
0136 0.66
0829 -0.20
1404 0.67
2057 -0.19
14
DOM
0147 0.54
0908 -0.30
1414 0.51
2146 -0.36
30
TER
0231 0.68
0947 -0.16
1506 0.67
2208 -0.11
15
SEG
0244 0.51
1008 -0.41
1525 0.51
2242 -0.42
31
QUA
0329 0.71
1102 -0.08
1614 0.66
2314 0.01
16
TER
0347 0.52
1106 -0.45
1629 0.51
2327 -0.39
DG6-62 Original
