122
PORTO DO AÇU (ESTADO DO RIO DE JANEIRO) - 2025
Latitude 21° 48'.5 S Longitude 40° 58'.9 W Fuso UTC -03.0 horas
UMISAN 43 Componentes Nível Médio 0,83 m Carta 1405
Janeiro
HORA ALT(m) HORA ALT(m)
01
QUA
0359 1,49
1014 0,36
1534 1,45
2227 0,04
17
SEX
0442 1,39
1049 0,34
1644 1,49
2325 0,11
02
QUI
0432 1,46
1044 0,38
1616 1,48
2317 0,09
18
SÁB
0512 1,32
1117 0,35
1719 1,43
03
SEX
0508 1,39
1123 0,43
1655 1,47
2359 0,16
19
DOM
0002 0,19
0551 1,25
1159 0,39
1757 1,33
04
SÁB
0538 1,30
1151 0,50
1732 1,44
20
SEG
0040 0,30
0625 1,16
1242 0,46
1831 1,21
05
DOM
0047 0,26
0617 1,20
1242 0,58
1812 1,37
21
TER
0116 0,42
0710 1,09
1338 0,53
1912 1,08
06
SEG
0144 0,38
0708 1,11
1429 0,63
1902 1,27
22
QUA
0202 0,54
0804 1,01
1455 0,57
2021 0,97
07
TER
0253 0,51
0951 1,05
1542 0,63
2017 1,15
23
QUI
0331 0,64
0916 0,96
1610 0,56
2351 0,96
08
QUA
0434 0,59
1108 1,06
1653 0,58
2323 1,16
24
SEX
0538 0,64
1146 0,97
1731 0,50
09
QUI
0557 0,60
1212 1,11
1806 0,48
25
SÁB
0104 1,09
0653 0,57
1244 1,06
1849 0,38
10
SEX
0049 1,24
0701 0,57
1301 1,17
1912 0,34
26
DOM
0149 1,24
0744 0,49
1317 1,16
1942 0,24
11
SÁB
0153 1,35
0755 0,54
1334 1,23
2002 0,20
27
SEG
0221 1,37
0823 0,40
1351 1,29
2023 0,10
12
DOM
0242 1,44
0842 0,50
1342 1,30
2044 0,09
28
TER
0251 1,49
0855 0,33
1423 1,42
2102 -0,01
13
SEG
0314 1,49
0916 0,47
1410 1,38
2119 0,03
29
QUA
0319 1,57
0929 0,27
1457 1,54
2144 -0,08
14
TER
0336 1,50
0936 0,44
1444 1,45
2144 0,00
30
QUI
0353 1,59
1001 0,24
1532 1,62
2227 -0,09
15
QUA
0347 1,48
0953 0,40
1521 1,50
2216 0,00
31
SEX
0423 1,56
1036 0,25
1610 1,66
2308 -0,03
16
QUI
0412 1,44
1017 0,36
1604 1,52
2249 0,04
Fevereiro
HORA ALT(m) HORA ALT(m)
01
SÁB
0447 1,48
1110 0,29
1640 1,64
2346 0,08
17
SEG
0504 1,35
1117 0,26
1716 1,37
2347 0,28
02
DOM
0512 1,38
1138 0,37
1714 1,56
18
TER
0529 1,26
1157 0,34
1749 1,25
03
SEG
0027 0,25
0531 1,28
1219 0,46
1753 1,43
19
QUA
0012 0,41
0559 1,16
1234 0,44
1819 1,11
04
TER
0049 0,44
0604 1,18
1316 0,56
1829 1,27
20
QUI
0049 0,56
0631 1,05
1329 0,54
1908 0,98
05
QUA
0129 0,64
0647 1,08
1455 0,62
1923 1,09
21
SEX
0146 0,71
0729 0,94
1510 0,58
06
QUI
0414 0,80
0746 0,98
1044 0,93
1638 0,60
22
SÁB
0001 0,94
0538 0,75
1136 0,88
1659 0,54
07
SEX
0002 1,09
0608 0,78
1212 0,99
1808 0,50
23
DOM
0055 1,11
0647 0,63
1229 1,01
1831 0,40
08
SÁB
0119 1,21
0714 0,69
1306 1,08
1917 0,35
24
SEG
0127 1,27
0723 0,50
1304 1,18
1925 0,22
09
DOM
0204 1,33
0802 0,59
1344 1,18
2004 0,20
25
TER
0159 1,42
0755 0,38
1338 1,36
2006 0,04
10
SEG
0242 1,42
0840 0,51
1349 1,29
2044 0,09
26
QUA
0229 1,54
0829 0,28
1410 1,54
2047 -0,10
11
TER
0301 1,46
0901 0,43
1410 1,41
2110 0,01
27
QUI
0301 1,62
0902 0,19
1442 1,68
2127 -0,17
12
QUA
0317 1,48
0917 0,36
1434 1,51
2131 -0,03
28
SEX
0332 1,64
0940 0,14
1517 1,77
2206 -0,16
13
QUI
0325 1,49
0929 0,28
1510 1,58
2151 -0,04
14
SEX
0347 1,49
0953 0,23
1546 1,59
2219 -0,01
15
SÁB
0412 1,46
1017 0,20
1616 1,56
2251 0,06
16
DOM
0440 1,41
1051 0,21
1649 1,48
2317 0,16
Março
HORA ALT(m) HORA ALT(m)
01
SÁB
0359 1,61
1014 0,14
1547 1,77
2244 -0,06
17
SEG
0404 1,45
1017 0,14
1616 1,45
2238 0,20
02
DOM
0421 1,53
1047 0,18
1621 1,71
2325 0,11
18
TER
0425 1,39
1051 0,19
1647 1,35
2302 0,32
03
SEG
0434 1,44
1123 0,26
1657 1,58
2347 0,33
19
QUA
0449 1,31
1116 0,27
1716 1,25
2331 0,46
04
TER
0459 1,34
1146 0,36
1731 1,41
20
QUI
0510 1,21
1155 0,37
1755 1,13
05
QUA
0014 0,56
0523 1,23
1227 0,48
1810 1,21
21
SEX
0004 0,60
0540 1,09
1238 0,48
1840 1,01
06
QUI
0036 0,76
0602 1,11
1427 0,58
1908 1,01
2101 0,97
2249 1,00
22
SÁB
0102 0,75
0627 0,96
1421 0,56
2316 0,98
07
SEX
0257 0,95
0447 0,93
0657 0,98
1632 0,59
23
DOM
0501 0,79
0834 0,88
1625 0,52
08
SÁB
0038 1,11
0625 0,82
0953 0,88
1212 0,95
1808 0,48
24
SEG
0008 1,13
0606 0,65
1155 1,04
1755 0,38
09
DOM
0119 1,23
0712 0,69
1302 1,07
1910 0,33
25
TER
0051 1,29
0644 0,51
1236 1,24
1855 0,19
10
SEG
0155 1,31
0753 0,57
1334 1,20
1957 0,20
26
QUA
0123 1,43
0717 0,37
1310 1,45
1942 0,01
11
TER
0217 1,37
0816 0,47
1340 1,32
2027 0,10
27
QUI
0201 1,54
0755 0,25
1346 1,63
2023 -0,12
12
QUA
0234 1,41
0832 0,38
1349 1,45
2047 0,03
28
SEX
0234 1,61
0834 0,16
1419 1,75
2102 -0,16
13
QUI
0240 1,46
0838 0,28
1416 1,55
2106 -0,01
29
SÁB
0304 1,63
0912 0,10
1453 1,80
2144 -0,11
14
SEX
0255 1,49
0859 0,20
1447 1,59
2123 -0,02
30
DOM
0331 1,60
0951 0,08
1531 1,78
2223 0,03
15
SÁB
0316 1,51
0923 0,15
1517 1,59
2147 0,01
31
SEG
0346 1,53
1031 0,10
1606 1,67
2253 0,24
16
DOM
0340 1,49
0951 0,13
1551 1,54
2212 0,09
Abril
HORA ALT(m) HORA ALT(m)
01
TER
0404 1,45
1104 0,18
1642 1,52
2327 0,47
17
QUI
0416 1,29
1057 0,24
1701 1,23
2304 0,52
02
QUA
0427 1,36
1136 0,28
1721 1,34
2346 0,68
18
SEX
0447 1,20
1129 0,33
1742 1,14
2353 0,64
03
QUI
0502 1,25
1223 0,41
1808 1,15
19
SÁB
0517 1,10
1214 0,43
1829 1,05
04
SEX
0019 0,85
0542 1,12
1416 0,52
1917 0,97
2006 0,97
2259 1,03
20
DOM
0101 0,75
0617 1,00
1353 0,51
2225 1,02
05
SÁB
0442 0,94
0649 0,98
1616 0,54
21
SEG
0355 0,76
0823 0,97
1601 0,46
2319 1,15
06
DOM
0006 1,11
0602 0,81
0955 0,92
1151 0,96
1749 0,46
22
TER
0508 0,65
1059 1,11
1714 0,34
07
SEG
0053 1,18
0647 0,68
1234 1,08
1849 0,34
23
QUA
0004 1,28
0559 0,52
1155 1,29
1817 0,20
08
TER
0116 1,24
0712 0,56
1255 1,21
1929 0,24
24
QUI
0049 1,39
0640 0,39
1240 1,48
1910 0,06
09
QUA
0138 1,29
0734 0,45
1308 1,32
1955 0,15
25
SEX
0125 1,49
0721 0,26
1319 1,62
1957 -0,02
10
QUI
0146 1,35
0742 0,35
1323 1,43
2017 0,10
26
SÁB
0202 1,54
0802 0,16
1359 1,71
2042 -0,02
11
SEX
0159 1,41
0802 0,25
1353 1,50
2032 0,06
27
DOM
0234 1,55
0847 0,08
1436 1,73
2121 0,06
12
SÁB
0221 1,45
0827 0,17
1421 1,52
2053 0,07
28
SEG
0255 1,53
0932 0,05
1519 1,69
2159 0,21
13
DOM
0246 1,47
0857 0,13
1455 1,50
2116 0,11
29
TER
0314 1,49
1014 0,06
1559 1,58
2236 0,40
14
SEG
0308 1,46
0923 0,12
1523 1,45
2142 0,19
30
QUA
0340 1,43
1051 0,12
1638 1,44
2314 0,58
15
TER
0331 1,43
0955 0,13
1555 1,39
2206 0,29
16
QUA
0355 1,37
1021 0,17
1623 1,31
2232 0,41
DG6-62 Original
123
PORTO DO AÇU (ESTADO DO RIO DE JANEIRO) - 2025
Latitude 21° 48'.5 S Longitude 40° 58'.9 W Fuso UTC -03.0 horas
UMISAN 43 Componentes Nível Médio 0,83 m Carta 1405
Maio
HORA ALT(m) HORA ALT(m)
01
QUI
0408 1,36
1132 0,22
1723 1,29
2342 0,73
17
SÁB
0440 1,22
1123 0,29
1742 1,18
2351 0,63
02
SEX
0453 1,26
1223 0,34
1812 1,14
18
DOM
0519 1,16
1217 0,37
1831 1,11
03
SÁB
0029 0,83
0542 1,14
1340 0,44
2004 1,01
2202 1,03
19
SEG
0121 0,69
0623 1,12
1353 0,42
2127 1,07
04
DOM
0223 0,88
0701 1,05
1534 0,48
2308 1,06
20
TER
0255 0,69
0755 1,12
1529 0,40
2236 1,15
05
SEG
0457 0,80
0840 1,03
1651 0,46
2357 1,09
21
QUA
0410 0,64
0949 1,19
1638 0,34
2325 1,23
06
TER
0547 0,68
1023 1,09
1753 0,40
22
QUI
0510 0,54
1108 1,30
1742 0,27
07
QUA
0021 1,14
0614 0,57
1136 1,18
1842 0,33
23
SEX
0010 1,32
0602 0,42
1206 1,42
1842 0,21
08
QUI
0034 1,20
0632 0,45
1223 1,27
1914 0,26
24
SÁB
0055 1,38
0653 0,30
1301 1,53
1934 0,18
09
SEX
0049 1,28
0657 0,35
1253 1,34
1936 0,22
25
DOM
0134 1,42
0740 0,19
1347 1,59
2021 0,20
10
SÁB
0119 1,34
0729 0,26
1329 1,38
2002 0,20
26
SEG
0204 1,44
0829 0,10
1434 1,61
2104 0,28
11
DOM
0146 1,38
0801 0,19
1404 1,40
2029 0,21
27
TER
0227 1,44
0919 0,05
1525 1,58
2146 0,38
12
SEG
0214 1,39
0831 0,15
1436 1,39
2055 0,26
28
QUA
0253 1,43
1002 0,04
1616 1,51
2227 0,50
13
TER
0240 1,38
0906 0,14
1510 1,37
2119 0,32
29
QUI
0321 1,41
1044 0,07
1644 1,41
2257 0,60
14
QUA
0306 1,36
0934 0,14
1544 1,34
2149 0,39
30
SEX
0404 1,37
1127 0,15
1725 1,30
2332 0,67
15
QUI
0332 1,32
1008 0,17
1617 1,30
2219 0,47
31
SÁB
0451 1,31
1214 0,25
1806 1,19
16
SEX
0404 1,27
1044 0,22
1701 1,24
2302 0,55
Junho
HORA ALT(m) HORA ALT(m)
01
DOM
0016 0,70
0542 1,24
1308 0,35
1853 1,09
17
TER
0057 0,59
0614 1,28
1338 0,34
1929 1,12
02
SEG
0106 0,70
0651 1,18
1416 0,42
1955 1,03
18
QUA
0206 0,62
0717 1,25
1451 0,38
2149 1,12
03
TER
0208 0,69
0801 1,15
1519 0,45
2127 1,02
19
QUI
0319 0,62
0834 1,24
1559 0,41
2251 1,15
04
QUA
0323 0,64
0904 1,13
1616 0,45
2234 1,07
20
SEX
0434 0,57
1031 1,25
1706 0,43
2344 1,20
05
QUI
0438 0,56
1016 1,13
1714 0,43
2323 1,13
21
SÁB
0538 0,47
1153 1,31
1819 0,43
06
SEX
0534 0,47
1132 1,15
1814 0,40
22
DOM
0029 1,24
0634 0,35
1301 1,40
1923 0,42
07
SÁB
0004 1,19
0619 0,38
1236 1,20
1901 0,37
23
SEG
0112 1,28
0729 0,23
1359 1,48
2014 0,42
08
DOM
0040 1,24
0702 0,30
1323 1,25
1942 0,35
24
TER
0140 1,32
0823 0,13
1449 1,52
2101 0,43
09
SEG
0119 1,27
0740 0,23
1401 1,29
2021 0,36
25
QUA
0214 1,36
0914 0,05
1538 1,53
2140 0,46
10
TER
0151 1,29
0821 0,19
1436 1,33
2047 0,37
26
QUI
0240 1,40
0957 0,02
1621 1,48
2216 0,50
11
QUA
0223 1,30
0857 0,16
1514 1,35
2119 0,40
27
SEX
0316 1,44
1036 0,03
1636 1,42
2234 0,52
12
QUI
0255 1,31
0934 0,14
1547 1,35
2147 0,43
28
SÁB
0401 1,45
1112 0,08
1706 1,34
2306 0,52
13
SEX
0327 1,32
1014 0,14
1627 1,34
2227 0,46
29
DOM
0442 1,43
1144 0,16
1734 1,26
2340 0,52
14
SÁB
0402 1,33
1049 0,17
1706 1,31
2312 0,50
30
SEG
0525 1,38
1221 0,25
1812 1,19
15
DOM
0442 1,32
1132 0,22
1744 1,25
2355 0,55
16
SEG
0521 1,30
1227 0,28
1825 1,19
Julho
HORA ALT(m) HORA ALT(m)
01
TER
0023 0,52
0614 1,31
1308 0,34
1859 1,13
17
QUI
0127 0,55
0638 1,32
1406 0,46
1906 1,10
02
QUA
0112 0,53
0708 1,22
1402 0,42
1951 1,07
18
SEX
0234 0,59
0740 1,22
1527 0,57
2059 1,03
2208 1,04
03
QUI
0208 0,54
0806 1,13
1502 0,49
2101 1,04
19
SÁB
0401 0,59
1016 1,14
1653 0,64
2321 1,07
04
SEX
0321 0,54
0908 1,06
1604 0,53
2217 1,05
20
DOM
0525 0,51
1217 1,21
1825 0,64
05
SÁB
0442 0,50
1114 1,02
1717 0,54
2325 1,09
21
SEG
0021 1,12
0634 0,38
1325 1,34
1936 0,58
06
DOM
0549 0,43
1249 1,10
1842 0,52
22
TER
0117 1,19
0734 0,25
1416 1,44
2021 0,52
07
SEG
0019 1,12
0642 0,35
1334 1,19
1942 0,47
23
QUA
0147 1,27
0827 0,13
1457 1,50
2059 0,47
08
TER
0106 1,17
0732 0,27
1410 1,28
2023 0,42
24
QUI
0219 1,35
0912 0,04
1532 1,51
2129 0,44
09
QUA
0144 1,22
0819 0,19
1442 1,35
2053 0,39
25
SEX
0234 1,45
0947 -0,01
1546 1,48
2142 0,41
10
QUI
0221 1,29
0859 0,12
1514 1,41
2123 0,37
26
SÁB
0310 1,52
1019 -0,01
1606 1,44
2204 0,38
11
SEX
0253 1,36
0940 0,07
1546 1,44
2149 0,36
27
DOM
0347 1,56
1040 0,03
1627 1,40
2227 0,35
12
SÁB
0327 1,43
1019 0,05
1621 1,43
2227 0,36
28
SEG
0421 1,55
1110 0,09
1701 1,35
2304 0,34
13
DOM
0401 1,48
1053 0,06
1655 1,40
2302 0,39
29
TER
0501 1,48
1142 0,18
1731 1,29
2344 0,36
14
SEG
0434 1,49
1134 0,11
1729 1,34
2342 0,43
30
QUA
0538 1,37
1212 0,29
1804 1,22
15
TER
0510 1,47
1216 0,20
1757 1,26
31
QUI
0025 0,40
0616 1,24
1253 0,42
1844 1,14
16
QUA
0032 0,49
0553 1,41
1253 0,33
1823 1,19
Agosto
HORA ALT(m) HORA ALT(m)
01
SEX
0112 0,46
0704 1,11
1342 0,54
1923 1,05
17
DOM
0347 0,60
1123 1,08
1716 0,81
2332 0,98
02
SÁB
0216 0,52
0804 0,99
1506 0,64
2042 0,97
18
SEG
0534 0,51
1257 1,22
1855 0,72
03
DOM
0346 0,54
1149 0,94
1651 0,67
2306 0,96
19
TER
0038 1,07
0646 0,37
1340 1,35
1946 0,61
04
SEG
0523 0,49
1255 1,07
1844 0,61
20
QUA
0125 1,18
0738 0,23
1412 1,44
2017 0,51
05
TER
0012 1,03
0632 0,39
1331 1,20
1936 0,51
21
QUI
0155 1,29
0821 0,11
1444 1,48
2047 0,43
06
QUA
0059 1,12
0723 0,27
1401 1,32
2008 0,42
22
SEX
0216 1,40
0857 0,03
1459 1,49
2059 0,37
07
QUI
0138 1,24
0804 0,15
1427 1,42
2038 0,34
23
SÁB
0223 1,52
0929 -0,01
1512 1,48
2112 0,30
08
SEX
0210 1,37
0846 0,04
1455 1,49
2102 0,28
24
DOM
0253 1,60
0942 -0,02
1525 1,48
2127 0,24
09
SÁB
0244 1,49
0927 -0,04
1525 1,53
2132 0,25
25
SEG
0323 1,63
1008 0,01
1553 1,46
2157 0,20
10
DOM
0316 1,60
1002 -0,07
1559 1,52
2204 0,24
26
TER
0359 1,59
1031 0,07
1619 1,42
2225 0,21
11
SEG
0347 1,66
1040 -0,04
1631 1,48
2240 0,27
27
QUA
0427 1,50
1101 0,16
1651 1,37
2302 0,24
12
TER
0417 1,65
1116 0,05
1655 1,41
2321 0,33
28
QUI
0501 1,38
1125 0,29
1716 1,29
2342 0,31
13
QUA
0451 1,58
1144 0,20
1716 1,33
2355 0,40
29
SEX
0531 1,24
1153 0,43
1746 1,19
14
QUI
0525 1,46
1219 0,39
1744 1,24
30
SÁB
0023 0,40
0608 1,09
1217 0,58
1810 1,07
15
SEX
0044 0,49
0608 1,31
1249 0,60
1812 1,14
31
DOM
0114 0,49
0704 0,96
1321 0,73
1855 0,95
16
SÁB
0147 0,57
0710 1,14
1508 0,77
1901 1,03
DG6-62 Original
124
PORTO DO AÇU (ESTADO DO RIO DE JANEIRO) - 2025
Latitude 21° 48'.5 S Longitude 40° 58'.9 W Fuso UTC -03.0 horas
UMISAN 43 Componentes Nível Médio 0,83 m Carta 1405
Setembro
HORA ALT(m) HORA ALT(m)
01
SEG
0244 0,56
1146 0,93
1647 0,75
2302 0,88
17
QUA
0031 1,09
0642 0,33
1323 1,35
1927 0,58
02
TER
0501 0,53
1238 1,09
1827 0,64
18
QUI
0108 1,21
0725 0,20
1355 1,40
1959 0,47
03
QUA
0001 1,00
0612 0,40
1306 1,23
1906 0,51
19
SEX
0136 1,33
0802 0,11
1412 1,43
2017 0,38
04
QUI
0038 1,14
0659 0,25
1334 1,36
1940 0,40
20
SÁB
0136 1,44
0836 0,05
1423 1,45
2027 0,29
05
SEX
0112 1,31
0740 0,09
1401 1,48
2004 0,29
21
DOM
0159 1,54
0849 0,02
1429 1,48
2034 0,21
06
SÁB
0147 1,48
0819 -0,03
1427 1,56
2034 0,21
22
SEG
0227 1,60
0910 0,02
1451 1,50
2059 0,14
07
DOM
0219 1,63
0901 -0,12
1459 1,59
2104 0,15
23
TER
0302 1,61
0929 0,05
1514 1,49
2125 0,11
08
SEG
0253 1,74
0940 -0,13
1529 1,58
2140 0,13
24
QUA
0331 1,55
0957 0,12
1544 1,45
2159 0,12
09
TER
0325 1,77
1017 -0,06
1555 1,53
2217 0,16
25
QUI
0401 1,46
1019 0,22
1608 1,39
2225 0,18
10
QUA
0359 1,72
1049 0,09
1617 1,45
2251 0,23
26
SEX
0427 1,35
1047 0,34
1634 1,31
2302 0,26
11
QUI
0429 1,61
1121 0,30
1638 1,37
2334 0,32
27
SÁB
0459 1,22
1108 0,47
1701 1,21
2344 0,36
12
SEX
0508 1,44
1142 0,52
1706 1,27
28
DOM
0534 1,09
1142 0,61
1725 1,09
13
SÁB
0027 0,43
0553 1,24
1210 0,74
1744 1,15
29
SEG
0029 0,46
0623 0,97
1219 0,76
1804 0,96
14
DOM
0134 0,54
0704 1,04
0816 1,03
1551 0,90
1819 1,01
2202 0,88
30
TER
0149 0,55
1102 0,95
1616 0,77
2053 0,85
2234 0,87
15
SEG
0359 0,58
1204 1,13
1751 0,84
2059 0,88
2340 0,97
16
TER
0542 0,47
1257 1,26
1853 0,71
Outubro
HORA ALT(m) HORA ALT(m)
01
QUA
0417 0,53
1159 1,09
1736 0,66
2319 1,02
17
SEX
0038 1,22
0701 0,24
1319 1,31
1923 0,46
02
QUI
0536 0,39
1231 1,23
1817 0,53
18
SÁB
0047 1,32
0736 0,17
1334 1,36
1940 0,36
03
SEX
0001 1,20
0625 0,22
1301 1,37
1855 0,40
19
DOM
0110 1,41
0755 0,13
1338 1,41
1947 0,26
04
SÁB
0040 1,39
0706 0,07
1327 1,49
1929 0,28
20
SEG
0132 1,48
0817 0,11
1355 1,46
2010 0,17
05
DOM
0116 1,56
0751 -0,05
1359 1,57
2002 0,17
21
TER
0208 1,52
0832 0,11
1417 1,48
2034 0,10
06
SEG
0155 1,70
0832 -0,10
1429 1,60
2040 0,09
22
QUA
0242 1,51
0901 0,15
1446 1,47
2104 0,08
07
TER
0231 1,78
0914 -0,07
1457 1,59
2116 0,06
23
QUI
0312 1,46
0925 0,22
1510 1,43
2131 0,10
08
QUA
0308 1,78
0953 0,04
1519 1,54
2153 0,08
24
SEX
0342 1,39
0955 0,31
1536 1,37
2202 0,15
09
QUI
0344 1,70
1031 0,21
1542 1,47
2236 0,14
25
SÁB
0408 1,31
1017 0,41
1602 1,29
2234 0,23
10
SEX
0417 1,56
1101 0,43
1608 1,38
2325 0,25
26
DOM
0442 1,21
1051 0,51
1632 1,20
2314 0,32
11
SÁB
0501 1,37
1125 0,65
1646 1,27
27
SEG
0516 1,12
1119 0,62
1708 1,11
12
DOM
0023 0,37
0549 1,17
1201 0,84
1719 1,15
28
TER
0006 0,42
0608 1,02
1210 0,73
1801 1,02
13
SEG
0140 0,49
1001 1,07
1553 0,91
1812 1,02
2157 0,90
29
QUA
0129 0,49
0946 0,98
1523 0,75
1914 0,96
14
TER
0353 0,52
1140 1,14
1714 0,82
2051 0,93
2310 1,00
30
QUI
0327 0,49
1057 1,08
1629 0,67
2232 1,07
15
QUA
0519 0,44
1223 1,21
1810 0,69
31
SEX
0453 0,38
1147 1,20
1721 0,56
2317 1,24
16
QUI
0002 1,12
0617 0,33
1259 1,27
1855 0,57
Novembro
HORA ALT(m) HORA ALT(m)
01
SÁB
0549 0,24
1221 1,33
1808 0,43
17
SEG
0034 1,31
0721 0,27
1304 1,33
1925 0,27
02
DOM
0002 1,41
0636 0,12
1259 1,44
1853 0,30
18
TER
0119 1,36
0740 0,25
1327 1,38
1951 0,18
03
SEG
0047 1,56
0719 0,04
1331 1,51
1936 0,17
19
QUA
0157 1,38
0816 0,25
1357 1,40
2021 0,12
04
TER
0132 1,67
0806 0,03
1401 1,54
2017 0,07
20
QUI
0234 1,39
0842 0,28
1421 1,40
2051 0,10
05
QUA
0217 1,72
0853 0,08
1427 1,54
2059 0,02
21
SEX
0308 1,38
0914 0,33
1451 1,37
2119 0,11
06
QUI
0301 1,71
0936 0,20
1449 1,51
2142 0,02
22
SÁB
0338 1,35
0942 0,38
1516 1,33
2151 0,15
07
SEX
0340 1,63
1019 0,36
1516 1,46
2229 0,08
23
DOM
0406 1,30
1012 0,44
1551 1,28
2223 0,20
08
SÁB
0419 1,50
1051 0,53
1555 1,38
2321 0,18
24
SEG
0438 1,25
1044 0,51
1625 1,23
2310 0,27
09
DOM
0502 1,34
1125 0,69
1632 1,29
25
TER
0514 1,18
1117 0,57
1706 1,19
10
SEG
0023 0,29
0549 1,18
1204 0,81
1717 1,19
26
QUA
0004 0,34
0602 1,11
1212 0,65
1759 1,15
11
TER
0134 0,40
0912 1,08
1459 0,85
1819 1,10
27
QUI
0114 0,40
0734 1,05
1414 0,69
1859 1,12
12
QUA
0308 0,47
1046 1,07
1610 0,80
1951 1,04
2116 1,02
28
SEX
0236 0,42
0946 1,07
1531 0,66
2051 1,13
13
QUI
0442 0,46
1144 1,10
1710 0,71
2306 1,10
29
SÁB
0359 0,40
1053 1,14
1629 0,58
2234 1,24
14
SEX
0542 0,40
1214 1,14
1757 0,60
2338 1,17
30
DOM
0508 0,33
1147 1,23
1727 0,48
2331 1,36
15
SÁB
0625 0,35
1242 1,19
1832 0,49
2355 1,24
16
DOM
0653 0,30
1247 1,26
1853 0,38
Dezembro
HORA ALT(m) HORA ALT(m)
01
SEG
0604 0,27
1229 1,32
1823 0,35
17
QUA
0125 1,23
0732 0,40
1314 1,27
1946 0,22
02
TER
0029 1,47
0701 0,23
1306 1,39
1916 0,21
18
QUI
0210 1,29
0816 0,38
1346 1,30
2023 0,15
03
QUA
0127 1,56
0751 0,24
1340 1,44
2004 0,09
19
SEX
0247 1,34
0849 0,37
1416 1,32
2053 0,11
04
QUI
0225 1,62
0842 0,28
1408 1,46
2051 0,01
20
SÁB
0317 1,37
0927 0,37
1446 1,33
2127 0,10
05
SEX
0316 1,63
0931 0,35
1431 1,46
2138 -0,01
21
DOM
0344 1,38
0949 0,38
1516 1,34
2157 0,11
06
SÁB
0353 1,59
1016 0,43
1506 1,45
2227 0,02
22
SEG
0410 1,37
1021 0,40
1551 1,35
2232 0,13
07
DOM
0431 1,49
1047 0,53
1547 1,42
2319 0,09
23
TER
0438 1,33
1046 0,43
1627 1,36
2316 0,18
08
SEG
0506 1,36
1119 0,61
1631 1,38
24
QUA
0510 1,28
1119 0,47
1706 1,35
2355 0,23
09
TER
0010 0,20
0532 1,24
1142 0,66
1717 1,32
25
QUI
0546 1,22
1153 0,53
1746 1,33
10
QUA
0049 0,30
0619 1,13
1221 0,70
1810 1,26
26
SEX
0044 0,30
0629 1,15
1249 0,59
1827 1,29
11
QUI
0140 0,40
0716 1,05
1327 0,71
1906 1,18
27
SÁB
0142 0,38
0734 1,09
1432 0,62
1921 1,23
12
SEX
0238 0,48
0816 1,01
1506 0,68
2017 1,11
28
DOM
0255 0,46
0946 1,07
1546 0,60
2134 1,19
13
SÁB
0412 0,52
0929 1,02
1610 0,61
2149 1,09
29
SEG
0431 0,50
1106 1,11
1655 0,53
2312 1,24
14
DOM
0521 0,50
1129 1,07
1714 0,52
2323 1,11
30
TER
0551 0,49
1210 1,18
1804 0,41
15
SEG
0610 0,47
1201 1,14
1817 0,42
31
QUA
0036 1,35
0655 0,46
1301 1,26
1910 0,26
16
TER
0031 1,16
0647 0,43
1238 1,22
1908 0,31
DG6-62 Original
