125
TERMINAL MARÍTIMO DE IMBETIBA (ESTADO DO RIO DE JANEIRO) - 2025
Latitude 22° 25'.4 S Longitude 41° 26'.1 W Fuso UTC -03.0 horas
IBGE 74 Componentes Nível Médio 0.72 m Carta 1507
Janeiro
HORA ALT(m) HORA ALT(m)
01
QUA
0414 1.25
1019 0.38
1559 1.19
2240 -0.01
17
SEX
0512 1.13
1121 0.41
1659 1.19
2357 0.15
02
QUI
0457 1.22
1101 0.40
1640 1.19
2319 0.01
18
SÁB
0542 1.08
1157 0.42
1734 1.14
03
SEX
0534 1.17
1140 0.43
1717 1.17
19
DOM
0027 0.26
0606 1.03
1227 0.45
1806 1.07
04
SÁB
0004 0.06
0610 1.10
1217 0.47
1802 1.14
20
SEG
0101 0.36
0642 0.97
1304 0.48
1851 0.99
05
DOM
0055 0.15
0655 1.01
1304 0.50
1857 1.08
21
TER
0144 0.46
0714 0.91
1355 0.51
1942 0.91
06
SEG
0147 0.26
0740 0.92
1359 0.52
1959 1.03
22
QUA
0240 0.55
0804 0.85
1502 0.52
2127 0.85
07
TER
0253 0.38
0844 0.84
1506 0.52
2131 0.99
23
QUI
0412 0.60
0955 0.82
1636 0.48
2359 0.90
08
QUA
0414 0.45
1038 0.82
1629 0.47
2310 1.02
24
SEX
0534 0.59
1129 0.86
1751 0.39
09
QUI
0532 0.48
1140 0.85
1744 0.37
25
SÁB
0057 0.99
0640 0.54
1221 0.94
1844 0.28
10
SEX
0031 1.08
0642 0.48
1223 0.90
1846 0.25
26
DOM
0136 1.09
0727 0.48
1306 1.02
1931 0.16
11
SÁB
0131 1.15
0740 0.46
1308 0.98
1942 0.14
27
SEG
0210 1.18
0806 0.41
1349 1.11
2014 0.04
12
DOM
0223 1.21
0825 0.44
1353 1.05
2032 0.05
28
TER
0249 1.26
0847 0.35
1425 1.20
2057 -0.06
13
SEG
0304 1.24
0906 0.42
1432 1.13
2117 -0.01
29
QUA
0319 1.30
0921 0.30
1502 1.27
2140 -0.12
14
TER
0344 1.24
0947 0.40
1510 1.18
2202 -0.02
30
QUI
0357 1.31
1001 0.27
1544 1.32
2217 -0.14
15
QUA
0414 1.22
1017 0.39
1551 1.21
2246 0.00
31
SEX
0429 1.28
1036 0.27
1617 1.33
2301 -0.10
16
QUI
0447 1.18
1055 0.39
1625 1.21
2317 0.07
Fevereiro
HORA ALT(m) HORA ALT(m)
01
SÁB
0501 1.21
1108 0.29
1657 1.31
2344 0.01
17
SEG
0516 1.08
1142 0.32
1723 1.13
02
DOM
0532 1.11
1151 0.32
1734 1.24
18
TER
0004 0.35
0544 1.01
1210 0.37
1755 1.03
03
SEG
0023 0.15
0601 1.00
1227 0.37
1812 1.14
19
QUA
0042 0.47
0604 0.94
1253 0.42
1832 0.92
04
TER
0112 0.32
0625 0.90
1310 0.42
1901 1.02
20
QUI
0129 0.59
0627 0.86
1355 0.47
1942 0.81
05
QUA
0217 0.49
0651 0.82
1421 0.46
2106 0.91
21
SEX
0314 0.67
0712 0.79
1536 0.48
06
QUI
0355 0.60
0725 0.75
1601 0.44
2340 0.94
22
SÁB
0002 0.88
0502 0.65
1102 0.80
1714 0.39
07
SEX
0517 0.62
1104 0.77
1725 0.36
23
DOM
0046 1.00
0616 0.57
1202 0.91
1817 0.26
08
SÁB
0059 1.03
0640 0.58
1208 0.86
1836 0.24
24
SEG
0116 1.11
0704 0.47
1247 1.03
1906 0.11
09
DOM
0142 1.11
0732 0.51
1259 0.98
1932 0.12
25
TER
0151 1.22
0744 0.37
1325 1.15
1953 -0.04
10
SEG
0214 1.17
0810 0.44
1342 1.09
2017 0.02
26
QUA
0221 1.30
0817 0.28
1402 1.28
2034 -0.14
11
TER
0247 1.21
0847 0.37
1417 1.19
2101 -0.03
27
QUI
0255 1.35
0857 0.20
1444 1.37
2112 -0.20
12
QUA
0312 1.23
0916 0.32
1455 1.26
2138 -0.05
28
SEX
0323 1.34
0931 0.16
1517 1.43
2157 -0.19
13
QUI
0342 1.23
0949 0.28
1527 1.29
2206 -0.02
14
SEX
0402 1.22
1012 0.26
1557 1.30
2244 0.04
15
SÁB
0425 1.19
1044 0.26
1627 1.27
2306 0.13
16
DOM
0453 1.14
1108 0.28
1657 1.21
2340 0.23
Março
HORA ALT(m) HORA ALT(m)
01
SÁB
0357 1.29
1004 0.14
1557 1.44
2238 -0.10
17
SEG
0408 1.20
1036 0.21
1623 1.26
2259 0.28
02
DOM
0423 1.20
1046 0.16
1631 1.39
2314 0.05
18
TER
0434 1.14
1102 0.25
1653 1.18
2325 0.41
03
SEG
0451 1.10
1117 0.20
1702 1.29
19
QUA
0455 1.07
1138 0.31
1719 1.07
2359 0.53
04
TER
0001 0.24
0508 1.01
1159 0.27
1738 1.15
20
QUI
0516 1.00
1212 0.38
1759 0.96
05
QUA
0049 0.45
0523 0.93
1246 0.35
1814 0.99
21
SEX
0046 0.65
0544 0.92
1310 0.45
1902 0.84
06
QUI
0159 0.63
0547 0.86
1401 0.43
2210 0.86
22
SÁB
0238 0.73
0621 0.83
1455 0.48
2344 0.93
07
SEX
0347 0.72
0612 0.80
1553 0.43
23
DOM
0442 0.70
1027 0.82
1640 0.41
08
SÁB
0038 0.94
0516 0.70
1053 0.77
1716 0.35
24
SEG
0017 1.05
0551 0.60
1132 0.94
1751 0.27
09
DOM
0102 1.02
0632 0.61
1157 0.89
1825 0.24
25
TER
0053 1.17
0636 0.49
1217 1.08
1844 0.12
10
SEG
0123 1.10
0712 0.51
1246 1.03
1916 0.13
26
QUA
0121 1.27
0710 0.37
1301 1.23
1927 -0.02
11
TER
0151 1.16
0749 0.41
1325 1.15
1959 0.05
27
QUI
0155 1.34
0751 0.27
1342 1.36
2008 -0.11
12
QUA
0212 1.22
0816 0.32
1401 1.25
2034 0.00
28
SEX
0223 1.37
0825 0.18
1417 1.47
2053 -0.14
13
QUI
0240 1.25
0847 0.25
1432 1.31
2104 -0.01
29
SÁB
0257 1.35
0902 0.12
1459 1.52
2134 -0.08
14
SEX
0301 1.27
0910 0.20
1501 1.35
2136 0.02
30
DOM
0321 1.29
0946 0.09
1538 1.51
2212 0.04
15
SÁB
0319 1.27
0942 0.18
1529 1.35
2202 0.08
31
SEG
0351 1.21
1019 0.11
1612 1.44
2259 0.22
16
DOM
0346 1.25
1006 0.18
1557 1.32
2232 0.17
Abril
HORA ALT(m) HORA ALT(m)
01
TER
0408 1.13
1101 0.16
1649 1.31
2342 0.43
17
QUI
0427 1.14
1116 0.33
1708 1.13
2340 0.65
02
QUA
0425 1.06
1147 0.25
1721 1.14
18
SEX
0455 1.07
1201 0.39
1753 1.03
03
QUI
0031 0.63
0444 1.00
1242 0.35
1753 0.97
19
SÁB
0034 0.74
0532 1.00
1301 0.46
1925 0.95
04
SEX
0155 0.77
0508 0.95
1406 0.43
20
DOM
0210 0.80
0647 0.93
1421 0.48
2301 1.03
05
SÁB
0004 0.92
0334 0.81
0559 0.87
1542 0.45
21
SEG
0402 0.76
0927 0.94
1555 0.44
2346 1.14
06
DOM
0031 0.99
0501 0.75
1019 0.87
1702 0.39
22
TER
0510 0.67
1051 1.04
1714 0.35
07
SEG
0032 1.05
0601 0.65
1131 0.98
1804 0.31
23
QUA
0017 1.23
0557 0.57
1146 1.17
1810 0.23
08
TER
0053 1.12
0644 0.54
1221 1.10
1855 0.23
24
QUI
0053 1.30
0638 0.45
1232 1.31
1902 0.13
09
QUA
0114 1.19
0714 0.43
1302 1.21
1932 0.18
25
SEX
0121 1.34
0716 0.34
1314 1.44
1949 0.07
10
QUI
0140 1.25
0747 0.34
1340 1.29
2004 0.15
26
SÁB
0155 1.35
0801 0.24
1401 1.53
2029 0.08
11
SEX
0201 1.29
0814 0.27
1406 1.35
2038 0.15
27
DOM
0221 1.33
0844 0.17
1446 1.56
2110 0.16
12
SÁB
0221 1.31
0846 0.23
1438 1.38
2102 0.18
28
SEG
0255 1.29
0921 0.14
1523 1.53
2159 0.29
13
DOM
0246 1.32
0910 0.20
1504 1.39
2134 0.24
29
TER
0317 1.24
1004 0.14
1606 1.45
2244 0.46
14
SEG
0308 1.30
0942 0.20
1536 1.36
2202 0.32
30
QUA
0342 1.19
1055 0.19
1651 1.31
2329 0.63
15
TER
0336 1.26
1008 0.22
1602 1.31
2231 0.43
16
QUA
0401 1.21
1044 0.27
1636 1.23
2302 0.54
DG6-62 Original
126
TERMINAL MARÍTIMO DE IMBETIBA (ESTADO DO RIO DE JANEIRO) - 2025
Latitude 22° 25'.4 S Longitude 41° 26'.1 W Fuso UTC -03.0 horas
IBGE 74 Componentes Nível Médio 0.72 m Carta 1507
Maio
HORA ALT(m) HORA ALT(m)
01
QUI
0401 1.14
1149 0.28
1738 1.16
17
SÁB
0459 1.17
1201 0.39
1806 1.15
02
SEX
0027 0.77
0425 1.10
1251 0.37
1914 1.03
18
DOM
0031 0.79
0555 1.11
1255 0.44
1929 1.10
03
SÁB
0146 0.85
0506 1.05
1402 0.45
2144 1.00
19
SEG
0140 0.81
0708 1.08
1359 0.47
2147 1.12
04
DOM
0301 0.86
0621 0.98
1512 0.49
2314 1.04
20
TER
0259 0.80
0829 1.09
1506 0.47
2255 1.17
05
SEG
0410 0.80
0936 1.00
1627 0.49
2342 1.09
21
QUA
0406 0.74
0955 1.14
1627 0.44
2342 1.22
06
TER
0510 0.71
1055 1.08
1732 0.46
22
QUI
0504 0.65
1104 1.24
1738 0.39
07
QUA
0006 1.15
0601 0.61
1153 1.16
1819 0.42
23
SEX
0014 1.26
0559 0.54
1204 1.34
1834 0.34
08
QUI
0036 1.21
0640 0.52
1238 1.24
1902 0.39
24
SÁB
0049 1.28
0647 0.43
1259 1.44
1923 0.32
09
SEX
0059 1.26
0710 0.44
1312 1.30
1938 0.37
25
DOM
0119 1.29
0732 0.33
1349 1.51
2008 0.35
10
SÁB
0123 1.30
0746 0.37
1349 1.35
2006 0.37
26
SEG
0155 1.29
0817 0.24
1436 1.53
2059 0.42
11
DOM
0147 1.33
0814 0.32
1417 1.38
2040 0.39
27
TER
0225 1.28
0906 0.19
1523 1.50
2146 0.52
12
SEG
0212 1.34
0849 0.29
1451 1.39
2108 0.44
28
QUA
0259 1.27
1001 0.18
1612 1.43
2231 0.63
13
TER
0244 1.33
0917 0.28
1521 1.38
2144 0.51
29
QUI
0331 1.25
1053 0.21
1702 1.33
2317 0.73
14
QUA
0310 1.30
0955 0.28
1559 1.34
2214 0.58
30
SEX
0406 1.23
1149 0.27
1757 1.22
15
QUI
0344 1.27
1031 0.31
1632 1.28
2255 0.66
31
SÁB
0010 0.80
0444 1.20
1244 0.36
1855 1.13
16
SEX
0416 1.22
1110 0.35
1714 1.22
2336 0.73
Junho
HORA ALT(m) HORA ALT(m)
01
DOM
0104 0.83
0546 1.16
1338 0.45
1955 1.07
17
TER
0102 0.73
0651 1.21
1329 0.41
1953 1.13
02
SEG
0202 0.83
0708 1.13
1434 0.53
2104 1.05
18
QUA
0159 0.74
0751 1.19
1427 0.47
2116 1.10
03
TER
0304 0.80
0817 1.11
1536 0.58
2216 1.07
19
QUI
0302 0.71
0901 1.18
1544 0.51
2238 1.10
04
QUA
0406 0.74
0942 1.11
1644 0.60
2304 1.11
20
SEX
0410 0.65
1027 1.21
1702 0.53
2331 1.12
05
QUI
0502 0.67
1104 1.14
1742 0.60
2342 1.16
21
SÁB
0516 0.56
1147 1.28
1808 0.52
06
SEX
0551 0.60
1204 1.19
1825 0.58
22
DOM
0010 1.14
0614 0.44
1251 1.35
1904 0.52
07
SÁB
0012 1.21
0631 0.52
1253 1.24
1904 0.56
23
SEG
0051 1.17
0708 0.33
1347 1.40
1959 0.53
08
DOM
0044 1.25
0708 0.45
1331 1.29
1944 0.55
24
TER
0129 1.21
0804 0.23
1442 1.43
2046 0.56
09
SEG
0116 1.28
0749 0.39
1408 1.33
2014 0.55
25
QUA
0206 1.25
0901 0.16
1529 1.42
2132 0.59
10
TER
0151 1.31
0827 0.33
1446 1.36
2053 0.57
26
QUI
0249 1.28
0953 0.13
1612 1.38
2214 0.62
11
QUA
0221 1.32
0904 0.29
1521 1.37
2129 0.59
27
SEX
0332 1.29
1044 0.15
1655 1.31
2259 0.65
12
QUI
0259 1.32
0946 0.27
1559 1.36
2204 0.62
28
SÁB
0416 1.29
1127 0.20
1729 1.24
2340 0.68
13
SEX
0336 1.31
1025 0.26
1638 1.34
2247 0.66
29
DOM
0457 1.27
1210 0.29
1801 1.17
14
SÁB
0417 1.29
1106 0.27
1716 1.29
2327 0.69
30
SEG
0016 0.69
0544 1.24
1257 0.39
1829 1.11
15
DOM
0502 1.27
1153 0.30
1802 1.25
16
SEG
0010 0.71
0555 1.24
1240 0.35
1853 1.19
Julho
HORA ALT(m) HORA ALT(m)
01
TER
0059 0.69
0627 1.19
1338 0.49
1902 1.07
17
QUI
0110 0.57
0702 1.17
1357 0.44
1931 0.98
02
QUA
0144 0.69
0712 1.13
1419 0.58
1951 1.04
18
SEX
0210 0.58
0810 1.09
1506 0.55
2049 0.91
03
QUI
0240 0.68
0806 1.07
1517 0.65
2057 1.02
19
SÁB
0332 0.55
1010 1.06
1642 0.60
2246 0.91
04
SEX
0346 0.65
0936 1.03
1638 0.68
2221 1.03
20
DOM
0453 0.47
1153 1.11
1759 0.60
2344 0.96
05
SÁB
0451 0.59
1138 1.06
1744 0.67
2325 1.07
21
SEG
0601 0.36
1302 1.19
1901 0.57
06
DOM
0549 0.52
1242 1.12
1836 0.64
22
TER
0029 1.04
0702 0.24
1359 1.26
1951 0.54
07
SEG
0010 1.12
0638 0.43
1323 1.19
1917 0.60
23
QUA
0116 1.12
0801 0.12
1444 1.30
2034 0.50
08
TER
0053 1.17
0725 0.34
1404 1.25
1959 0.57
24
QUI
0201 1.20
0853 0.04
1517 1.31
2112 0.47
09
QUA
0132 1.22
0808 0.25
1442 1.30
2036 0.53
25
SEX
0242 1.26
0938 0.00
1553 1.29
2153 0.45
10
QUI
0208 1.27
0853 0.17
1514 1.34
2112 0.51
26
SÁB
0321 1.30
1016 0.02
1617 1.24
2223 0.44
11
SEX
0247 1.31
0932 0.12
1551 1.36
2153 0.50
27
DOM
0359 1.31
1059 0.07
1647 1.20
2259 0.43
12
SÁB
0327 1.33
1010 0.09
1623 1.34
2227 0.49
28
SEG
0436 1.28
1132 0.17
1708 1.14
2329 0.44
13
DOM
0406 1.34
1055 0.09
1659 1.31
2304 0.50
29
TER
0506 1.23
1202 0.28
1734 1.09
14
SEG
0451 1.33
1134 0.14
1732 1.24
2347 0.52
30
QUA
0001 0.46
0542 1.15
1236 0.39
1802 1.04
15
TER
0531 1.29
1212 0.21
1806 1.16
31
QUI
0038 0.48
0617 1.07
1306 0.49
1834 0.97
16
QUA
0025 0.55
0612 1.24
1301 0.31
1847 1.07
Agosto
HORA ALT(m) HORA ALT(m)
01
SEX
0119 0.51
0702 0.97
1357 0.59
1916 0.90
17
DOM
0310 0.41
1059 0.87
1640 0.62
2217 0.72
02
SÁB
0231 0.53
0808 0.88
1523 0.66
2047 0.85
18
SEG
0446 0.34
1234 0.96
1806 0.57
2334 0.81
03
DOM
0359 0.50
1142 0.89
1702 0.65
2255 0.88
19
TER
0559 0.22
1321 1.05
1902 0.49
04
SEG
0514 0.42
1242 0.98
1812 0.60
2355 0.95
20
QUA
0025 0.93
0701 0.09
1357 1.12
1944 0.41
05
TER
0614 0.31
1317 1.07
1902 0.52
21
QUI
0110 1.05
0755 -0.02
1425 1.16
2016 0.33
06
QUA
0038 1.04
0706 0.19
1353 1.16
1942 0.44
22
SEX
0153 1.16
0838 -0.10
1455 1.18
2051 0.26
07
QUI
0117 1.13
0753 0.07
1423 1.23
2016 0.37
23
SÁB
0229 1.23
0912 -0.12
1516 1.18
2119 0.21
08
SEX
0157 1.22
0834 -0.03
1457 1.29
2055 0.30
24
DOM
0302 1.27
0953 -0.10
1542 1.17
2153 0.18
09
SÁB
0234 1.29
0910 -0.11
1525 1.31
2127 0.26
25
SEG
0336 1.27
1021 -0.04
1602 1.14
2219 0.18
10
DOM
0308 1.34
0953 -0.14
1559 1.29
2202 0.24
26
TER
0402 1.24
1053 0.05
1625 1.10
2251 0.19
11
SEG
0349 1.35
1031 -0.11
1627 1.24
2242 0.24
27
QUA
0434 1.17
1116 0.16
1651 1.04
2316 0.23
12
TER
0425 1.33
1108 -0.03
1657 1.15
2314 0.27
28
QUI
0502 1.09
1146 0.28
1712 0.97
2351 0.28
13
QUA
0502 1.27
1153 0.10
1723 1.05
2357 0.30
29
SEX
0536 0.98
1210 0.40
1738 0.89
14
QUI
0542 1.18
1234 0.26
1751 0.95
30
SÁB
0027 0.34
0612 0.86
1255 0.52
1801 0.81
15
SEX
0038 0.36
0623 1.05
1325 0.43
1810 0.85
31
DOM
0129 0.39
0708 0.75
1436 0.61
1831 0.72
16
SÁB
0136 0.41
0725 0.91
1453 0.57
1844 0.76
DG6-62 Original
127
TERMINAL MARÍTIMO DE IMBETIBA (ESTADO DO RIO DE JANEIRO) - 2025
Latitude 22° 25'.4 S Longitude 41° 26'.1 W Fuso UTC -03.0 horas
IBGE 74 Componentes Nível Médio 0.72 m Carta 1507
Setembro
HORA ALT(m) HORA ALT(m)
01
SEG
0317 0.40
1159 0.77
1649 0.59
2234 0.72
17
QUA
0559 0.11
1310 0.96
1853 0.39
02
TER
0455 0.32
1232 0.88
1804 0.50
2338 0.82
18
QUI
0017 0.89
0655 0.00
1334 1.02
1923 0.28
03
QUA
0559 0.19
1301 0.99
1849 0.40
19
SEX
0101 1.02
0740 -0.08
1359 1.06
1957 0.18
04
QUI
0021 0.94
0649 0.05
1329 1.09
1919 0.29
20
SÁB
0140 1.12
0814 -0.14
1419 1.10
2025 0.10
05
SEX
0102 1.06
0732 -0.08
1359 1.17
1957 0.19
21
DOM
0210 1.19
0853 -0.15
1446 1.12
2057 0.04
06
SÁB
0140 1.18
0810 -0.20
1429 1.22
2029 0.11
22
SEG
0244 1.22
0919 -0.11
1502 1.12
2123 0.02
07
DOM
0212 1.27
0853 -0.27
1459 1.24
2102 0.04
23
TER
0310 1.22
0953 -0.05
1527 1.10
2153 0.02
08
SEG
0253 1.33
0931 -0.27
1527 1.21
2142 0.02
24
QUA
0342 1.18
1017 0.04
1551 1.06
2217 0.05
09
TER
0329 1.34
1008 -0.21
1557 1.14
2212 0.02
25
QUI
0408 1.12
1047 0.15
1614 1.00
2249 0.10
10
QUA
0402 1.31
1053 -0.09
1621 1.05
2255 0.05
26
SEX
0440 1.03
1108 0.26
1640 0.93
2319 0.16
11
QUI
0444 1.21
1129 0.09
1646 0.95
2332 0.12
27
SÁB
0510 0.92
1140 0.39
1701 0.85
12
SEX
0516 1.08
1210 0.29
1702 0.85
28
DOM
0001 0.23
0551 0.80
1219 0.50
1721 0.76
13
SÁB
0014 0.20
0555 0.91
1310 0.48
1717 0.77
29
SEG
0059 0.30
0655 0.69
1410 0.59
1759 0.68
14
DOM
0125 0.28
0710 0.74
1501 0.60
1751 0.69
30
TER
0246 0.33
1136 0.75
1638 0.56
2202 0.66
15
SEG
0314 0.30
1219 0.80
1655 0.59
2001 0.60
2214 0.64
16
TER
0449 0.22
1251 0.89
1812 0.50
2327 0.76
Outubro
HORA ALT(m) HORA ALT(m)
01
QUA
0425 0.26
1204 0.85
1747 0.46
2310 0.77
17
SEX
0001 0.92
0634 0.06
1302 0.97
1901 0.24
02
QUI
0534 0.15
1234 0.96
1823 0.34
2359 0.90
18
SÁB
0047 1.02
0716 0.00
1325 1.02
1932 0.15
03
SEX
0625 0.01
1302 1.06
1857 0.23
19
DOM
0121 1.10
0757 -0.02
1351 1.06
2002 0.07
04
SÁB
0040 1.04
0708 -0.11
1332 1.13
1929 0.12
20
SEG
0157 1.16
0827 -0.02
1410 1.09
2032 0.03
05
DOM
0116 1.17
0753 -0.21
1402 1.17
2002 0.02
21
TER
0227 1.18
0859 0.01
1434 1.10
2101 0.01
06
SEG
0157 1.27
0831 -0.25
1432 1.17
2044 -0.05
22
QUA
0257 1.18
0927 0.07
1501 1.09
2131 0.01
07
TER
0236 1.33
0908 -0.23
1502 1.13
2116 -0.08
23
QUI
0325 1.15
0957 0.15
1525 1.06
2201 0.04
08
QUA
0312 1.33
0955 -0.14
1531 1.07
2159 -0.09
24
SEX
0359 1.10
1025 0.24
1555 1.01
2234 0.08
09
QUI
0355 1.27
1036 0.02
1557 0.99
2242 -0.04
25
SÁB
0431 1.02
1059 0.35
1621 0.94
2308 0.14
10
SEX
0434 1.16
1116 0.20
1616 0.90
2325 0.04
26
DOM
0508 0.93
1132 0.45
1653 0.87
2355 0.20
11
SÁB
0514 1.00
1206 0.40
1634 0.83
27
SEG
0559 0.83
1223 0.54
1727 0.80
12
DOM
0021 0.13
0612 0.83
1323 0.55
1701 0.77
28
TER
0053 0.26
0721 0.76
1353 0.59
1842 0.73
13
SEG
0149 0.21
1021 0.74
1502 0.61
1732 0.69
29
QUA
0208 0.29
1034 0.80
1546 0.57
2102 0.73
14
TER
0312 0.23
1214 0.81
1631 0.57
2159 0.69
30
QUI
0336 0.27
1123 0.88
1702 0.50
2225 0.82
15
QUA
0436 0.19
1225 0.86
1744 0.47
2306 0.80
31
SEX
0455 0.20
1201 0.97
1749 0.40
2321 0.93
16
QUI
0544 0.12
1242 0.91
1823 0.36
Novembro
HORA ALT(m) HORA ALT(m)
01
SÁB
0553 0.10
1231 1.03
1821 0.29
17
SEG
0104 1.08
0732 0.20
1316 1.04
1940 0.17
02
DOM
0010 1.06
0644 0.01
1302 1.09
1901 0.17
18
TER
0144 1.12
0804 0.20
1344 1.08
2010 0.12
03
SEG
0057 1.18
0727 -0.05
1336 1.11
1940 0.07
19
QUA
0216 1.15
0842 0.22
1408 1.09
2046 0.09
04
TER
0142 1.27
0810 -0.07
1406 1.11
2017 -0.02
20
QUI
0251 1.16
0910 0.26
1442 1.10
2116 0.08
05
QUA
0221 1.32
0857 -0.03
1440 1.08
2102 -0.07
21
SEX
0323 1.15
0947 0.31
1510 1.08
2153 0.08
06
QUI
0306 1.32
0942 0.07
1508 1.04
2151 -0.08
22
SÁB
0401 1.12
1017 0.37
1547 1.06
2229 0.10
07
SEX
0357 1.26
1025 0.21
1542 0.99
2240 -0.05
23
DOM
0438 1.07
1057 0.44
1619 1.02
2308 0.14
08
SÁB
0446 1.14
1112 0.36
1608 0.94
2334 0.02
24
SEG
0519 1.02
1134 0.50
1701 0.98
2355 0.18
09
DOM
0546 1.01
1210 0.50
1636 0.90
25
TER
0608 0.96
1219 0.55
1749 0.93
10
SEG
0036 0.10
0702 0.89
1316 0.59
1714 0.84
26
QUA
0042 0.23
0706 0.92
1312 0.58
1853 0.89
11
TER
0147 0.17
0847 0.82
1431 0.62
1931 0.80
27
QUI
0136 0.27
0825 0.89
1414 0.58
2002 0.88
12
QUA
0257 0.23
1042 0.82
1547 0.59
2108 0.82
28
SEX
0240 0.29
1012 0.90
1529 0.56
2119 0.91
13
QUI
0404 0.25
1129 0.85
1655 0.51
2227 0.87
29
SÁB
0355 0.29
1114 0.94
1642 0.49
2238 0.98
14
SEX
0508 0.25
1157 0.89
1747 0.41
2332 0.95
30
DOM
0510 0.26
1157 0.98
1742 0.39
2344 1.08
15
SÁB
0604 0.23
1221 0.94
1827 0.31
16
DOM
0023 1.02
0653 0.21
1251 1.00
1904 0.23
Dezembro
HORA ALT(m) HORA ALT(m)
01
SEG
0610 0.22
1231 1.01
1825 0.28
17
QUA
0138 1.09
0749 0.40
1317 1.05
1953 0.21
02
TER
0040 1.17
0704 0.19
1306 1.04
1912 0.16
18
QUI
0214 1.13
0823 0.39
1353 1.08
2029 0.15
03
QUA
0129 1.26
0757 0.19
1346 1.05
2002 0.05
19
SEX
0253 1.17
0901 0.39
1427 1.11
2106 0.10
04
QUI
0219 1.31
0846 0.22
1419 1.06
2055 -0.02
20
SÁB
0325 1.19
0936 0.40
1502 1.13
2146 0.08
05
SEX
0312 1.31
0932 0.29
1501 1.07
2146 -0.06
21
DOM
0401 1.19
1008 0.41
1542 1.14
2221 0.07
06
SÁB
0404 1.27
1017 0.36
1540 1.07
2238 -0.05
22
SEG
0436 1.17
1046 0.43
1617 1.14
2301 0.08
07
DOM
0501 1.19
1106 0.44
1621 1.06
2331 -0.01
23
TER
0512 1.14
1116 0.46
1659 1.13
2340 0.11
08
SEG
0553 1.10
1159 0.51
1704 1.04
24
QUA
0553 1.10
1159 0.48
1740 1.10
09
TER
0023 0.07
0640 1.00
1251 0.56
1755 1.01
25
QUI
0016 0.16
0627 1.05
1238 0.50
1823 1.06
10
QUA
0116 0.17
0723 0.92
1342 0.58
1857 0.97
26
SEX
0102 0.23
0708 0.99
1317 0.52
1914 1.02
11
QUI
0214 0.27
0814 0.86
1438 0.58
2002 0.94
27
SÁB
0157 0.30
0804 0.93
1414 0.53
2019 0.99
12
SEX
0316 0.36
0917 0.84
1544 0.55
2123 0.92
28
DOM
0302 0.37
0925 0.88
1529 0.52
2155 0.99
13
SÁB
0423 0.41
1038 0.86
1649 0.49
2251 0.93
29
SEG
0427 0.41
1104 0.88
1651 0.45
2323 1.05
14
DOM
0523 0.43
1131 0.90
1747 0.42
30
TER
0546 0.42
1159 0.91
1759 0.33
15
SEG
0001 0.98
0617 0.43
1206 0.95
1832 0.34
31
QUA
0036 1.14
0651 0.40
1244 0.96
1857 0.20
16
TER
0055 1.03
0704 0.42
1242 1.00
1910 0.27
DG6-62 Original
