128
PORTO DO RIO DE JANEIRO - ILHA FISCAL (ESTADO DO RIO DE JANEIRO) - 2025
Latitude 22° 53'.8 S Longitude 43° 10' W Fuso UTC -03.0 horas
CHM 55 Componentes Nível Médio 0.72 m Carta 1515
Janeiro
HORA ALT(m) HORA ALT(m)
01
QUA
0355 1.31
1038 0.43
1538 1.17
2242 0.05
17
SEX
0455 1.25
1112 0.51
1642 1.33
2353 0.23
02
QUI
0431 1.29
1121 0.46
1614 1.17
2329 0.08
18
SÁB
0523 1.20
1132 0.53
1716 1.29
03
SEX
0508 1.24
1206 0.50
1657 1.16
19
DOM
0031 0.33
0559 1.13
1129 0.56
1759 1.22
04
SÁB
0019 0.14
0549 1.16
1259 0.55
1738 1.13
20
SEG
0119 0.44
0631 1.05
1129 0.59
1838 1.12
05
DOM
0114 0.22
0627 1.07
1355 0.58
1821 1.08
21
TER
0229 0.54
0708 0.97
1151 0.63
1308 0.64
1446 0.63
1923 1.02
06
SEG
0214 0.31
0710 0.98
1459 0.58
1916 1.02
22
QUA
0351 0.61
0759 0.89
1602 0.61
2029 0.94
07
TER
0323 0.40
0802 0.90
1602 0.55
2034 0.97
23
QUI
0502 0.63
0859 0.84
1706 0.55
08
QUA
0442 0.47
0902 0.85
1706 0.49
2334 0.97
24
SEX
0104 0.93
0604 0.61
1036 0.84
1804 0.46
09
QUI
0553 0.50
1017 0.84
1810 0.39
25
SÁB
0127 1.03
0657 0.57
1232 0.91
1855 0.35
10
SEX
0117 1.06
0657 0.51
1147 0.88
1908 0.29
26
DOM
0146 1.14
0742 0.52
1312 1.01
1940 0.24
11
SÁB
0159 1.13
0753 0.51
1246 0.96
2002 0.19
27
SEG
0214 1.24
0821 0.46
1351 1.11
2021 0.14
12
DOM
0229 1.19
0840 0.50
1327 1.06
2051 0.11
28
TER
0244 1.32
0902 0.42
1425 1.20
2104 0.05
13
SEG
0251 1.23
0919 0.50
1408 1.15
2132 0.07
29
QUA
0316 1.38
0946 0.38
1501 1.27
2149 0.01
14
TER
0317 1.27
0957 0.50
1449 1.24
2210 0.06
30
QUI
0349 1.40
1023 0.37
1534 1.32
2234 0.00
15
QUA
0349 1.28
1025 0.50
1525 1.30
2249 0.08
31
SEX
0417 1.37
1102 0.39
1608 1.35
2317 0.05
16
QUI
0417 1.28
1051 0.50
1602 1.33
2323 0.14
Fevereiro
HORA ALT(m) HORA ALT(m)
01
SÁB
0449 1.31
1144 0.43
1646 1.35
17
SEG
0516 1.20
1049 0.46
1723 1.31
2340 0.49
02
DOM
0004 0.15
0516 1.23
1223 0.48
1719 1.31
18
TER
0547 1.11
1055 0.49
1801 1.21
2314 0.62
03
SEG
0057 0.28
0553 1.13
1308 0.54
1802 1.23
19
QUA
0612 1.02
1104 0.53
1842 1.09
2301 0.72
04
TER
0157 0.44
0621 1.03
1412 0.58
1851 1.12
20
QUI
0057 0.75
0259 0.72
0651 0.93
1114 0.60
1446 0.63
1932 0.97
2257 0.82
05
QUA
0304 0.58
0702 0.94
1053 0.63
1257 0.67
1534 0.59
1953 0.98
2251 0.88
21
SEX
0104 0.86
0423 0.74
0736 0.85
1121 0.68
1259 0.69
1623 0.58
06
QUI
0046 0.91
0429 0.68
0751 0.86
1110 0.66
1327 0.72
1657 0.54
22
SÁB
0117 0.97
0544 0.69
0902 0.80
1104 0.77
1246 0.79
1734 0.48
07
SEX
0140 1.03
0559 0.69
0901 0.80
1151 0.73
1347 0.77
1808 0.44
23
DOM
0132 1.08
0640 0.62
1255 0.91
1831 0.35
08
SÁB
0210 1.11
0704 0.66
1227 0.84
1910 0.32
24
SEG
0147 1.19
0721 0.53
1319 1.04
1917 0.22
09
DOM
0231 1.16
0755 0.61
1255 0.98
2001 0.21
25
TER
0206 1.29
0802 0.44
1349 1.17
2004 0.09
10
SEG
0234 1.21
0829 0.56
1331 1.13
2040 0.14
26
QUA
0232 1.37
0842 0.36
1417 1.28
2049 0.00
11
TER
0238 1.26
0901 0.51
1406 1.26
2114 0.09
27
QUI
0301 1.42
0919 0.31
1449 1.38
2132 -0.05
12
QUA
0259 1.31
0929 0.46
1442 1.36
2147 0.08
28
SEX
0325 1.41
1001 0.28
1519 1.45
2216 -0.03
13
QUI
0323 1.35
0951 0.42
1514 1.43
2216 0.11
14
SEX
0357 1.35
1012 0.40
1549 1.45
2244 0.16
15
SÁB
0421 1.33
1034 0.40
1617 1.44
2310 0.25
16
DOM
0453 1.27
1047 0.43
1653 1.39
2332 0.37
Março
HORA ALT(m) HORA ALT(m)
01
SÁB
0353 1.37
1038 0.28
1553 1.47
2301 0.05
17
SEG
0412 1.24
1021 0.31
1625 1.38
2244 0.39
02
DOM
0416 1.30
1116 0.31
1625 1.45
2351 0.20
18
TER
0440 1.17
1025 0.34
1659 1.30
2240 0.51
03
SEG
0446 1.21
1157 0.37
1702 1.38
19
QUA
0502 1.10
1031 0.38
1731 1.20
2225 0.61
04
TER
0044 0.38
0510 1.12
1240 0.45
1744 1.25
20
QUI
0529 1.02
1044 0.43
1808 1.09
2219 0.70
05
QUA
0146 0.57
0546 1.03
1010 0.51
1202 0.54
1347 0.52
1823 1.09
2201 0.81
21
SEX
0046 0.75
0210 0.73
0601 0.93
1104 0.50
1902 0.97
2214 0.80
06
QUI
0002 0.87
0301 0.72
0614 0.94
1017 0.53
1301 0.62
1516 0.55
1921 0.92
2153 0.83
22
SÁB
0046 0.85
0355 0.74
0646 0.83
1202 0.61
1540 0.51
07
SEX
0102 1.00
0432 0.79
0657 0.85
1049 0.59
1325 0.69
1653 0.50
23
DOM
0051 0.97
0510 0.68
0810 0.75
1027 0.73
1202 0.74
1659 0.42
08
SÁB
0147 1.08
0606 0.75
0808 0.78
1110 0.70
1340 0.76
1804 0.40
24
SEG
0101 1.08
0608 0.58
1231 0.89
1801 0.28
09
DOM
0208 1.12
0702 0.68
1244 0.85
1902 0.29
25
TER
0117 1.19
0655 0.47
1259 1.04
1853 0.15
10
SEG
0210 1.13
0734 0.59
1244 1.01
1946 0.20
26
QUA
0140 1.28
0731 0.36
1329 1.18
1940 0.02
11
TER
0155 1.17
0802 0.51
1314 1.17
2017 0.14
27
QUI
0202 1.33
0810 0.27
1359 1.31
2025 -0.06
12
QUA
0202 1.24
0829 0.43
1351 1.30
2049 0.10
28
SEX
0227 1.35
0851 0.20
1427 1.41
2108 -0.08
13
QUI
0225 1.30
0853 0.36
1421 1.40
2116 0.10
29
SÁB
0255 1.33
0931 0.16
1501 1.47
2157 -0.03
14
SEX
0255 1.34
0916 0.31
1457 1.45
2144 0.12
30
DOM
0316 1.28
1010 0.15
1532 1.48
2246 0.09
15
SÁB
0319 1.34
0940 0.29
1523 1.46
2210 0.19
31
SEG
0346 1.21
1057 0.18
1608 1.43
2334 0.27
16
DOM
0351 1.30
1002 0.29
1557 1.44
2232 0.28
Abril
HORA ALT(m) HORA ALT(m)
01
TER
0408 1.13
1140 0.24
1649 1.31
17
QUI
0429 1.04
1034 0.27
1712 1.15
2221 0.61
02
QUA
0029 0.47
0440 1.06
1231 0.32
1725 1.16
18
SEX
0459 0.98
1121 0.33
1759 1.05
2212 0.70
2353 0.71
03
QUI
0136 0.65
0508 0.98
0946 0.43
1125 0.45
1342 0.40
1810 0.99
2110 0.79
2359 0.91
19
SÁB
0149 0.68
0534 0.89
1316 0.39
1855 0.94
2204 0.79
2351 0.81
04
SEX
0257 0.76
0547 0.90
1004 0.47
1225 0.53
1504 0.44
1912 0.83
2112 0.77
20
DOM
0312 0.68
0621 0.80
1459 0.38
2359 0.92
05
SÁB
0053 1.00
0421 0.78
0634 0.83
1038 0.56
1257 0.62
1631 0.41
21
SEG
0431 0.61
0808 0.74
1616 0.31
06
DOM
0125 1.03
0542 0.71
0812 0.77
1121 0.69
1255 0.70
1744 0.33
22
TER
0016 1.03
0527 0.51
1142 0.85
1721 0.21
07
SEG
0144 1.02
0621 0.62
1101 0.85
1834 0.25
23
QUA
0038 1.12
0612 0.40
1221 1.00
1817 0.10
08
TER
0114 1.02
0657 0.51
1204 1.01
1912 0.19
24
QUI
0101 1.18
0655 0.29
1257 1.15
1910 0.01
09
QUA
0102 1.09
0721 0.41
1247 1.15
1947 0.15
25
SEX
0125 1.21
0734 0.20
1329 1.27
2001 -0.04
10
QUI
0119 1.17
0749 0.33
1323 1.26
2014 0.12
26
SÁB
0149 1.21
0816 0.12
1402 1.36
2049 -0.02
11
SEX
0149 1.22
0814 0.26
1359 1.33
2046 0.13
27
DOM
0214 1.19
0902 0.07
1440 1.40
2138 0.06
12
SÁB
0216 1.25
0842 0.21
1431 1.36
2112 0.16
28
SEG
0242 1.15
0951 0.05
1516 1.39
2227 0.19
13
DOM
0247 1.24
0910 0.19
1502 1.37
2142 0.22
29
TER
0308 1.10
1040 0.07
1559 1.31
2319 0.36
14
SEG
0312 1.20
0936 0.19
1532 1.34
2206 0.31
30
QUA
0342 1.05
1131 0.12
1640 1.20
15
TER
0340 1.15
0957 0.21
1602 1.30
2227 0.41
16
QUA
0402 1.10
1017 0.24
1638 1.23
2232 0.51
DG6-62 Original
129
PORTO DO RIO DE JANEIRO - ILHA FISCAL (ESTADO DO RIO DE JANEIRO) - 2025
Latitude 22° 53'.8 S Longitude 43° 10' W Fuso UTC -03.0 horas
CHM 55 Componentes Nível Médio 0.72 m Carta 1515
Maio
HORA ALT(m) HORA ALT(m)
01
QUI
0016 0.53
0410 1.01
1225 0.19
1719 1.06
2202 0.82
17
SÁB
0002 0.58
0446 0.96
1201 0.23
1755 1.04
02
SEX
0117 0.66
0453 0.96
1332 0.27
1808 0.92
2059 0.77
2334 0.87
18
DOM
0121 0.62
0523 0.90
1312 0.27
1849 0.96
03
SÁB
0229 0.73
0538 0.90
1447 0.31
1908 0.81
2112 0.75
19
SEG
0240 0.62
0621 0.83
1427 0.27
2008 0.91
04
DOM
0023 0.90
0346 0.72
0642 0.85
1559 0.32
20
TER
0347 0.57
0759 0.80
1540 0.25
2323 0.95
05
SEG
0101 0.89
0446 0.66
0810 0.82
1701 0.30
21
QUA
0444 0.48
1021 0.86
1646 0.20
2353 1.01
06
TER
0053 0.87
0529 0.56
0959 0.87
1753 0.27
2347 0.92
22
QUI
0531 0.39
1132 0.98
1746 0.15
07
QUA
0606 0.45
1114 0.97
1836 0.24
23
SEX
0017 1.04
0616 0.28
1221 1.10
1844 0.11
08
QUI
0008 1.00
0640 0.35
1210 1.07
1910 0.21
24
SÁB
0042 1.06
0702 0.19
1304 1.20
1940 0.11
09
SEX
0038 1.07
0708 0.27
1255 1.15
1946 0.20
25
DOM
0108 1.06
0751 0.11
1346 1.27
2032 0.15
10
SÁB
0110 1.11
0740 0.21
1332 1.20
2016 0.21
26
SEG
0140 1.06
0842 0.05
1427 1.29
2121 0.22
11
DOM
0144 1.13
0810 0.17
1406 1.24
2049 0.24
27
TER
0210 1.06
0934 0.02
1512 1.28
2214 0.33
12
SEG
0210 1.12
0844 0.15
1442 1.25
2121 0.29
28
QUA
0247 1.05
1027 0.02
1557 1.22
2304 0.44
13
TER
0242 1.11
0917 0.14
1512 1.25
2151 0.36
29
QUI
0319 1.05
1119 0.05
1638 1.14
2359 0.55
14
QUA
0306 1.09
0947 0.15
1551 1.22
2225 0.43
30
SEX
0402 1.05
1214 0.10
1717 1.05
15
QUI
0338 1.06
1025 0.16
1625 1.18
2301 0.51
31
SÁB
0053 0.64
0447 1.03
1308 0.18
1802 0.97
2123 0.77
2257 0.78
16
SEX
0406 1.02
1104 0.19
1706 1.12
Junho
HORA ALT(m) HORA ALT(m)
01
DOM
0147 0.68
0536 1.00
1406 0.25
1851 0.90
2202 0.73
2359 0.77
17
TER
0157 0.58
0616 0.97
1402 0.24
1919 0.98
02
SEG
0244 0.67
0634 0.96
1506 0.31
1944 0.86
2259 0.73
18
QUA
0259 0.56
0723 0.94
1506 0.27
2023 0.93
03
TER
0029 0.75
0342 0.62
0746 0.93
1604 0.34
2051 0.85
19
QUI
0359 0.51
0851 0.94
1610 0.30
2151 0.90
04
QUA
0432 0.55
0902 0.93
1701 0.35
2208 0.87
20
SEX
0457 0.43
1031 0.99
1717 0.31
2316 0.91
05
QUI
0517 0.46
1017 0.95
1751 0.36
2310 0.92
21
SÁB
0551 0.34
1155 1.06
1823 0.33
2359 0.93
06
SEX
0601 0.38
1129 1.00
1836 0.35
2357 0.97
22
DOM
0642 0.25
1302 1.14
1927 0.34
07
SÁB
0638 0.31
1225 1.05
1916 0.35
23
SEG
0038 0.96
0734 0.16
1353 1.20
2023 0.36
08
DOM
0036 1.01
0712 0.25
1310 1.10
1957 0.35
24
TER
0116 1.01
0829 0.09
1438 1.23
2114 0.40
09
SEG
0110 1.04
0749 0.20
1351 1.15
2034 0.36
25
QUA
0157 1.05
0923 0.04
1519 1.24
2202 0.44
10
TER
0146 1.06
0825 0.16
1427 1.19
2108 0.38
26
QUI
0236 1.11
1016 0.02
1557 1.22
2247 0.50
11
QUA
0216 1.08
0904 0.14
1504 1.21
2146 0.41
27
SEX
0314 1.15
1104 0.03
1631 1.19
2323 0.55
12
QUI
0253 1.09
0946 0.12
1546 1.22
2223 0.45
28
SÁB
0359 1.19
1153 0.09
1706 1.15
13
SEX
0325 1.09
1029 0.12
1621 1.20
2306 0.50
29
DOM
0001 0.59
0440 1.20
1238 0.17
1742 1.10
14
SÁB
0402 1.07
1114 0.14
1704 1.17
2357 0.54
30
SEG
0038 0.61
0521 1.17
1321 0.27
1816 1.05
15
DOM
0444 1.04
1204 0.17
1747 1.12
16
SEG
0055 0.57
0523 1.01
1301 0.21
1831 1.05
Julho
HORA ALT(m) HORA ALT(m)
01
TER
0121 0.62
0608 1.13
1410 0.36
1859 1.00
2325 0.64
17
QUI
0206 0.57
0653 1.09
1446 0.40
1919 0.97
02
QUA
0221 0.62
0704 1.06
1506 0.44
1942 0.94
18
SEX
0316 0.56
0801 1.02
1555 0.48
2010 0.89
03
QUI
0331 0.59
0804 1.00
1606 0.49
2034 0.89
19
SÁB
0429 0.51
0938 0.98
1706 0.54
2121 0.83
04
SEX
0434 0.54
0914 0.95
1708 0.52
2147 0.87
20
DOM
0538 0.42
1301 1.06
1821 0.55
2329 0.85
05
SÁB
0525 0.47
1044 0.95
1806 0.53
2312 0.89
21
SEG
0638 0.32
1357 1.15
1929 0.54
06
DOM
0610 0.40
1217 1.00
1859 0.51
22
TER
0036 0.93
0732 0.21
1434 1.21
2021 0.52
07
SEG
0012 0.94
0655 0.33
1314 1.07
1944 0.49
23
QUA
0117 1.03
0823 0.12
1455 1.25
2104 0.50
08
TER
0055 1.00
0732 0.26
1351 1.14
2021 0.47
24
QUI
0159 1.14
0912 0.07
1516 1.27
2144 0.49
09
QUA
0132 1.06
0812 0.19
1425 1.21
2101 0.45
25
SEX
0234 1.24
0959 0.04
1538 1.28
2214 0.48
10
QUI
0208 1.12
0857 0.14
1504 1.26
2138 0.44
26
SÁB
0308 1.32
1040 0.07
1606 1.28
2242 0.49
11
SEX
0247 1.17
0940 0.11
1542 1.29
2214 0.44
27
DOM
0349 1.37
1117 0.13
1640 1.27
2302 0.50
12
SÁB
0321 1.20
1023 0.09
1616 1.29
2255 0.46
28
SEG
0421 1.38
1153 0.22
1708 1.23
2319 0.51
13
DOM
0401 1.22
1108 0.11
1655 1.27
2336 0.49
29
TER
0502 1.34
1229 0.33
1742 1.18
2310 0.53
14
SEG
0436 1.21
1155 0.15
1725 1.22
30
QUA
0542 1.26
1308 0.44
1810 1.11
2304 0.55
15
TER
0019 0.52
0514 1.19
1246 0.22
1802 1.15
31
QUI
0621 1.17
1410 0.55
1851 1.02
2321 0.60
16
QUA
0108 0.55
0601 1.15
1342 0.30
1842 1.06
Agosto
HORA ALT(m) HORA ALT(m)
01
SEX
0708 1.06
1521 0.63
1923 0.94
17
DOM
0059 0.70
0417 0.54
1302 1.03
1712 0.70
2004 0.80
2302 0.71
02
SÁB
0104 0.67
0346 0.62
0810 0.97
1251 0.83
1634 0.67
2012 0.86
18
SEG
0119 0.77
0542 0.44
1347 1.13
1840 0.67
03
DOM
0457 0.56
0953 0.92
1108 0.91
1310 0.93
1746 0.66
2153 0.83
19
TER
0125 0.84
0642 0.32
1412 1.19
1934 0.61
04
SEG
0551 0.47
1331 1.02
1844 0.62
20
QUA
0059 0.96
0731 0.21
1429 1.22
2012 0.55
05
TER
0034 0.90
0636 0.37
1344 1.11
1929 0.57
21
QUI
0117 1.10
0814 0.12
1431 1.25
2047 0.49
06
QUA
0104 1.00
0716 0.28
1401 1.20
2008 0.50
22
SEX
0151 1.25
0855 0.08
1442 1.29
2112 0.44
07
QUI
0136 1.11
0801 0.19
1423 1.28
2046 0.45
23
SÁB
0221 1.36
0929 0.07
1506 1.33
2138 0.40
08
SEX
0208 1.21
0842 0.11
1455 1.34
2119 0.40
24
DOM
0257 1.45
1002 0.10
1536 1.34
2157 0.37
09
SÁB
0242 1.29
0925 0.07
1525 1.37
2157 0.38
25
SEG
0329 1.48
1034 0.17
1604 1.33
2216 0.37
10
DOM
0312 1.35
1008 0.05
1559 1.37
2232 0.38
26
TER
0402 1.47
1101 0.26
1634 1.28
2229 0.38
11
SEG
0349 1.39
1053 0.08
1627 1.33
2308 0.40
27
QUA
0434 1.41
1129 0.38
1702 1.21
2229 0.41
12
TER
0419 1.39
1138 0.16
1659 1.27
2347 0.44
28
QUI
0506 1.32
1136 0.50
1729 1.13
2232 0.45
13
QUA
0459 1.35
1225 0.27
1725 1.18
29
SEX
0546 1.21
1059 0.62
1801 1.04
2244 0.50
14
QUI
0032 0.49
0538 1.27
1321 0.42
1801 1.08
30
SÁB
0623 1.08
1046 0.72
1247 0.75
1447 0.72
1829 0.95
2255 0.57
15
SEX
0129 0.55
0621 1.16
1431 0.56
1834 0.98
2232 0.62
31
DOM
0719 0.96
1038 0.81
1301 0.87
1604 0.74
1904 0.86
2301 0.65
16
SÁB
0008 0.64
0251 0.57
0721 1.02
1153 0.90
1551 0.66
1908 0.88
2246 0.65
DG6-62 Original
130
PORTO DO RIO DE JANEIRO - ILHA FISCAL (ESTADO DO RIO DE JANEIRO) - 2025
Latitude 22° 53'.8 S Longitude 43° 10' W Fuso UTC -03.0 horas
CHM 55 Componentes Nível Médio 0.72 m Carta 1515
Setembro
HORA ALT(m) HORA ALT(m)
01
SEG
0057 0.68
0412 0.57
1002 0.88
1308 0.97
1716 0.71
2010 0.79
2246 0.75
17
QUA
0104 0.84
0634 0.25
1357 1.14
1916 0.58
02
TER
0044 0.78
0521 0.47
1321 1.06
1821 0.64
18
QUI
0034 0.98
0716 0.17
1346 1.16
1947 0.49
03
QUA
0046 0.89
0612 0.35
1332 1.15
1908 0.55
19
SEX
0059 1.14
0755 0.11
1344 1.20
2012 0.40
04
QUI
0102 1.02
0659 0.23
1346 1.24
1947 0.46
20
SÁB
0129 1.28
0825 0.09
1402 1.26
2038 0.33
05
SEX
0129 1.15
0740 0.13
1404 1.31
2019 0.37
21
DOM
0202 1.39
0855 0.09
1429 1.30
2059 0.27
06
SÁB
0159 1.27
0819 0.05
1431 1.36
2055 0.30
22
SEG
0236 1.45
0923 0.13
1501 1.31
2119 0.24
07
DOM
0225 1.37
0902 0.00
1501 1.38
2129 0.26
23
TER
0306 1.47
0951 0.20
1529 1.29
2142 0.24
08
SEG
0259 1.45
0947 0.01
1525 1.36
2204 0.24
24
QUA
0340 1.44
1017 0.29
1559 1.23
2157 0.26
09
TER
0329 1.48
1032 0.07
1557 1.30
2246 0.26
25
QUI
0408 1.38
1032 0.39
1621 1.17
2208 0.29
10
QUA
0402 1.47
1119 0.19
1619 1.22
2323 0.31
26
SEX
0442 1.29
1029 0.51
1651 1.09
2214 0.33
11
QUI
0440 1.39
1210 0.35
1653 1.14
27
SÁB
0512 1.18
1010 0.61
1714 1.01
2225 0.39
12
SEX
0006 0.39
0516 1.27
1310 0.52
1719 1.04
2302 0.49
28
DOM
0557 1.06
1004 0.70
1225 0.74
1402 0.73
1747 0.93
2236 0.47
13
SÁB
0106 0.46
0602 1.11
1102 0.85
1425 0.68
1755 0.94
2159 0.51
29
SEG
0653 0.93
1002 0.78
1236 0.84
1534 0.74
1819 0.84
2247 0.58
14
DOM
0016 0.57
0242 0.51
0704 0.93
0919 0.86
1219 0.99
1557 0.75
1825 0.85
2212 0.56
30
TER
0006 0.59
0325 0.50
1242 0.94
1651 0.68
1925 0.75
2217 0.70
15
SEG
0055 0.66
0416 0.48
1308 1.09
1725 0.74
1917 0.77
2236 0.66
16
TER
0110 0.75
0538 0.37
1344 1.14
1838 0.67
Outubro
HORA ALT(m) HORA ALT(m)
01
QUA
0447 0.41
1249 1.03
1749 0.59
17
SEX
0653 0.16
1244 1.04
1906 0.41
02
QUI
0012 0.85
0544 0.29
1257 1.12
1832 0.48
18
SÁB
0023 1.11
0723 0.14
1257 1.12
1936 0.31
03
SEX
0038 1.00
0627 0.17
1312 1.20
1910 0.38
19
DOM
0102 1.23
0755 0.13
1321 1.18
2001 0.23
04
SÁB
0106 1.14
0710 0.06
1332 1.26
1947 0.27
20
SEG
0140 1.31
0821 0.14
1357 1.22
2025 0.18
05
DOM
0134 1.28
0755 -0.02
1359 1.30
2021 0.19
21
TER
0212 1.35
0851 0.17
1423 1.22
2053 0.15
06
SEG
0204 1.38
0840 -0.04
1423 1.30
2101 0.13
22
QUA
0247 1.36
0919 0.23
1457 1.19
2117 0.14
07
TER
0236 1.45
0925 -0.01
1453 1.26
2142 0.10
23
QUI
0316 1.34
0946 0.31
1519 1.15
2140 0.16
08
QUA
0310 1.47
1012 0.09
1517 1.20
2223 0.12
24
SEX
0351 1.29
1014 0.41
1551 1.10
2159 0.19
09
QUI
0347 1.43
1104 0.24
1549 1.13
2306 0.17
25
SÁB
0419 1.22
1027 0.51
1614 1.04
2219 0.24
10
SEX
0423 1.32
1201 0.42
1616 1.05
26
DOM
0459 1.13
1012 0.60
1647 0.98
2244 0.30
11
SÁB
0001 0.25
0504 1.17
1304 0.59
1653 0.98
27
SEG
0540 1.03
1001 0.68
1157 0.69
1319 0.68
1717 0.91
12
DOM
0106 0.33
0557 1.00
0853 0.83
1106 0.90
1419 0.71
1725 0.90
2144 0.45
2349 0.49
28
TER
0032 0.37
0632 0.92
1001 0.76
1151 0.78
1455 0.68
1802 0.83
13
SEG
0234 0.39
0702 0.83
0849 0.80
1210 0.99
1551 0.75
1806 0.82
2206 0.53
29
QUA
0232 0.39
0802 0.85
0946 0.83
1151 0.86
1602 0.63
1912 0.75
14
TER
0019 0.59
0402 0.36
1259 1.04
1704 0.70
1925 0.76
2246 0.65
30
QUI
0357 0.34
1159 0.95
1701 0.54
2312 0.80
15
QUA
0040 0.68
0514 0.29
1323 1.03
1759 0.61
2234 0.80
31
SEX
0502 0.25
1214 1.04
1747 0.43
16
QUI
0608 0.22
1314 1.00
1836 0.51
2346 0.96
Novembro
HORA ALT(m) HORA ALT(m)
01
SÁB
0555 0.14
1232 1.10
1827 0.32
17
SEG
0034 1.12
0725 0.23
1249 1.08
1931 0.21
02
DOM
0034 1.10
0642 0.06
1257 1.15
1908 0.21
18
TER
0116 1.18
0757 0.24
1321 1.11
2001 0.16
03
SEG
0108 1.23
0729 0.01
1321 1.17
1953 0.12
19
QUA
0155 1.22
0829 0.27
1357 1.12
2032 0.13
04
TER
0144 1.33
0816 0.01
1351 1.17
2036 0.04
20
QUI
0229 1.24
0901 0.31
1425 1.11
2104 0.11
05
QUA
0219 1.39
0906 0.06
1417 1.14
2119 0.01
21
SEX
0302 1.24
0936 0.37
1457 1.10
2136 0.12
06
QUI
0259 1.39
1001 0.17
1449 1.09
2208 0.01
22
SÁB
0338 1.22
1010 0.43
1525 1.07
2206 0.14
07
SEX
0340 1.33
1057 0.31
1517 1.05
2301 0.05
23
DOM
0410 1.19
1046 0.50
1559 1.05
2238 0.17
08
SÁB
0417 1.22
1153 0.47
1557 1.01
2359 0.12
24
SEG
0451 1.13
1132 0.57
1632 1.00
2327 0.22
09
DOM
0504 1.08
1255 0.61
1634 0.96
25
TER
0529 1.05
1242 0.62
1710 0.95
10
SEG
0102 0.20
0555 0.94
0829 0.82
1047 0.88
1402 0.69
1716 0.92
26
QUA
0034 0.27
0617 0.98
1359 0.63
1801 0.90
11
TER
0212 0.26
0655 0.83
0855 0.78
1155 0.91
1508 0.71
1810 0.87
27
QUI
0151 0.30
0721 0.92
1504 0.60
1902 0.85
12
QUA
0329 0.29
0904 0.77
1242 0.90
1610 0.66
1927 0.83
28
SEX
0304 0.30
0859 0.89
1604 0.53
2047 0.84
13
QUI
0440 0.29
1301 0.86
1702 0.58
2108 0.85
29
SÁB
0414 0.27
1104 0.93
1659 0.44
2301 0.93
14
SEX
0532 0.27
1116 0.87
1747 0.48
2246 0.93
30
DOM
0516 0.21
1144 0.98
1749 0.34
15
SÁB
0616 0.25
1136 0.94
1823 0.38
2347 1.03
16
DOM
0655 0.24
1212 1.02
1859 0.29
Dezembro
HORA ALT(m) HORA ALT(m)
01
SEG
0001 1.06
0612 0.17
1217 1.02
1836 0.23
17
QUA
0104 1.09
0742 0.40
1301 1.03
1946 0.22
02
TER
0047 1.17
0708 0.15
1249 1.04
1925 0.13
18
QUI
0147 1.14
0816 0.40
1336 1.06
2021 0.17
03
QUA
0132 1.26
0802 0.16
1321 1.05
2016 0.04
19
SEX
0221 1.19
0855 0.41
1408 1.09
2059 0.13
04
QUI
0217 1.31
0859 0.22
1357 1.05
2108 -0.02
20
SÁB
0259 1.22
0932 0.43
1446 1.12
2134 0.11
05
SEX
0302 1.31
0953 0.30
1429 1.05
2202 -0.04
21
DOM
0332 1.24
1008 0.45
1516 1.13
2210 0.11
06
SÁB
0344 1.27
1046 0.40
1506 1.06
2257 -0.02
22
SEG
0406 1.23
1047 0.48
1555 1.13
2247 0.13
07
DOM
0421 1.19
1136 0.50
1549 1.07
2351 0.03
23
TER
0444 1.20
1125 0.52
1629 1.12
2331 0.17
08
SEG
0502 1.10
1223 0.59
1629 1.07
24
QUA
0517 1.16
1206 0.55
1706 1.10
09
TER
0046 0.12
0544 1.01
1314 0.65
1714 1.06
25
QUI
0019 0.22
0601 1.10
1301 0.58
1751 1.06
10
QUA
0144 0.22
0623 0.93
0951 0.75
1117 0.76
1408 0.67
1806 1.03
26
SEX
0117 0.28
0647 1.03
1402 0.58
1840 1.01
11
QUI
0244 0.31
0712 0.88
1031 0.71
1221 0.74
1506 0.64
1904 0.98
27
SÁB
0223 0.33
0738 0.96
1508 0.56
1944 0.97
12
SEX
0347 0.37
0808 0.86
1257 0.72
1602 0.59
2012 0.94
28
DOM
0336 0.37
0842 0.90
1610 0.50
2125 0.96
13
SÁB
0447 0.40
0912 0.86
1657 0.51
2140 0.93
29
SEG
0451 0.38
1004 0.88
1714 0.42
2349 1.03
14
DOM
0540 0.41
1021 0.89
1746 0.43
2304 0.96
30
TER
0559 0.38
1134 0.90
1814 0.31
15
SEG
0623 0.41
1125 0.93
1827 0.35
31
QUA
0106 1.13
0701 0.37
1231 0.93
1914 0.19
16
TER
0012 1.02
0702 0.40
1216 0.98
1906 0.28
DG6-62 Original
