131
PORTO DE ITAGUAÍ (ESTADO DO RIO DE JANEIRO) - 2025
Latitude 22° 55'.9 S Longitude 43° 50'.5 W Fuso UTC -03.0 horas
DHN 19 Componentes Nível Médio 0.81 m Carta 1623
Janeiro
HORA ALT(m) HORA ALT(m)
01
QUA
0351 1.56
1140 0.46
1553 1.43
2340 0.10
17
SEX
0038 0.25
0457 1.58
0859 0.52
1102 0.64
1255 0.56
1702 1.65
2119 0.32
2327 0.45
02
QUI
0421 1.51
1217 0.50
1623 1.43
18
SÁB
0116 0.37
0534 1.50
0936 0.48
1202 0.65
1336 0.60
1746 1.57
2201 0.36
03
SEX
0027 0.12
0501 1.44
0957 0.85
1304 0.53
1704 1.42
19
DOM
0019 0.54
0204 0.47
0612 1.42
1010 0.47
1255 0.67
1421 0.63
1825 1.48
2231 0.43
04
SÁB
0119 0.18
0542 1.35
0906 0.78
1102 0.88
1401 0.56
1751 1.40
2302 0.66
20
SEG
0104 0.65
0301 0.55
0657 1.32
1049 0.50
1317 0.71
1514 0.62
1908 1.37
2304 0.53
05
DOM
0221 0.24
0621 1.27
0942 0.72
1202 0.93
1501 0.55
1840 1.36
2212 0.68
21
TER
0142 0.75
0359 0.59
0740 1.22
1117 0.57
1353 0.74
1608 0.58
2001 1.26
2336 0.66
06
SEG
0006 0.80
0323 0.28
0708 1.19
1014 0.65
1301 0.97
1601 0.51
1934 1.30
2253 0.76
22
QUA
0202 0.85
0455 0.60
0821 1.11
1159 0.66
1404 0.78
1702 0.53
2057 1.15
07
TER
0102 0.95
0425 0.31
0801 1.13
1102 0.63
1349 0.99
1657 0.43
2032 1.25
2325 0.85
23
QUI
0006 0.81
0221 0.93
0549 0.58
0919 1.02
1240 0.78
1406 0.81
1753 0.46
2210 1.09
08
QUA
0155 1.09
0525 0.32
0859 1.07
1153 0.66
1429 0.97
1753 0.34
2144 1.20
24
SEX
0051 0.98
0225 1.01
0644 0.55
1059 0.98
1842 0.38
09
QUI
0008 0.97
0238 1.17
0623 0.33
1001 1.05
1255 0.73
1508 0.92
1849 0.25
2304 1.22
25
SÁB
0034 1.16
0740 0.50
1247 1.07
1932 0.29
10
SEX
0108 1.11
0312 1.20
0723 0.34
1110 1.09
1417 0.79
1547 0.82
1947 0.17
26
DOM
0131 1.32
0836 0.45
1331 1.20
2023 0.19
11
SÁB
0023 1.32
0821 0.35
1221 1.21
2044 0.09
27
SEG
0204 1.45
0919 0.40
1404 1.32
2110 0.09
12
DOM
0121 1.45
0917 0.35
1317 1.38
2138 0.05
28
TER
0236 1.53
1001 0.35
1434 1.41
2155 0.01
13
SEG
0208 1.56
1008 0.37
1408 1.53
2225 0.04
29
QUA
0304 1.58
1038 0.34
1502 1.50
2238 -0.04
14
TER
0255 1.63
1057 0.40
1457 1.64
2004 0.39
2310 0.07
30
QUI
0331 1.57
1110 0.34
1532 1.56
2319 -0.04
15
QUA
0334 1.65
0855 0.73
1138 0.45
1538 1.69
2004 0.33
2116 0.37
2355 0.15
31
SEX
0402 1.55
1153 0.36
1604 1.60
16
QUI
0412 1.63
0814 0.60
1001 0.67
1212 0.50
1617 1.69
2046 0.31
2223 0.38
Fevereiro
HORA ALT(m) HORA ALT(m)
01
SÁB
0004 0.02
0432 1.50
1236 0.41
1646 1.61
17
SEG
0542 1.47
1001 0.34
1757 1.55
2210 0.39
02
DOM
0059 0.13
0508 1.45
0857 0.63
1053 0.74
1325 0.48
1725 1.57
2257 0.66
18
TER
0106 0.65
0206 0.63
0616 1.36
1025 0.37
1840 1.41
2240 0.49
03
SEG
0159 0.26
0553 1.37
0923 0.52
1159 0.78
1425 0.52
1812 1.50
2159 0.63
19
QUA
0134 0.77
0321 0.70
0701 1.23
1059 0.44
1355 0.69
1534 0.63
1923 1.27
2304 0.62
04
TER
0002 0.82
0302 0.38
0638 1.27
1004 0.44
1257 0.85
1529 0.52
1906 1.40
2227 0.68
20
QUI
0159 0.89
0429 0.71
0747 1.09
1123 0.56
1402 0.75
1638 0.58
2017 1.13
2331 0.78
05
QUA
0102 1.00
0406 0.45
0723 1.18
1051 0.42
1346 0.91
1634 0.46
2004 1.27
2304 0.75
21
SEX
0212 1.00
0531 0.66
0844 0.96
1157 0.69
1408 0.81
1731 0.49
2138 1.03
2349 0.95
06
QUI
0155 1.16
0508 0.47
0817 1.09
1132 0.48
1423 0.93
1734 0.36
2108 1.16
2349 0.87
22
SÁB
0225 1.10
0627 0.59
1008 0.89
1204 0.85
1401 0.89
1821 0.37
07
SEX
0238 1.25
0608 0.46
0919 1.03
1221 0.61
1504 0.92
1832 0.26
2234 1.11
23
DOM
0219 1.20
0721 0.51
1323 1.03
1912 0.24
08
SÁB
0025 1.02
0312 1.27
0708 0.44
1042 1.04
1338 0.77
1538 0.86
1929 0.16
24
SEG
0204 1.33
0810 0.42
1334 1.18
2002 0.11
09
DOM
0017 1.20
0153 1.17
0344 1.23
0804 0.41
1204 1.17
2025 0.07
25
TER
0210 1.44
0853 0.35
1357 1.33
2049 -0.00
10
SEG
0119 1.36
0901 0.38
1308 1.36
2116 0.02
26
QUA
0225 1.51
0929 0.29
1417 1.46
2134 -0.08
11
TER
0202 1.50
0947 0.36
1401 1.55
2202 0.02
27
QUI
0246 1.55
1004 0.25
1444 1.58
2216 -0.12
12
QUA
0242 1.60
1023 0.36
1444 1.68
2246 0.06
28
SEX
0306 1.57
1046 0.24
1510 1.68
2301 -0.09
13
QUI
0314 1.66
1059 0.38
1519 1.76
2317 0.15
14
SEX
0355 1.67
1127 0.41
1601 1.78
2201 0.32
2351 0.26
15
SÁB
0427 1.63
0901 0.39
1142 0.45
1638 1.74
2114 0.30
2314 0.39
16
DOM
0021 0.38
0502 1.57
0925 0.34
1714 1.66
2144 0.34
Março
HORA ALT(m) HORA ALT(m)
01
SÁB
0332 1.57
1123 0.26
1546 1.74
2349 0.01
17
SEG
0431 1.58
0910 0.25
1651 1.68
2117 0.36
02
DOM
0404 1.56
0806 0.60
0910 0.62
1206 0.32
1619 1.74
18
TER
0506 1.48
0936 0.26
1727 1.56
2147 0.43
03
SEG
0042 0.17
0444 1.50
0831 0.45
1044 0.62
1301 0.40
1704 1.68
2102 0.61
2253 0.72
19
QUA
0547 1.35
1004 0.31
1808 1.42
2210 0.52
04
TER
0140 0.36
0521 1.43
0906 0.33
1153 0.68
1402 0.47
1757 1.56
2131 0.61
20
QUI
0110 0.82
0259 0.76
0625 1.21
1031 0.39
1457 0.63
1901 1.27
2240 0.66
05
QUA
0001 0.90
0247 0.50
0606 1.33
0951 0.28
1249 0.78
1506 0.49
1849 1.41
2204 0.62
21
SEX
0132 0.94
0406 0.75
0710 1.06
1101 0.51
1346 0.72
1604 0.57
1959 1.12
2301 0.81
06
QUI
0059 1.09
0357 0.58
0701 1.23
1029 0.30
1331 0.87
1614 0.44
1947 1.25
2247 0.70
22
SÁB
0153 1.05
0508 0.68
0806 0.94
1116 0.67
1351 0.80
1704 0.46
2112 1.02
2302 0.96
07
SEX
0147 1.23
0459 0.58
0757 1.12
1112 0.39
1410 0.93
1714 0.34
2053 1.11
2317 0.81
23
DOM
0201 1.16
0604 0.59
0929 0.86
1117 0.83
1346 0.91
1759 0.32
08
SÁB
0223 1.31
0559 0.54
0901 1.05
1202 0.57
1451 0.94
1812 0.24
2208 1.05
24
SEG
0206 1.26
0653 0.49
1336 1.05
1847 0.18
09
DOM
0001 0.96
0301 1.31
0653 0.48
1012 1.05
1302 0.78
1510 0.91
1908 0.14
25
TER
0212 1.35
0734 0.40
1332 1.20
1932 0.06
10
SEG
0319 1.23
0742 0.43
1147 1.16
2001 0.08
26
QUA
0210 1.40
0812 0.32
1338 1.35
2019 -0.04
11
TER
0112 1.30
0825 0.38
1257 1.37
2051 0.06
27
QUI
0204 1.44
0855 0.24
1355 1.50
2106 -0.10
12
QUA
0149 1.45
0906 0.34
1346 1.56
2132 0.08
28
SEX
0212 1.49
0936 0.19
1416 1.64
2157 -0.10
13
QUI
0219 1.57
0944 0.32
1421 1.70
2206 0.13
29
SÁB
0236 1.53
1016 0.17
1451 1.75
2246 -0.03
14
SEX
0255 1.64
1008 0.32
1501 1.78
2240 0.20
30
DOM
0304 1.57
1102 0.19
1521 1.80
2334 0.10
15
SÁB
0325 1.66
1027 0.33
1536 1.80
2157 0.32
2259 0.30
31
SEG
0340 1.57
0740 0.46
0908 0.53
1153 0.25
1604 1.79
2008 0.67
2117 0.70
16
DOM
0401 1.65
0847 0.28
1610 1.77
2059 0.32
Abril
HORA ALT(m) HORA ALT(m)
01
TER
0023 0.28
0414 1.53
0808 0.32
1025 0.55
1246 0.33
1651 1.69
2032 0.64
2246 0.82
17
QUI
0008 0.72
0108 0.70
0514 1.32
0944 0.32
1753 1.40
2149 0.62
02
QUA
0123 0.46
0501 1.46
0853 0.23
1134 0.63
1349 0.41
1740 1.55
2106 0.61
2351 0.99
18
SEX
0034 0.83
0231 0.76
0601 1.19
1008 0.41
1301 0.58
1419 0.55
1842 1.26
2210 0.74
03
QUI
0229 0.59
0551 1.36
0931 0.22
1225 0.74
1457 0.43
1829 1.38
2149 0.63
19
SÁB
0057 0.95
0344 0.74
0651 1.06
1038 0.54
1301 0.67
1536 0.50
1938 1.13
2229 0.87
04
SEX
0046 1.14
0340 0.64
0642 1.26
1012 0.27
1310 0.84
1601 0.39
1925 1.23
2223 0.69
20
DOM
0108 1.07
0440 0.68
0746 0.96
1101 0.68
1302 0.78
1632 0.39
2049 1.04
2240 0.98
05
SÁB
0125 1.25
0440 0.62
0738 1.16
1101 0.40
1357 0.91
1701 0.31
2029 1.10
2302 0.78
21
SEG
0127 1.17
0525 0.58
0857 0.92
1104 0.84
1310 0.91
1721 0.27
06
DOM
0204 1.29
0532 0.56
0840 1.10
1149 0.59
1423 0.93
1755 0.23
2146 1.04
2349 0.92
22
TER
0147 1.26
0608 0.48
1323 1.05
1810 0.14
07
SEG
0240 1.24
0617 0.49
0953 1.10
1247 0.81
1449 0.92
1844 0.17
2321 1.09
23
QUA
0202 1.30
0653 0.38
1323 1.19
1901 0.05
08
TER
0038 1.08
0251 1.16
0704 0.42
1114 1.18
1927 0.15
24
QUI
0204 1.29
0734 0.29
1306 1.34
1953 -0.01
09
QUA
0042 1.24
0746 0.37
1231 1.36
2008 0.15
25
SEX
0123 1.31
0817 0.22
1321 1.50
2046 -0.02
10
QUI
0119 1.39
0817 0.33
1319 1.53
2051 0.18
26
SÁB
0134 1.38
0906 0.16
1353 1.64
2138 0.02
11
SEX
0157 1.50
0847 0.30
1402 1.66
2127 0.24
27
DOM
0202 1.47
0957 0.13
1425 1.74
2229 0.10
12
SÁB
0225 1.57
0912 0.28
1438 1.73
2157 0.30
28
SEG
0238 1.52
0744 0.52
1047 0.15
1504 1.78
2319 0.23
13
DOM
0259 1.61
0829 0.26
1510 1.75
2023 0.38
2151 0.39
29
TER
0314 1.56
0712 0.37
0902 0.49
1140 0.19
1551 1.74
1936 0.73
2112 0.83
14
SEG
0329 1.59
0825 0.24
1549 1.72
2029 0.40
30
QUA
0012 0.37
0359 1.54
0755 0.27
1008 0.52
1232 0.26
1636 1.65
2008 0.67
2225 0.92
15
TER
0402 1.54
0847 0.23
1623 1.65
2055 0.45
16
QUA
0440 1.44
0912 0.26
1704 1.54
2117 0.52
DG6-62 Original
132
PORTO DE ITAGUAÍ (ESTADO DO RIO DE JANEIRO) - 2025
Latitude 22° 55'.9 S Longitude 43° 50'.5 W Fuso UTC -03.0 horas
DHN 19 Componentes Nível Médio 0.81 m Carta 1623
Maio
HORA ALT(m) HORA ALT(m)
01
QUI
0110 0.51
0446 1.48
0832 0.23
1108 0.60
1332 0.33
1721 1.52
2053 0.65
2325 1.03
17
SÁB
0201 0.70
0540 1.21
1004 0.46
1147 0.50
1353 0.42
1817 1.28
2155 0.83
02
SEX
0210 0.61
0531 1.40
0914 0.24
1202 0.69
1438 0.36
1814 1.38
2129 0.66
18
DOM
0001 0.94
0301 0.70
0621 1.12
1025 0.58
1159 0.61
1457 0.39
1910 1.17
2206 0.91
03
SÁB
0019 1.13
0312 0.64
0623 1.32
1002 0.31
1255 0.78
1540 0.34
1910 1.25
2210 0.69
19
SEG
0025 1.03
0355 0.65
0714 1.07
1053 0.72
1212 0.75
1557 0.31
2006 1.09
2223 0.96
04
DOM
0106 1.18
0408 0.61
0717 1.25
1051 0.45
1329 0.84
1634 0.30
2008 1.16
2259 0.77
20
TER
0059 1.12
0444 0.57
0812 1.05
1104 0.85
1247 0.90
1651 0.23
2108 1.04
2253 0.99
05
SEG
0149 1.16
0502 0.55
0814 1.20
1136 0.63
1402 0.88
1719 0.26
2108 1.10
2344 0.87
21
QUA
0127 1.17
0525 0.47
0919 1.07
1131 0.99
1312 1.03
1744 0.16
2223 1.04
2306 1.03
06
TER
0210 1.11
0547 0.49
0917 1.18
1227 0.81
1417 0.89
1806 0.25
2219 1.10
22
QUI
0201 1.17
0610 0.37
1047 1.15
1208 1.13
1332 1.14
1832 0.11
07
QUA
0046 0.99
0217 1.03
0621 0.42
1032 1.21
1851 0.26
2346 1.17
23
SEX
0221 1.11
0701 0.28
1202 1.29
1927 0.10
08
QUI
0659 0.37
1155 1.30
1927 0.28
24
SÁB
0014 1.17
0753 0.21
1247 1.44
2023 0.12
09
SEX
0042 1.28
0727 0.32
1255 1.43
2004 0.31
25
DOM
0055 1.28
0847 0.15
1327 1.57
2119 0.17
10
SÁB
0119 1.38
0755 0.29
1336 1.54
2046 0.36
26
SEG
0134 1.38
0942 0.11
1408 1.66
2214 0.23
11
DOM
0159 1.46
0825 0.27
1412 1.62
2134 0.41
27
TER
0212 1.48
0617 0.48
0725 0.50
1034 0.10
1455 1.70
1951 0.88
2308 0.32
12
SEG
0229 1.50
0831 0.26
1453 1.66
2223 0.47
28
QUA
0259 1.54
0659 0.37
0847 0.48
1125 0.12
1538 1.67
1910 0.78
2102 0.91
13
TER
0304 1.51
0816 0.26
1525 1.65
2008 0.53
2147 0.56
2310 0.53
29
QUI
0002 0.42
0346 1.55
0740 0.30
0951 0.50
1217 0.17
1621 1.61
1957 0.72
2204 0.95
14
QUA
0342 1.47
0831 0.27
1604 1.60
2029 0.59
2216 0.64
30
SEX
0059 0.51
0429 1.53
0821 0.28
1049 0.55
1312 0.23
1710 1.51
2038 0.68
2304 0.99
15
QUI
0002 0.60
0414 1.40
0902 0.31
1649 1.51
2102 0.66
2302 0.74
31
SÁB
0155 0.59
0516 1.49
0908 0.30
1142 0.62
1410 0.28
1802 1.41
2119 0.66
16
SEX
0059 0.66
0457 1.31
0931 0.37
1121 0.42
1240 0.41
1732 1.39
2125 0.74
2334 0.83
Junho
HORA ALT(m) HORA ALT(m)
01
DOM
0002 1.01
0249 0.62
0606 1.43
0959 0.37
1223 0.69
1506 0.32
1855 1.32
2204 0.66
17
TER
0304 0.60
0649 1.22
1142 0.73
1517 0.27
1923 1.15
2214 0.86
02
SEG
0051 1.01
0340 0.60
0702 1.37
1042 0.48
1306 0.77
1602 0.33
1946 1.23
2255 0.70
18
QUA
0040 1.00
0401 0.54
0740 1.20
1101 0.82
1231 0.87
1616 0.25
2012 1.09
2257 0.84
03
TER
0123 0.98
0421 0.56
0757 1.31
1121 0.61
1346 0.81
1651 0.35
2034 1.17
2340 0.77
19
QUI
0117 1.03
0453 0.46
0838 1.18
1123 0.93
1314 1.01
1712 0.23
2106 1.05
2340 0.85
04
QUA
0157 0.94
0504 0.50
0849 1.26
1210 0.76
1402 0.85
1731 0.37
2125 1.13
20
SEX
0202 1.03
0544 0.37
0946 1.19
1206 1.04
1359 1.11
1808 0.23
2206 1.04
05
QUI
0202 0.89
0544 0.44
0949 1.22
1808 0.38
2231 1.12
21
SÁB
0040 0.87
0246 0.97
0634 0.28
1102 1.24
1310 1.15
1434 1.17
1906 0.24
2312 1.09
06
SEX
0614 0.38
1101 1.23
1853 0.41
2347 1.17
22
DOM
0212 0.88
0308 0.89
0729 0.20
1214 1.34
2006 0.26
07
SÁB
0651 0.33
1216 1.31
1934 0.44
23
SEG
0014 1.19
0827 0.13
1308 1.46
2106 0.29
08
DOM
0047 1.25
0727 0.30
1312 1.41
2027 0.46
24
TER
0108 1.32
0925 0.07
1359 1.56
2202 0.31
09
SEG
0129 1.33
0812 0.29
1357 1.50
2127 0.48
25
QUA
0159 1.45
0657 0.52
1017 0.04
1444 1.62
1817 0.92
1923 0.94
2257 0.35
10
TER
0206 1.39
0904 0.27
1436 1.56
2219 0.50
26
QUI
0246 1.55
0653 0.42
0806 0.47
1110 0.04
1525 1.63
1902 0.82
2044 0.90
2347 0.41
11
QUA
0247 1.42
0959 0.26
1510 1.58
2304 0.52
27
SEX
0329 1.61
0732 0.37
0910 0.46
1202 0.08
1610 1.61
1949 0.73
2149 0.87
12
QUI
0319 1.42
1051 0.25
1555 1.56
2353 0.55
28
SÁB
0032 0.49
0414 1.63
0817 0.34
1010 0.48
1253 0.17
1659 1.55
2032 0.65
2251 0.84
13
SEX
0401 1.39
1140 0.25
1631 1.50
29
DOM
0116 0.55
0502 1.61
0904 0.35
1110 0.53
1346 0.27
1746 1.47
2116 0.59
2347 0.82
14
SÁB
0036 0.58
0438 1.34
1227 0.26
1710 1.42
2204 0.83
30
SEG
0204 0.59
0553 1.55
0953 0.39
1204 0.61
1436 0.36
1825 1.39
2202 0.56
15
DOM
0117 0.61
0514 1.30
1319 0.27
1757 1.32
2302 0.89
16
SEG
0208 0.62
0601 1.26
1417 0.28
1842 1.23
2157 0.87
2353 0.95
Julho
HORA ALT(m) HORA ALT(m)
01
TER
0034 0.81
0257 0.59
0638 1.48
1029 0.46
1257 0.68
1521 0.43
1908 1.32
2247 0.57
17
QUI
0025 0.87
0319 0.53
0706 1.33
1034 0.77
1229 0.88
1557 0.34
1932 1.14
2246 0.64
02
QUA
0110 0.80
0344 0.58
0721 1.40
1108 0.55
1329 0.75
1610 0.47
1957 1.24
2323 0.62
18
SEX
0116 0.92
0419 0.47
0802 1.27
1104 0.84
1321 1.04
1659 0.36
2021 1.08
2321 0.64
03
QUI
0149 0.78
0423 0.53
0808 1.31
1151 0.68
1401 0.82
1659 0.50
2042 1.16
19
SÁB
0202 0.94
0517 0.38
0904 1.20
1147 0.94
1408 1.16
1759 0.36
2119 1.04
04
SEX
0008 0.70
0202 0.78
0504 0.48
0902 1.22
1227 0.81
1414 0.87
1744 0.52
2131 1.10
20
DOM
0012 0.68
0251 0.92
0614 0.27
1019 1.18
1225 1.06
1457 1.23
1857 0.36
2231 1.05
05
SÁB
0549 0.42
1006 1.16
1825 0.53
2246 1.07
21
SEG
0121 0.77
0325 0.87
0712 0.17
1153 1.23
1349 1.18
1536 1.23
1957 0.35
2349 1.14
06
DOM
0629 0.37
1142 1.18
1917 0.53
22
TER
0812 0.08
1301 1.36
2055 0.34
07
SEG
0012 1.12
0714 0.33
1301 1.29
2019 0.52
23
QUA
0055 1.30
0908 0.01
1351 1.48
2147 0.34
08
TER
0112 1.22
0808 0.28
1349 1.41
2119 0.49
24
QUI
0147 1.47
1002 -0.02
1431 1.58
2234 0.35
09
QUA
0157 1.31
0904 0.23
1423 1.50
2206 0.46
25
SEX
0231 1.61
1053 -0.00
1512 1.63
2002 0.79
2314 0.38
10
QUI
0232 1.38
0957 0.17
1502 1.56
2251 0.45
26
SÁB
0314 1.70
0844 0.41
1140 0.07
1557 1.64
1955 0.64
2114 0.70
2359 0.43
11
SEX
0306 1.43
1040 0.13
1538 1.56
2323 0.46
27
DOM
0401 1.74
0821 0.36
0955 0.41
1217 0.18
1636 1.60
2032 0.53
2227 0.64
12
SÁB
0342 1.45
1119 0.11
1610 1.52
28
SEG
0040 0.50
0446 1.71
0902 0.34
1101 0.46
1302 0.31
1712 1.54
2112 0.45
2340 0.62
13
DOM
0002 0.47
0412 1.45
1202 0.12
1649 1.46
29
TER
0116 0.55
0525 1.65
0940 0.36
1201 0.54
1353 0.44
1757 1.46
2157 0.42
14
SEG
0044 0.50
0453 1.44
1255 0.16
1721 1.38
2114 0.79
2214 0.81
30
QUA
0202 0.59
0606 1.55
1012 0.41
1253 0.65
1447 0.54
1836 1.37
2229 0.43
15
TER
0129 0.53
0531 1.41
1351 0.23
1802 1.30
2132 0.74
2329 0.83
31
QUI
0108 0.67
0257 0.60
0655 1.44
1049 0.50
1323 0.75
1540 0.61
1914 1.27
2304 0.48
16
QUA
0221 0.55
0614 1.38
1012 0.71
1121 0.73
1453 0.29
1847 1.21
2204 0.68
Agosto
HORA ALT(m) HORA ALT(m)
01
SEX
0146 0.70
0349 0.58
0738 1.32
1114 0.61
1359 0.85
1629 0.63
2001 1.17
2340 0.57
17
DOM
0201 0.92
0502 0.36
0844 1.17
1114 0.85
1406 1.27
1746 0.47
2055 1.05
2357 0.57
02
SÁB
0202 0.74
0440 0.54
0825 1.20
1151 0.74
1416 0.93
1719 0.62
2051 1.07
18
SEG
0242 0.94
0602 0.24
0959 1.11
1201 0.98
1453 1.32
1844 0.43
2202 1.04
03
DOM
0012 0.69
0210 0.77
0525 0.47
0929 1.10
1216 0.90
1436 1.00
1812 0.59
2159 0.99
19
TER
0057 0.73
0310 0.92
0701 0.12
1253 1.13
1525 1.30
1938 0.39
2323 1.13
04
SEG
0614 0.39
1117 1.09
1304 1.07
1408 1.07
1910 0.55
2359 1.02
20
QUA
0757 0.04
1255 1.29
2027 0.35
05
TER
0706 0.31
1312 1.24
2008 0.50
21
QUI
0038 1.31
0851 -0.02
1338 1.44
2116 0.33
06
QUA
0108 1.16
0801 0.23
1347 1.39
2101 0.44
22
SEX
0132 1.51
0940 -0.02
1416 1.57
2201 0.32
07
QUI
0149 1.29
0851 0.14
1417 1.50
2144 0.40
23
SÁB
0216 1.68
1023 0.03
1457 1.64
2242 0.35
08
SEX
0217 1.41
0936 0.06
1451 1.56
2216 0.37
24
DOM
0301 1.78
1102 0.12
1531 1.66
2102 0.50
2310 0.39
09
SÁB
0253 1.50
1016 0.01
1516 1.57
2253 0.36
25
SEG
0342 1.81
0821 0.33
0940 0.35
1144 0.25
1606 1.65
2029 0.37
2340 0.44
10
DOM
0317 1.55
1059 -0.00
1549 1.55
2327 0.37
26
TER
0417 1.78
0853 0.32
1101 0.43
1216 0.39
1647 1.58
2104 0.30
11
SEG
0353 1.59
1144 0.04
1614 1.50
27
QUA
0501 1.70
0917 0.34
1257 0.53
1717 1.49
2136 0.29
12
TER
0006 0.40
0423 1.59
1229 0.13
1651 1.43
2204 0.69
28
QUI
0540 1.58
0953 0.39
1359 0.65
1801 1.39
2206 0.31
13
QUA
0057 0.45
0504 1.57
1323 0.26
1725 1.35
2108 0.55
2317 0.71
29
SEX
0617 1.45
1016 0.47
1314 0.80
1504 0.72
1842 1.26
2240 0.39
14
QUI
0153 0.49
0553 1.50
0940 0.69
1123 0.77
1429 0.39
1808 1.27
2147 0.48
30
SÁB
0140 0.68
0310 0.62
0704 1.31
1051 0.58
1347 0.91
1608 0.72
1921 1.14
2306 0.49
15
SEX
0019 0.78
0259 0.51
0644 1.39
1004 0.71
1229 0.95
1538 0.47
1901 1.19
2221 0.44
31
DOM
0157 0.74
0412 0.57
0801 1.17
1110 0.73
1404 1.01
1706 0.68
2012 1.01
2340 0.64
16
SÁB
0110 0.86
0402 0.46
0740 1.28
1044 0.77
1319 1.13
1646 0.49
1955 1.10
2304 0.47
DG6-62 Original
133
PORTO DE ITAGUAÍ (ESTADO DO RIO DE JANEIRO) - 2025
Latitude 22° 55'.9 S Longitude 43° 50'.5 W Fuso UTC -03.0 horas
DHN 19 Componentes Nível Médio 0.81 m Carta 1623
Setembro
HORA ALT(m) HORA ALT(m)
01
SEG
0202 0.79
0508 0.48
0904 1.06
1138 0.90
1416 1.09
1802 0.61
2123 0.92
17
QUA
0027 0.75
0255 0.96
0644 0.09
1110 1.10
1212 1.09
1504 1.29
1908 0.38
2304 1.16
02
TER
0004 0.80
0201 0.86
0602 0.38
1417 1.16
1859 0.53
18
QUI
0249 0.93
0732 0.03
1236 1.25
1959 0.33
03
QUA
0042 0.98
0651 0.26
1347 1.27
1946 0.45
19
SEX
0019 1.35
0819 0.02
1317 1.41
2042 0.31
04
QUI
0110 1.16
0738 0.16
1349 1.40
2027 0.38
20
SÁB
0114 1.55
0906 0.05
1359 1.54
2117 0.30
05
SEX
0138 1.32
0823 0.06
1406 1.49
2104 0.33
21
DOM
0201 1.71
0949 0.12
1431 1.62
2149 0.31
06
SÁB
0204 1.46
0906 -0.02
1427 1.54
2144 0.29
22
SEG
0242 1.80
1025 0.22
1504 1.66
2004 0.32
2140 0.33
07
DOM
0229 1.57
0953 -0.05
1453 1.56
2216 0.27
23
TER
0316 1.82
0810 0.33
1053 0.34
1540 1.64
2016 0.24
08
SEG
0259 1.66
1036 -0.03
1514 1.55
2259 0.27
24
QUA
0355 1.78
0827 0.33
1610 1.59
2046 0.21
09
TER
0325 1.70
1119 0.05
1546 1.52
2342 0.31
25
QUI
0431 1.69
0857 0.36
1649 1.50
2112 0.21
10
QUA
0402 1.71
1208 0.18
1616 1.48
2012 0.49
2202 0.58
26
SEX
0508 1.58
0919 0.41
1723 1.37
2144 0.26
11
QUI
0029 0.38
0444 1.65
1004 0.72
1306 0.34
1659 1.41
2047 0.38
2310 0.64
27
SÁB
0555 1.43
0953 0.50
1301 0.85
1446 0.78
1804 1.24
2210 0.35
12
SEX
0127 0.45
0527 1.54
0906 0.67
1119 0.88
1410 0.49
1744 1.31
2119 0.32
28
DOM
0114 0.65
0244 0.62
0644 1.28
1016 0.62
1316 0.96
1555 0.76
1857 1.10
2244 0.47
13
SÁB
0010 0.74
0240 0.47
0617 1.40
0942 0.68
1219 1.07
1519 0.57
1832 1.21
2204 0.31
29
SEG
0127 0.72
0353 0.57
0738 1.14
1047 0.76
1342 1.05
1655 0.69
1953 0.98
2306 0.63
14
DOM
0102 0.85
0349 0.43
0714 1.26
1014 0.72
1310 1.24
1627 0.57
1927 1.13
2251 0.39
30
TER
0142 0.79
0451 0.46
0849 1.04
1102 0.92
1355 1.14
1746 0.60
2104 0.91
2329 0.81
15
SEG
0147 0.92
0453 0.32
0819 1.13
1059 0.80
1401 1.34
1725 0.51
2029 1.07
2336 0.55
16
TER
0219 0.96
0551 0.19
0936 1.06
1138 0.93
1438 1.35
1817 0.44
2144 1.07
Outubro
HORA ALT(m) HORA ALT(m)
01
QUA
0138 0.88
0538 0.34
1357 1.21
1827 0.50
17
SEX
0702 0.09
1159 1.20
1917 0.33
2357 1.35
02
QUI
0114 1.01
0621 0.21
1349 1.30
1908 0.41
18
SÁB
0749 0.12
1251 1.34
1957 0.30
03
SEX
0106 1.18
0706 0.10
1342 1.38
1949 0.34
19
DOM
0057 1.52
0829 0.18
1329 1.46
2027 0.28
04
SÁB
0121 1.35
0753 0.02
1347 1.44
2025 0.27
20
SEG
0140 1.65
0904 0.25
1404 1.55
2038 0.27
05
DOM
0142 1.49
0840 -0.03
1401 1.47
2104 0.22
21
TER
0216 1.73
0940 0.34
1440 1.59
1946 0.24
06
SEG
0204 1.61
0927 -0.03
1417 1.50
2149 0.19
22
QUA
0257 1.76
0749 0.39
1508 1.59
2002 0.19
07
TER
0231 1.70
1014 0.02
1446 1.52
2234 0.20
23
QUI
0329 1.72
0804 0.40
1546 1.55
2023 0.19
08
QUA
0302 1.76
1102 0.12
1512 1.53
1925 0.49
2036 0.51
2317 0.23
24
SEX
0406 1.66
0827 0.44
1617 1.47
2053 0.21
09
QUI
0342 1.74
1159 0.27
1555 1.50
1951 0.37
2157 0.52
25
SÁB
0449 1.55
0859 0.50
1259 0.73
1659 1.36
2119 0.27
10
SEX
0010 0.30
0421 1.67
0806 0.70
1002 0.83
1257 0.43
1634 1.44
2021 0.28
2301 0.60
26
DOM
0531 1.42
0923 0.58
1216 0.85
1410 0.78
1744 1.23
2155 0.36
11
SÁB
0110 0.37
0508 1.54
0844 0.68
1108 0.99
1401 0.56
1717 1.36
2104 0.24
2359 0.71
27
SEG
0202 0.56
0617 1.28
0959 0.69
1249 0.95
1517 0.76
1829 1.10
2221 0.49
12
DOM
0219 0.40
0604 1.39
0914 0.67
1206 1.15
1504 0.62
1810 1.27
2151 0.29
28
TER
0059 0.66
0314 0.52
0712 1.16
1017 0.82
1302 1.04
1616 0.69
1923 1.00
2257 0.65
13
SEG
0047 0.82
0329 0.36
0702 1.25
1001 0.70
1301 1.27
1608 0.59
1908 1.19
2234 0.40
29
QUA
0101 0.75
0412 0.42
0819 1.07
1044 0.95
1316 1.12
1706 0.60
2032 0.95
2310 0.82
14
TER
0123 0.91
0431 0.27
0804 1.14
1044 0.78
1344 1.32
1704 0.52
2010 1.14
2316 0.56
30
QUI
0101 0.87
0504 0.31
1331 1.19
1753 0.50
15
QUA
0202 0.96
0525 0.18
0908 1.08
1119 0.89
1414 1.29
1757 0.44
2116 1.14
31
SEX
0057 1.02
0553 0.20
1340 1.25
1827 0.41
16
QUI
0010 0.77
0229 0.96
0614 0.11
1029 1.09
1208 1.03
1446 1.20
1842 0.38
2236 1.21
Novembro
HORA ALT(m) HORA ALT(m)
01
SÁB
0053 1.17
0638 0.11
1338 1.28
1906 0.32
17
SEG
0025 1.41
0751 0.33
1259 1.34
1940 0.27
02
DOM
0059 1.32
0723 0.05
1317 1.30
1951 0.24
18
TER
0116 1.52
0829 0.38
1338 1.43
1953 0.25
03
SEG
0114 1.46
0814 0.03
1321 1.35
2038 0.18
19
QUA
0159 1.60
0912 0.44
1410 1.49
1944 0.24
04
TER
0140 1.58
0906 0.05
1347 1.41
2125 0.14
20
QUI
0236 1.64
0853 0.51
0957 0.50
1449 1.51
1951 0.23
05
QUA
0208 1.68
1001 0.11
1414 1.48
2214 0.13
21
SEX
0310 1.65
0747 0.53
1053 0.56
1519 1.50
2012 0.23
06
QUI
0247 1.73
1055 0.21
1455 1.52
1901 0.43
2012 0.47
2304 0.15
22
SÁB
0351 1.61
0810 0.56
1010 0.65
1147 0.62
1601 1.45
2040 0.26
07
SEX
0323 1.71
0714 0.80
0836 0.84
1149 0.34
1531 1.52
1925 0.33
2129 0.49
23
DOM
0429 1.54
0840 0.61
1101 0.73
1242 0.67
1640 1.37
2112 0.32
08
SÁB
0002 0.20
0408 1.65
0747 0.75
0953 0.93
1246 0.48
1614 1.49
2006 0.26
2236 0.55
24
SEG
0510 1.44
0908 0.68
1127 0.80
1338 0.71
1717 1.27
2149 0.41
2353 0.47
09
DOM
0101 0.26
0501 1.53
0817 0.70
1057 1.03
1346 0.58
1704 1.43
2055 0.26
2329 0.65
25
TER
0125 0.43
0601 1.33
0944 0.76
1201 0.89
1436 0.72
1804 1.18
2217 0.52
10
SEG
0202 0.30
0555 1.40
0902 0.67
1155 1.12
1449 0.62
1801 1.36
2140 0.32
26
QUA
0001 0.56
0232 0.43
0653 1.21
1006 0.84
1221 0.96
1531 0.69
1859 1.11
11
TER
0017 0.76
0306 0.30
0649 1.28
0951 0.69
1244 1.18
1547 0.60
1857 1.30
2219 0.43
27
QUI
0004 0.68
0332 0.38
0747 1.11
1025 0.92
1251 1.04
1617 0.62
1957 1.06
2306 0.81
12
QUA
0104 0.85
0406 0.26
0746 1.19
1032 0.74
1321 1.19
1638 0.54
1955 1.26
2308 0.58
28
SEX
0025 0.83
0425 0.31
0847 1.04
1049 0.97
1308 1.10
1704 0.52
2101 1.05
2317 0.96
13
QUI
0146 0.91
0501 0.22
0844 1.13
1114 0.81
1401 1.14
1721 0.46
2057 1.23
29
SÁB
0051 0.99
0516 0.23
1101 1.01
1340 1.12
1753 0.42
2347 1.10
14
SEX
0002 0.75
0208 0.93
0551 0.21
0947 1.11
1208 0.92
1421 1.04
1802 0.40
2201 1.24
30
DOM
0114 1.12
0608 0.18
1401 1.11
1836 0.32
15
SÁB
0112 0.92
0212 0.94
0631 0.23
1059 1.14
1842 0.35
2314 1.30
16
DOM
0710 0.27
1206 1.23
1910 0.31
Dezembro
HORA ALT(m) HORA ALT(m)
01
SEG
0034 1.24
0702 0.15
1210 1.11
1921 0.23
17
QUA
0059 1.35
0810 0.49
1312 1.29
1953 0.27
02
TER
0044 1.37
0759 0.15
1238 1.21
2014 0.15
18
QUI
0144 1.46
0906 0.50
1355 1.38
2044 0.25
03
QUA
0114 1.50
0855 0.17
1312 1.32
2108 0.08
19
SEX
0219 1.54
1001 0.50
1431 1.44
2142 0.23
04
QUI
0155 1.60
0951 0.21
1355 1.43
2202 0.04
20
SÁB
0301 1.59
1051 0.51
1506 1.47
2234 0.22
05
SEX
0232 1.66
1044 0.28
1434 1.51
1955 0.48
2259 0.04
21
DOM
0338 1.59
1131 0.53
1546 1.46
2316 0.23
06
SÁB
0312 1.67
0657 0.88
0810 0.93
1134 0.36
1516 1.57
1914 0.37
2102 0.48
2353 0.08
22
SEG
0412 1.56
1208 0.56
1619 1.43
07
DOM
0401 1.63
0725 0.79
0923 0.94
1223 0.45
1602 1.58
2002 0.32
2204 0.51
23
TER
0001 0.25
0457 1.49
0916 0.73
1006 0.74
1255 0.60
1701 1.38
08
SEG
0047 0.14
0449 1.55
0810 0.71
1031 0.96
1316 0.54
1655 1.55
2049 0.32
2304 0.58
24
QUA
0051 0.28
0536 1.39
1101 0.79
1342 0.64
1742 1.32
09
TER
0146 0.22
0538 1.46
0901 0.65
1131 0.98
1412 0.59
1746 1.50
2131 0.36
25
QUI
0149 0.32
0614 1.28
1001 0.79
1146 0.84
1434 0.65
1821 1.26
10
QUA
0001 0.67
0244 0.28
0623 1.36
0947 0.62
1221 1.00
1508 0.59
1838 1.44
2214 0.43
26
SEX
0251 0.34
0702 1.18
1012 0.81
1219 0.90
1527 0.61
1910 1.20
11
QUI
0053 0.76
0340 0.32
0714 1.28
1027 0.63
1308 0.99
1602 0.56
1927 1.37
2302 0.54
27
SÁB
0004 0.80
0353 0.34
0749 1.08
1044 0.81
1302 0.96
1621 0.54
2006 1.16
2306 0.89
12
SEX
0127 0.83
0427 0.35
0804 1.20
1110 0.67
1351 0.95
1649 0.51
2017 1.30
2349 0.69
28
DOM
0059 0.96
0453 0.33
0838 1.01
1108 0.81
1347 0.99
1714 0.45
2110 1.13
2336 1.00
13
SÁB
0202 0.88
0512 0.38
0859 1.14
1202 0.75
1408 0.89
1725 0.46
2116 1.24
29
SEG
0144 1.10
0549 0.30
0936 0.98
1201 0.83
1419 0.99
1808 0.33
14
DOM
0038 0.84
0219 0.90
0601 0.41
0957 1.10
1359 0.84
1802 0.39
2223 1.21
30
TER
0004 1.11
0219 1.20
0647 0.29
1047 1.00
1302 0.89
1457 0.95
1904 0.22
15
SEG
0642 0.44
1106 1.11
1840 0.35
2351 1.25
31
QUA
0012 1.25
0108 1.24
0249 1.26
0746 0.27
1155 1.10
2002 0.11
16
TER
0719 0.47
1221 1.19
1914 0.30
DG6-62 Original
