134
PORTO DO FORNO (ESTADO DO RIO DE JANEIRO) - 2025
Latitude 22° 58'.4 S Longitude 42° 00'.8 W Fuso UTC -03.0 horas
IEAPM 43 Componentes Nível Médio 0.61 m Carta 1503
Janeiro
HORA ALT(m) HORA ALT(m)
01
QUA
0421 1.10
1016 0.47
1547 0.90
2210 0.10
17
SEX
0525 0.87
1110 0.50
1657 0.96
2351 0.29
02
QUI
0506 1.06
1101 0.49
1634 0.90
2301 0.14
18
SÁB
0549 0.81
1117 0.50
1719 0.93
03
SEX
0557 0.99
1140 0.52
1714 0.89
2353 0.20
19
DOM
0012 0.36
0606 0.78
1127 0.51
1742 0.88
04
SÁB
0644 0.91
1219 0.55
1757 0.88
20
SEG
0025 0.42
0623 0.76
1146 0.52
1804 0.83
05
DOM
0046 0.27
0736 0.83
1310 0.57
1844 0.85
21
TER
0031 0.47
0655 0.75
1214 0.54
1844 0.76
06
SEG
0142 0.34
0834 0.78
1412 0.58
1953 0.81
22
QUA
0017 0.52
0725 0.74
1316 0.56
1944 0.70
07
TER
0255 0.41
0940 0.74
1527 0.55
2123 0.78
23
QUI
0034 0.58
0814 0.72
1634 0.52
08
QUA
0410 0.47
1129 0.74
1649 0.48
24
SEX
0202 0.68
0538 0.61
0953 0.69
1757 0.42
09
QUI
0006 0.80
0529 0.51
1202 0.75
1801 0.37
25
SÁB
0123 0.81
0702 0.56
1221 0.72
1853 0.30
10
SEX
0123 0.89
0647 0.53
1238 0.78
1859 0.26
26
DOM
0202 0.94
0759 0.49
1314 0.78
1940 0.18
11
SÁB
0217 0.97
0749 0.54
1312 0.81
1949 0.15
27
SEG
0240 1.06
0840 0.41
1401 0.85
2019 0.08
12
DOM
0304 1.03
0834 0.53
1351 0.84
2032 0.09
28
TER
0312 1.14
0912 0.35
1444 0.93
2102 -0.00
13
SEG
0342 1.05
0914 0.52
1427 0.88
2114 0.07
29
QUA
0346 1.18
0947 0.30
1523 1.02
2146 -0.05
14
TER
0412 1.04
0955 0.51
1506 0.93
2201 0.09
30
QUI
0419 1.18
1016 0.28
1602 1.09
2225 -0.07
15
QUA
0440 0.99
1021 0.50
1549 0.96
2240 0.14
31
SEX
0459 1.14
1053 0.28
1644 1.12
2310 -0.04
16
QUI
0502 0.93
1053 0.49
1625 0.97
2319 0.21
Fevereiro
HORA ALT(m) HORA ALT(m)
01
SÁB
0532 1.07
1125 0.30
1716 1.12
2355 0.02
17
SEG
0031 0.23
0610 0.85
1229 0.36
1802 0.91
02
DOM
0608 0.99
1204 0.32
1755 1.07
18
TER
0059 0.35
0625 0.80
1301 0.42
1825 0.80
03
SEG
0036 0.12
0644 0.91
1251 0.36
1836 0.98
19
QUA
0129 0.47
0642 0.74
1351 0.47
1902 0.71
04
TER
0123 0.25
0716 0.83
1349 0.38
1936 0.88
20
QUI
0051 0.59
0240 0.58
0647 0.68
1508 0.49
05
QUA
0223 0.40
0759 0.77
1501 0.39
2108 0.79
21
SEX
0149 0.71
0519 0.62
1123 0.55
1701 0.46
06
QUI
0355 0.51
0859 0.71
1627 0.35
22
SÁB
0201 0.81
0849 0.53
1302 0.59
1814 0.37
07
SEX
0040 0.84
0544 0.55
1147 0.70
1759 0.25
23
DOM
0208 0.92
0812 0.46
1325 0.66
1906 0.26
08
SÁB
0147 0.96
0710 0.51
1255 0.76
1904 0.12
24
SEG
0221 1.02
0823 0.38
1355 0.76
1953 0.14
09
DOM
0229 1.06
0802 0.43
1340 0.85
1957 0.01
25
TER
0249 1.10
0847 0.31
1421 0.87
2029 0.03
10
SEG
0301 1.13
0840 0.35
1423 0.95
2044 -0.07
26
QUA
0316 1.14
0910 0.25
1451 0.99
2106 -0.06
11
TER
0331 1.16
0914 0.28
1502 1.04
2125 -0.11
27
QUI
0344 1.15
0936 0.21
1521 1.10
2146 -0.12
12
QUA
0401 1.14
0951 0.23
1536 1.12
2208 -0.11
28
SEX
0412 1.13
1002 0.19
1557 1.17
2221 -0.12
13
QUI
0427 1.10
1019 0.21
1608 1.17
2249 -0.07
14
SEX
0455 1.05
1055 0.22
1644 1.16
2327 0.01
15
SÁB
0521 0.98
1125 0.25
1712 1.11
16
DOM
0001 0.11
0551 0.92
1157 0.30
1742 1.02
Março
HORA ALT(m) HORA ALT(m)
01
SÁB
0442 1.08
1032 0.18
1629 1.19
2301 -0.07
17
SEG
0502 0.98
1117 0.15
1716 1.07
2353 0.19
02
DOM
0508 1.01
1104 0.18
1702 1.16
2340 0.03
18
TER
0527 0.93
1153 0.19
1749 0.97
03
SEG
0534 0.94
1144 0.20
1738 1.08
19
QUA
0027 0.31
0553 0.86
1234 0.24
1832 0.88
04
TER
0016 0.17
0557 0.88
1225 0.22
1817 0.97
20
QUI
0112 0.43
0617 0.78
1323 0.29
1942 0.81
05
QUA
0101 0.33
0614 0.82
1314 0.25
1914 0.85
21
SEX
0231 0.53
0651 0.69
1431 0.33
2214 0.80
06
QUI
0157 0.49
0636 0.77
1419 0.28
2101 0.76
22
SÁB
0434 0.54
0806 0.60
1601 0.33
2351 0.89
07
SEX
0325 0.60
0702 0.71
1553 0.28
23
DOM
0601 0.47
1136 0.62
1717 0.27
08
SÁB
0038 0.82
0517 0.60
0838 0.64
1719 0.23
24
SEG
0042 0.98
0651 0.39
1227 0.72
1823 0.18
09
DOM
0127 0.91
0636 0.52
1210 0.71
1834 0.14
25
TER
0121 1.06
0727 0.31
1308 0.85
1914 0.06
10
SEG
0149 0.97
0723 0.42
1304 0.83
1927 0.05
26
QUA
0201 1.11
0801 0.25
1344 0.98
2001 -0.04
11
TER
0216 1.02
0802 0.32
1346 0.97
2014 -0.03
27
QUI
0236 1.12
0829 0.20
1416 1.09
2040 -0.10
12
QUA
0244 1.05
0834 0.23
1419 1.09
2057 -0.08
28
SEX
0308 1.11
0859 0.16
1455 1.17
2117 -0.11
13
QUI
0308 1.06
0904 0.16
1457 1.18
2134 -0.10
29
SÁB
0340 1.08
0929 0.13
1534 1.20
2159 -0.07
14
SEX
0336 1.06
0938 0.12
1532 1.22
2208 -0.08
30
DOM
0410 1.02
1004 0.12
1614 1.18
2240 0.04
15
SÁB
0404 1.05
1008 0.10
1606 1.21
2246 -0.02
31
SEG
0438 0.95
1042 0.11
1655 1.11
2317 0.18
16
DOM
0436 1.02
1044 0.11
1644 1.16
2317 0.07
Abril
HORA ALT(m) HORA ALT(m)
01
TER
0455 0.88
1119 0.13
1738 1.01
17
QUI
0425 0.88
1112 0.18
1742 0.92
02
QUA
0001 0.34
0508 0.82
1204 0.17
1831 0.90
18
SEX
0006 0.51
0457 0.81
1157 0.22
1847 0.88
03
QUI
0053 0.50
0517 0.77
1301 0.22
2006 0.80
19
SÁB
0119 0.57
0536 0.73
1301 0.26
2031 0.87
04
SEX
0201 0.62
0523 0.72
1406 0.27
2310 0.81
20
DOM
0308 0.57
0704 0.67
1421 0.28
2214 0.91
05
SÁB
0402 0.66
0551 0.67
1544 0.30
21
SEG
0436 0.51
0914 0.69
1557 0.24
2317 0.97
06
DOM
0019 0.84
0523 0.61
0801 0.62
1704 0.28
22
TER
0521 0.44
1055 0.80
1708 0.16
07
SEG
0044 0.86
0610 0.53
1151 0.71
1808 0.23
23
QUA
0004 1.02
0559 0.36
1149 0.94
1804 0.06
08
TER
0104 0.88
0647 0.45
1225 0.83
1859 0.17
24
QUI
0046 1.05
0632 0.28
1232 1.07
1855 -0.01
09
QUA
0125 0.89
0714 0.38
1259 0.94
1938 0.13
25
SEX
0119 1.08
0710 0.20
1312 1.17
1940 -0.04
10
QUI
0146 0.90
0744 0.31
1325 1.03
2008 0.10
26
SÁB
0157 1.08
0751 0.13
1359 1.22
2021 -0.02
11
SEX
0206 0.93
0808 0.25
1401 1.09
2042 0.09
27
DOM
0229 1.06
0831 0.07
1444 1.22
2104 0.07
12
SÁB
0229 0.95
0838 0.20
1432 1.11
2108 0.12
28
SEG
0259 1.03
0912 0.03
1534 1.17
2149 0.20
13
DOM
0257 0.97
0906 0.16
1508 1.10
2140 0.17
29
TER
0321 0.98
0957 0.02
1627 1.10
2232 0.35
14
SEG
0317 0.97
0936 0.14
1538 1.06
2206 0.25
30
QUA
0342 0.93
1040 0.05
1719 1.00
2319 0.49
15
TER
0336 0.96
1004 0.13
1616 1.02
2238 0.33
16
QUA
0401 0.93
1036 0.15
1653 0.97
2316 0.43
DG6-62 Original
135
PORTO DO FORNO (ESTADO DO RIO DE JANEIRO) - 2025
Latitude 22° 58'.4 S Longitude 42° 00'.8 W Fuso UTC -03.0 horas
IEAPM 43 Componentes Nível Médio 0.61 m Carta 1503
Maio
HORA ALT(m) HORA ALT(m)
01
QUI
0404 0.88
1127 0.12
1821 0.91
17
SÁB
0342 0.83
1059 0.24
1759 0.87
02
SEX
0014 0.60
0427 0.81
1227 0.21
2027 0.84
18
DOM
0008 0.64
0417 0.78
1202 0.30
1919 0.83
03
SÁB
0131 0.67
0504 0.75
1347 0.29
2204 0.83
19
SEG
0121 0.64
0534 0.74
1325 0.32
2119 0.84
04
DOM
0338 0.65
0647 0.69
1523 0.33
2302 0.84
20
TER
0249 0.61
0751 0.75
1451 0.31
2225 0.87
05
SEG
0444 0.59
0959 0.72
1642 0.32
2344 0.84
21
QUA
0359 0.54
0925 0.84
1610 0.25
2310 0.91
06
TER
0519 0.52
1106 0.80
1738 0.28
22
QUI
0446 0.45
1040 0.94
1708 0.18
2347 0.95
07
QUA
0008 0.85
0557 0.46
1147 0.89
1819 0.25
23
SEX
0527 0.35
1138 1.05
1801 0.14
08
QUI
0031 0.87
0623 0.40
1214 0.96
1853 0.23
24
SÁB
0019 0.99
0612 0.23
1227 1.12
1847 0.14
09
SEX
0051 0.90
0646 0.34
1246 1.01
1917 0.22
25
DOM
0053 1.02
0701 0.13
1316 1.16
1932 0.19
10
SÁB
0112 0.93
0714 0.28
1316 1.04
1946 0.24
26
SEG
0119 1.04
0746 0.04
1406 1.16
2014 0.27
11
DOM
0136 0.96
0746 0.22
1349 1.04
2012 0.27
27
TER
0147 1.05
0829 -0.01
1453 1.13
2059 0.36
12
SEG
0155 0.97
0816 0.18
1421 1.03
2040 0.33
28
QUA
0212 1.05
0910 -0.02
1544 1.08
2140 0.46
13
TER
0208 0.97
0846 0.15
1455 1.01
2108 0.40
29
QUI
0246 1.03
0957 0.02
1634 1.01
2221 0.54
14
QUA
0225 0.95
0912 0.14
1531 0.98
2138 0.48
30
SEX
0317 0.99
1040 0.10
1719 0.93
2304 0.59
15
QUI
0253 0.92
0944 0.16
1614 0.95
2216 0.55
31
SÁB
0402 0.94
1131 0.21
1812 0.85
16
SEX
0310 0.88
1016 0.19
1701 0.91
2304 0.60
Junho
HORA ALT(m) HORA ALT(m)
01
DOM
0455 0.88
1231 0.32
1919 0.78
17
TER
0101 0.60
0610 0.81
1321 0.34
2047 0.80
02
SEG
0046 0.62
0614 0.84
1353 0.39
2051 0.76
18
QUA
0202 0.61
0729 0.81
1438 0.36
2212 0.79
03
TER
0210 0.61
0746 0.82
1534 0.41
2157 0.77
19
QUI
0317 0.58
0901 0.82
1555 0.36
2314 0.81
04
QUA
0347 0.56
0914 0.84
1634 0.39
2242 0.81
20
SEX
0423 0.51
1036 0.87
1701 0.36
2342 0.83
05
QUI
0440 0.49
1029 0.88
1716 0.36
2319 0.87
21
SÁB
0517 0.40
1159 0.94
1757 0.36
06
SEX
0519 0.41
1127 0.94
1755 0.33
2359 0.93
22
DOM
0014 0.87
0610 0.27
1301 1.01
1851 0.38
07
SÁB
0602 0.32
1216 0.98
1832 0.31
23
SEG
0046 0.90
0702 0.15
1353 1.06
1942 0.41
08
DOM
0032 0.97
0644 0.24
1301 1.03
1912 0.31
24
TER
0114 0.93
0751 0.06
1444 1.10
2025 0.44
09
SEG
0104 1.00
0723 0.16
1346 1.06
1955 0.33
25
QUA
0142 0.96
0836 0.01
1527 1.09
2104 0.47
10
TER
0132 1.01
0802 0.11
1431 1.08
2038 0.37
26
QUI
0216 0.99
0914 -0.00
1602 1.06
2146 0.49
11
QUA
0201 0.99
0842 0.08
1516 1.09
2116 0.41
27
SEX
0253 1.01
0959 0.05
1634 1.00
2216 0.50
12
QUI
0229 0.96
0916 0.08
1557 1.08
2159 0.46
28
SÁB
0334 1.01
1038 0.13
1702 0.93
2247 0.51
13
SEX
0304 0.92
0955 0.11
1640 1.04
2242 0.50
29
DOM
0417 1.00
1116 0.23
1729 0.86
2308 0.51
14
SÁB
0338 0.88
1036 0.17
1719 0.98
2323 0.55
30
SEG
0457 0.97
1157 0.33
1801 0.80
2331 0.51
15
DOM
0419 0.85
1121 0.23
1808 0.91
16
SEG
0008 0.58
0508 0.83
1216 0.29
1912 0.84
Julho
HORA ALT(m) HORA ALT(m)
01
TER
0538 0.93
1234 0.41
1827 0.77
17
QUI
0131 0.45
0719 0.91
1412 0.32
2027 0.79
02
QUA
0004 0.52
0621 0.88
1317 0.46
1912 0.75
18
SEX
0247 0.46
0847 0.84
1529 0.41
2147 0.76
03
QUI
0104 0.54
0717 0.83
1423 0.50
2017 0.75
19
SÁB
0406 0.41
1136 0.85
1701 0.46
2332 0.77
04
SEX
0253 0.54
0840 0.78
1553 0.51
2134 0.78
20
DOM
0521 0.30
1257 0.96
1823 0.46
05
SÁB
0432 0.47
1032 0.79
1708 0.50
2251 0.82
21
SEG
0032 0.81
0629 0.17
1347 1.07
1921 0.43
06
DOM
0534 0.37
1217 0.86
1814 0.46
2359 0.87
22
TER
0116 0.87
0723 0.04
1432 1.16
2008 0.39
07
SEG
0627 0.25
1312 0.97
1908 0.42
23
QUA
0159 0.94
0812 -0.06
1512 1.21
2055 0.35
08
TER
0051 0.92
0716 0.14
1401 1.07
2001 0.37
24
QUI
0236 1.01
0859 -0.11
1549 1.20
2129 0.32
09
QUA
0136 0.96
0801 0.05
1444 1.16
2046 0.33
25
SEX
0310 1.07
0942 -0.10
1619 1.16
2204 0.30
10
QUI
0216 0.99
0844 -0.01
1521 1.21
2121 0.30
26
SÁB
0347 1.11
1021 -0.06
1647 1.08
2238 0.31
11
SEX
0257 1.03
0919 -0.04
1559 1.22
2201 0.29
27
DOM
0419 1.12
1102 0.03
1710 1.00
2306 0.33
12
SÁB
0340 1.05
1002 -0.04
1636 1.19
2240 0.30
28
SEG
0455 1.09
1140 0.14
1734 0.92
2334 0.36
13
DOM
0419 1.07
1047 -0.00
1714 1.12
2314 0.33
29
TER
0523 1.03
1212 0.25
1757 0.85
2355 0.41
14
SEG
0501 1.06
1129 0.06
1757 1.04
2355 0.37
30
QUA
0547 0.95
1238 0.37
1810 0.80
15
TER
0542 1.03
1217 0.13
1836 0.94
31
QUI
0014 0.45
0608 0.85
1255 0.46
1827 0.77
16
QUA
0038 0.41
0623 0.98
1310 0.23
1923 0.86
Agosto
HORA ALT(m) HORA ALT(m)
01
SEX
0046 0.49
0640 0.76
1236 0.55
1851 0.74
17
DOM
0321 0.29
1134 0.82
1623 0.56
2108 0.70
02
SÁB
0229 0.52
0727 0.67
1055 0.61
1355 0.64
1521 0.63
1921 0.69
18
SEG
0455 0.22
1249 0.94
1806 0.53
2353 0.74
03
DOM
0429 0.49
1355 0.74
1802 0.62
2127 0.65
19
TER
0606 0.11
1332 1.05
1908 0.44
04
SEG
0547 0.40
1340 0.84
1904 0.54
20
QUA
0057 0.85
0708 -0.01
1412 1.13
1955 0.33
05
TER
0042 0.70
0640 0.28
1359 0.96
1944 0.45
21
QUI
0140 0.97
0801 -0.11
1446 1.18
2029 0.24
06
QUA
0119 0.78
0723 0.16
1423 1.07
2014 0.36
22
SEX
0217 1.10
0847 -0.18
1517 1.18
2104 0.17
07
QUI
0159 0.87
0804 0.05
1455 1.16
2051 0.28
23
SÁB
0257 1.20
0927 -0.19
1547 1.16
2140 0.13
08
SEX
0229 0.97
0846 -0.04
1523 1.20
2117 0.23
24
DOM
0331 1.25
1006 -0.17
1614 1.12
2212 0.11
09
SÁB
0302 1.07
0919 -0.11
1553 1.21
2151 0.19
25
SEG
0406 1.26
1046 -0.09
1646 1.07
2247 0.13
10
DOM
0338 1.15
1001 -0.13
1623 1.18
2219 0.18
26
TER
0444 1.21
1119 0.01
1712 1.01
2319 0.17
11
SEG
0410 1.19
1038 -0.11
1657 1.13
2255 0.19
27
QUA
0516 1.11
1153 0.14
1738 0.95
2353 0.23
12
TER
0447 1.19
1116 -0.05
1725 1.05
2327 0.21
28
QUI
0546 0.99
1223 0.28
1759 0.88
13
QUA
0521 1.14
1159 0.06
1757 0.98
29
SEX
0031 0.29
0619 0.86
1259 0.41
1816 0.82
14
QUI
0006 0.24
0601 1.06
1242 0.19
1821 0.90
30
SÁB
0116 0.35
0706 0.75
1359 0.53
1838 0.74
15
SEX
0057 0.27
0647 0.95
1336 0.34
1855 0.83
31
DOM
0231 0.40
1002 0.68
1553 0.60
1908 0.65
16
SÁB
0159 0.30
0804 0.83
1447 0.48
1942 0.76
DG6-62 Original
136
PORTO DO FORNO (ESTADO DO RIO DE JANEIRO) - 2025
Latitude 22° 58'.4 S Longitude 42° 00'.8 W Fuso UTC -03.0 horas
IEAPM 43 Componentes Nível Médio 0.61 m Carta 1503
Setembro
HORA ALT(m) HORA ALT(m)
01
SEG
0406 0.39
1234 0.80
1810 0.55
2336 0.62
17
QUA
0544 0.17
1304 0.93
1838 0.49
02
TER
0523 0.32
1304 0.91
1902 0.46
18
QUI
0014 0.80
0644 0.09
1331 0.96
1912 0.38
03
QUA
0034 0.70
0623 0.22
1331 1.02
1932 0.36
19
SEX
0101 0.94
0731 0.01
1359 0.99
1949 0.29
04
QUI
0114 0.80
0712 0.11
1404 1.10
2002 0.28
20
SÁB
0134 1.06
0812 -0.04
1423 1.00
2016 0.22
05
SEX
0151 0.91
0757 -0.00
1438 1.14
2032 0.22
21
DOM
0208 1.16
0851 -0.05
1449 1.00
2047 0.16
06
SÁB
0217 1.03
0836 -0.09
1508 1.15
2101 0.18
22
SEG
0244 1.20
0921 -0.03
1516 1.01
2116 0.13
07
DOM
0251 1.12
0910 -0.14
1538 1.14
2127 0.16
23
TER
0317 1.20
0955 0.03
1546 1.00
2147 0.12
08
SEG
0321 1.19
0949 -0.14
1606 1.09
2159 0.15
24
QUA
0351 1.15
1021 0.11
1610 0.99
2217 0.13
09
TER
0357 1.20
1023 -0.08
1636 1.03
2229 0.15
25
QUI
0423 1.07
1049 0.21
1631 0.96
2253 0.16
10
QUA
0432 1.16
1101 0.03
1701 0.96
2304 0.16
26
SEX
0457 0.98
1117 0.32
1653 0.91
2329 0.19
11
QUI
0506 1.08
1138 0.17
1716 0.89
2346 0.18
27
SÁB
0536 0.89
1151 0.43
1717 0.85
12
SEX
0547 0.97
1217 0.33
1729 0.84
28
DOM
0012 0.24
0632 0.82
1301 0.52
1751 0.77
13
SÁB
0031 0.21
0640 0.86
1306 0.49
1744 0.79
29
SEG
0110 0.29
0808 0.79
1446 0.56
1844 0.68
14
DOM
0129 0.25
0810 0.76
1417 0.61
1802 0.74
30
TER
0238 0.31
1032 0.83
1636 0.52
2123 0.66
15
SEG
0253 0.27
1155 0.80
1617 0.65
1836 0.68
16
TER
0427 0.24
1236 0.88
1753 0.58
2306 0.68
Outubro
HORA ALT(m) HORA ALT(m)
01
QUA
0414 0.27
1136 0.92
1738 0.44
2316 0.74
17
SEX
0616 0.19
1247 0.87
1831 0.42
02
QUI
0519 0.19
1217 1.00
1819 0.35
18
SÁB
0017 0.95
0659 0.16
1304 0.87
1855 0.35
03
SEX
0004 0.87
0614 0.08
1259 1.06
1857 0.28
19
DOM
0047 1.03
0731 0.16
1319 0.89
1916 0.29
04
SÁB
0047 1.00
0702 -0.01
1332 1.09
1929 0.22
20
SEG
0116 1.07
0757 0.17
1344 0.91
1938 0.24
05
DOM
0123 1.12
0747 -0.08
1408 1.09
2001 0.17
21
TER
0149 1.09
0819 0.20
1402 0.93
2004 0.19
06
SEG
0202 1.20
0827 -0.10
1444 1.07
2034 0.13
22
QUA
0216 1.07
0842 0.26
1419 0.94
2032 0.17
07
TER
0242 1.23
0906 -0.06
1516 1.03
2110 0.10
23
QUI
0246 1.02
0901 0.32
1434 0.94
2101 0.16
08
QUA
0323 1.20
0947 0.04
1546 0.97
2151 0.09
24
SEX
0312 0.98
0917 0.39
1457 0.93
2129 0.17
09
QUI
0408 1.13
1025 0.19
1606 0.91
2229 0.11
25
SÁB
0349 0.92
0946 0.46
1516 0.90
2202 0.19
10
SEX
0455 1.02
1106 0.35
1621 0.85
2314 0.14
26
DOM
0427 0.88
1016 0.52
1546 0.85
2240 0.24
11
SÁB
0555 0.91
1159 0.50
1631 0.80
27
SEG
0521 0.84
1110 0.59
1616 0.79
2334 0.29
12
DOM
0006 0.20
0721 0.82
1302 0.62
1647 0.75
28
TER
0646 0.81
1302 0.62
1712 0.73
13
SEG
0112 0.26
1008 0.81
1446 0.67
1702 0.70
29
QUA
0101 0.32
0844 0.82
1453 0.59
1938 0.70
14
TER
0249 0.30
1123 0.84
1649 0.63
1859 0.64
30
QUI
0232 0.31
1016 0.87
1604 0.51
2131 0.79
15
QUA
0421 0.28
1201 0.86
1725 0.56
2301 0.74
31
SEX
0404 0.24
1106 0.93
1649 0.43
2238 0.91
16
QUI
0525 0.24
1221 0.86
1802 0.49
2347 0.85
Novembro
HORA ALT(m) HORA ALT(m)
01
SÁB
0502 0.15
1147 0.98
1725 0.33
2329 1.04
17
SEG
0006 1.01
0632 0.29
1227 0.92
1825 0.28
02
DOM
0551 0.07
1219 1.02
1804 0.24
18
TER
0044 1.03
0659 0.31
1253 0.95
1901 0.22
03
SEG
0016 1.15
0636 0.03
1255 1.04
1847 0.15
19
QUA
0119 1.03
0727 0.35
1312 0.96
1932 0.18
04
TER
0102 1.21
0719 0.05
1325 1.04
1927 0.08
20
QUI
0157 1.01
0755 0.40
1327 0.96
2002 0.17
05
QUA
0147 1.22
0804 0.12
1353 1.03
2010 0.03
21
SEX
0225 0.98
0823 0.47
1349 0.94
2031 0.17
06
QUI
0231 1.18
0849 0.23
1414 1.00
2055 0.01
22
SÁB
0301 0.94
0855 0.53
1404 0.91
2101 0.19
07
SEX
0319 1.11
0929 0.37
1438 0.97
2138 0.04
23
DOM
0334 0.91
0923 0.58
1427 0.87
2131 0.24
08
SÁB
0416 1.01
1010 0.50
1504 0.93
2223 0.10
24
SEG
0417 0.87
1002 0.63
1447 0.83
2210 0.29
09
DOM
0519 0.92
1059 0.60
1532 0.87
2319 0.19
25
TER
0514 0.82
1051 0.66
1516 0.79
2306 0.35
10
SEG
0642 0.84
1204 0.67
1606 0.81
26
QUA
0632 0.79
1212 0.68
1608 0.75
11
TER
0027 0.28
0846 0.80
1342 0.69
1710 0.75
27
QUI
0031 0.39
0823 0.78
1342 0.66
1802 0.73
12
QUA
0202 0.35
1004 0.80
1527 0.64
2012 0.74
28
SEX
0157 0.39
0946 0.80
1455 0.61
2040 0.78
13
QUI
0353 0.35
1049 0.81
1623 0.57
2157 0.81
29
SÁB
0317 0.35
1031 0.83
1555 0.53
2153 0.87
14
SEX
0455 0.32
1119 0.83
1702 0.49
2249 0.90
30
DOM
0423 0.30
1104 0.87
1646 0.43
2253 0.95
15
SÁB
0536 0.30
1144 0.85
1732 0.42
2329 0.96
16
DOM
0608 0.28
1204 0.89
1757 0.35
Dezembro
HORA ALT(m) HORA ALT(m)
01
SEG
0512 0.27
1138 0.90
1729 0.32
2349 1.02
17
QUA
0029 0.93
0627 0.44
1217 0.94
1849 0.22
02
TER
0601 0.28
1204 0.93
1814 0.21
18
QUI
0123 0.98
0719 0.46
1253 0.96
1932 0.16
03
QUA
0044 1.07
0647 0.32
1232 0.96
1901 0.12
19
SEX
0214 1.01
0810 0.47
1327 0.95
2014 0.13
04
QUI
0134 1.08
0734 0.39
1257 0.98
1947 0.06
20
SÁB
0259 1.03
0857 0.48
1406 0.93
2055 0.13
05
SEX
0225 1.07
0819 0.47
1319 0.99
2029 0.04
21
DOM
0344 1.03
0942 0.50
1449 0.90
2136 0.15
06
SÁB
0316 1.02
0901 0.55
1353 0.98
2112 0.07
22
SEG
0425 1.01
1021 0.52
1536 0.88
2219 0.19
07
DOM
0402 0.96
0940 0.60
1425 0.97
2157 0.14
23
TER
0508 0.98
1102 0.54
1629 0.86
2306 0.24
08
SEG
0449 0.89
1012 0.63
1506 0.94
2247 0.23
24
QUA
0559 0.93
1149 0.56
1714 0.84
2359 0.29
09
TER
0536 0.82
1042 0.64
1559 0.90
2342 0.33
25
QUI
0651 0.87
1236 0.59
1801 0.83
10
QUA
0623 0.76
1112 0.64
1704 0.86
26
SEX
0055 0.33
0749 0.82
1331 0.60
1902 0.81
11
QUI
0040 0.41
0721 0.73
1208 0.62
1825 0.83
27
SÁB
0159 0.37
0857 0.79
1442 0.59
2027 0.80
12
SEX
0147 0.46
0825 0.72
1325 0.60
1957 0.82
28
DOM
0312 0.41
1006 0.78
1555 0.54
2159 0.81
13
SÁB
0338 0.47
0921 0.75
1516 0.55
2116 0.83
29
SEG
0425 0.43
1110 0.79
1659 0.45
2342 0.86
14
DOM
0427 0.46
1010 0.80
1623 0.48
2223 0.86
30
TER
0531 0.46
1153 0.80
1757 0.34
15
SEG
0502 0.45
1057 0.86
1714 0.39
2327 0.89
31
QUA
0104 0.94
0638 0.49
1232 0.82
1851 0.23
16
TER
0540 0.44
1140 0.91
1804 0.30
DG6-62 Original
