137
TERMINAL DA ILHA GUAÍBA (ESTADO DO RIO DE JANEIRO) - 2025
Latitude 22° 60' S Longitude 44° 01'.9 W Fuso UTC -03.0 horas
MBR 59 Componentes Nível Médio 0.75 m Carta 1624
Janeiro
HORA ALT(m) HORA ALT(m)
01
QUA
0344 1.40
1055 0.45
1532 1.25
2312 0.04
17
SEX
0444 1.33
1144 0.50
1642 1.38
02
QUI
0419 1.38
1140 0.48
1608 1.26
18
SÁB
0040 0.25
0514 1.28
1221 0.53
1716 1.33
03
SEX
0002 0.05
0501 1.34
1225 0.51
1651 1.24
19
DOM
0123 0.35
0555 1.21
1004 0.55
1159 0.59
1310 0.57
1759 1.24
2351 0.55
04
SÁB
0057 0.09
0538 1.26
1312 0.55
1729 1.22
20
SEG
0212 0.45
0629 1.11
1023 0.57
1234 0.64
1416 0.60
1842 1.13
2251 0.61
05
DOM
0149 0.16
0614 1.16
1404 0.59
1812 1.18
21
TER
0042 0.65
0308 0.54
0708 1.01
1057 0.62
1302 0.69
1529 0.60
1931 1.03
2312 0.69
06
SEG
0244 0.25
0701 1.06
1021 0.75
1202 0.78
1502 0.60
1904 1.12
22
QUA
0112 0.74
0412 0.59
0801 0.93
1121 0.68
1321 0.73
1636 0.55
2038 0.95
2347 0.78
07
TER
0344 0.34
0749 0.96
1055 0.73
1259 0.79
1604 0.58
2006 1.05
23
QUI
0149 0.83
0516 0.60
0901 0.88
1206 0.75
1329 0.76
1731 0.46
2202 0.94
08
QUA
0453 0.41
0844 0.89
1129 0.74
1340 0.79
1712 0.52
2125 1.00
24
SEX
0012 0.89
0159 0.91
0614 0.57
1021 0.88
1817 0.35
09
QUI
0602 0.46
0951 0.86
1223 0.76
1402 0.78
1816 0.41
25
SÁB
0016 1.01
0704 0.52
1157 0.94
1902 0.24
10
SEX
0002 1.01
0138 1.02
0704 0.47
1104 0.88
1914 0.29
26
DOM
0116 1.14
0751 0.47
1253 1.03
1949 0.13
11
SÁB
0208 1.10
0802 0.46
1212 0.96
2006 0.18
27
SEG
0151 1.25
0831 0.42
1334 1.12
2034 0.04
12
DOM
0217 1.17
0853 0.47
1308 1.06
2059 0.10
28
TER
0227 1.36
0910 0.37
1412 1.22
2119 -0.04
13
SEG
0232 1.24
0932 0.47
1359 1.17
2147 0.06
29
QUA
0302 1.42
0953 0.34
1451 1.30
2206 -0.09
14
TER
0302 1.29
1006 0.47
1442 1.27
2231 0.05
30
QUI
0334 1.45
1034 0.33
1523 1.36
2259 -0.10
15
QUA
0332 1.33
1042 0.48
1519 1.35
2312 0.09
31
SEX
0406 1.44
1114 0.35
1601 1.41
2347 -0.06
16
QUI
0406 1.35
1110 0.48
1602 1.39
2357 0.15
Fevereiro
HORA ALT(m) HORA ALT(m)
01
SÁB
0438 1.39
1157 0.39
1632 1.41
17
SEG
0034 0.38
0514 1.24
0957 0.45
1723 1.30
2201 0.51
2346 0.54
02
DOM
0034 0.04
0508 1.31
1244 0.46
1708 1.38
18
TER
0117 0.51
0549 1.15
1004 0.48
1802 1.19
2208 0.57
03
SEG
0121 0.18
0546 1.20
1102 0.64
1332 0.53
1751 1.30
19
QUA
0029 0.66
0219 0.62
0616 1.05
1019 0.52
1255 0.61
1436 0.58
1847 1.06
2225 0.65
04
TER
0217 0.35
0616 1.09
1001 0.56
1221 0.67
1436 0.59
1836 1.17
2231 0.69
20
QUI
0104 0.78
0332 0.69
0657 0.95
1047 0.57
1306 0.67
1549 0.55
1944 0.95
2247 0.74
05
QUA
0010 0.73
0323 0.51
0701 0.97
1025 0.54
1316 0.72
1551 0.59
1929 1.02
2244 0.76
21
SEX
0131 0.88
0444 0.69
0744 0.86
1104 0.65
1319 0.73
1653 0.46
2104 0.89
2253 0.86
06
QUI
0116 0.88
0446 0.61
0749 0.87
1102 0.56
1401 0.75
1702 0.52
2049 0.89
2255 0.82
22
SÁB
0149 0.98
0547 0.64
0902 0.79
1108 0.75
1323 0.79
1746 0.35
07
SEX
0202 1.01
0601 0.63
0853 0.80
1146 0.64
1423 0.77
1808 0.40
23
DOM
0153 1.09
0638 0.55
1312 0.89
1834 0.22
08
SÁB
0232 1.09
0704 0.60
1027 0.80
1240 0.77
1416 0.79
1908 0.26
24
SEG
0153 1.21
0721 0.46
1317 1.02
1921 0.09
09
DOM
0244 1.14
0759 0.55
1229 0.94
2001 0.15
25
TER
0202 1.32
0802 0.37
1340 1.16
2008 -0.03
10
SEG
0232 1.19
0836 0.50
1317 1.11
2047 0.08
26
QUA
0223 1.42
0846 0.30
1406 1.29
2059 -0.12
11
TER
0227 1.26
0906 0.45
1359 1.26
2127 0.05
27
QUI
0247 1.47
0923 0.25
1438 1.41
2149 -0.17
12
QUA
0247 1.33
0934 0.41
1436 1.39
2204 0.05
28
SEX
0312 1.48
1004 0.23
1506 1.50
2236 -0.15
13
QUI
0314 1.38
0957 0.37
1510 1.47
2244 0.09
14
SEX
0347 1.40
1023 0.36
1547 1.49
2316 0.16
15
SÁB
0414 1.38
1047 0.37
1616 1.47
2353 0.26
16
DOM
0449 1.32
1119 0.41
1653 1.40
Março
HORA ALT(m) HORA ALT(m)
01
SÁB
0340 1.45
1047 0.25
1538 1.54
2319 -0.07
17
SEG
0412 1.32
1032 0.33
1621 1.42
2336 0.44
02
DOM
0406 1.39
1129 0.30
1610 1.53
18
TER
0442 1.25
0942 0.37
1657 1.33
2129 0.52
03
SEG
0008 0.09
0438 1.30
1212 0.38
1649 1.45
19
QUA
0504 1.17
0946 0.41
1731 1.22
2140 0.58
04
TER
0102 0.30
0506 1.20
0908 0.48
1106 0.55
1306 0.47
1725 1.32
2131 0.66
2312 0.70
20
QUI
0016 0.70
0136 0.68
0536 1.07
1001 0.45
1216 0.53
1347 0.52
1810 1.10
2157 0.66
05
QUA
0202 0.51
0546 1.09
0931 0.42
1217 0.62
1414 0.54
1810 1.15
2142 0.68
21
SEX
0047 0.81
0257 0.74
0606 0.97
1012 0.52
1242 0.61
1502 0.51
1904 0.98
2204 0.76
06
QUI
0029 0.87
0316 0.68
0617 0.98
1004 0.42
1308 0.69
1540 0.55
1904 0.96
2201 0.71
22
SÁB
0101 0.92
0404 0.73
0653 0.86
1025 0.61
1251 0.69
1606 0.44
2025 0.89
2201 0.87
07
SEX
0119 1.02
0444 0.74
0702 0.87
1042 0.49
1351 0.74
1657 0.47
2021 0.81
2206 0.76
23
DOM
0106 1.03
0508 0.65
0802 0.76
1012 0.72
1253 0.80
1706 0.33
08
SÁB
0201 1.11
0601 0.71
0810 0.79
1114 0.63
1406 0.77
1802 0.36
24
SEG
0116 1.15
0602 0.55
1253 0.92
1802 0.19
09
DOM
0216 1.13
0701 0.64
1202 0.81
1334 0.82
1859 0.24
25
TER
0127 1.26
0647 0.44
1301 1.07
1855 0.06
10
SEG
0210 1.13
0742 0.56
1227 1.01
1947 0.15
26
QUA
0142 1.36
0729 0.33
1319 1.23
1946 -0.06
11
TER
0146 1.19
0808 0.48
1306 1.21
2027 0.10
27
QUI
0157 1.42
0808 0.25
1346 1.38
2034 -0.14
12
QUA
0155 1.28
0834 0.41
1344 1.36
2102 0.08
28
SEX
0216 1.45
0855 0.19
1412 1.49
2121 -0.16
13
QUI
0217 1.36
0851 0.34
1416 1.47
2138 0.10
29
SÁB
0240 1.44
0938 0.17
1444 1.56
2210 -0.10
14
SEX
0249 1.40
0916 0.30
1453 1.52
2206 0.14
30
DOM
0304 1.40
1021 0.19
1514 1.58
2301 0.04
15
SÁB
0316 1.41
0940 0.28
1521 1.53
2238 0.22
31
SEG
0334 1.33
1106 0.23
1553 1.53
2355 0.24
16
DOM
0349 1.37
1010 0.29
1555 1.49
2304 0.32
Abril
HORA ALT(m) HORA ALT(m)
01
TER
0402 1.26
1159 0.31
1627 1.42
17
QUI
0434 1.16
1104 0.39
1710 1.23
2119 0.64
02
QUA
0053 0.46
0440 1.17
0842 0.39
1057 0.50
1301 0.39
1710 1.26
2049 0.71
2310 0.85
18
SEX
0057 0.71
0502 1.08
0949 0.44
1129 0.47
1317 0.44
1759 1.12
2136 0.72
03
QUI
0159 0.66
0510 1.09
0908 0.37
1201 0.58
1406 0.45
1801 1.09
2106 0.70
19
SÁB
0002 0.82
0217 0.75
0540 0.97
1002 0.52
1153 0.56
1431 0.44
1851 1.01
2149 0.82
04
SEX
0016 0.99
0308 0.77
0557 0.99
0949 0.41
1249 0.65
1521 0.46
1859 0.92
2132 0.72
20
DOM
0012 0.92
0329 0.72
0621 0.87
1010 0.64
1157 0.66
1534 0.38
2008 0.94
2140 0.92
05
SÁB
0104 1.08
0425 0.79
0651 0.90
1025 0.51
1317 0.71
1634 0.41
2014 0.81
2157 0.77
21
SEG
0023 1.03
0427 0.64
0751 0.79
0957 0.76
1155 0.79
1631 0.29
06
DOM
0142 1.10
0538 0.72
0808 0.83
1116 0.67
1340 0.75
1740 0.33
22
TER
0038 1.14
0517 0.53
1201 0.94
1725 0.18
07
SEG
0155 1.07
0627 0.63
1023 0.90
1836 0.26
23
QUA
0049 1.23
0604 0.43
1219 1.11
1821 0.06
08
TER
0116 1.06
0704 0.54
1149 1.09
1921 0.20
24
QUI
0102 1.30
0651 0.33
1244 1.26
1916 -0.02
09
QUA
0047 1.16
0734 0.45
1236 1.26
2002 0.17
25
SEX
0119 1.33
0738 0.24
1312 1.39
2008 -0.06
10
QUI
0112 1.27
0757 0.37
1314 1.39
2040 0.17
26
SÁB
0136 1.34
0823 0.18
1344 1.48
2102 -0.03
11
SEX
0146 1.34
0819 0.31
1353 1.47
2108 0.19
27
DOM
0201 1.33
0910 0.15
1416 1.52
2155 0.06
12
SÁB
0214 1.37
0844 0.27
1425 1.50
2136 0.24
28
SEG
0227 1.29
1002 0.15
1457 1.51
2247 0.22
13
DOM
0247 1.37
0916 0.25
1459 1.49
2201 0.31
29
TER
0301 1.26
1057 0.18
1536 1.44
2342 0.41
14
SEG
0312 1.34
0942 0.25
1529 1.45
2229 0.40
30
QUA
0338 1.21
0859 0.43
1153 0.23
1616 1.33
2006 0.81
2125 0.83
15
TER
0342 1.29
1019 0.28
1602 1.40
2238 0.50
16
QUA
0404 1.24
1034 0.32
1636 1.32
2110 0.57
DG6-62 Original
138
TERMINAL DA ILHA GUAÍBA (ESTADO DO RIO DE JANEIRO) - 2025
Latitude 22° 60' S Longitude 44° 01'.9 W Fuso UTC -03.0 horas
MBR 59 Componentes Nível Médio 0.75 m Carta 1624
Maio
HORA ALT(m) HORA ALT(m)
01
QUI
0040 0.59
0410 1.16
0821 0.39
1014 0.46
1255 0.29
1702 1.21
2016 0.78
2257 0.93
17
SÁB
0044 0.68
0451 1.08
1302 0.33
1749 1.16
2302 0.80
02
SEX
0146 0.72
0457 1.10
0901 0.39
1117 0.53
1359 0.33
1755 1.08
2055 0.74
2359 1.00
18
DOM
0153 0.70
0527 1.00
1402 0.33
1840 1.08
2159 0.87
2319 0.89
03
SÁB
0253 0.78
0547 1.03
0944 0.45
1208 0.60
1501 0.36
1851 0.97
2125 0.74
19
SEG
0253 0.67
0617 0.93
1502 0.30
1947 1.01
2202 0.95
2340 0.97
04
DOM
0046 1.02
0357 0.77
0647 0.97
1031 0.56
1253 0.66
1602 0.36
2001 0.90
2206 0.79
20
TER
0347 0.61
0742 0.90
1559 0.25
2353 1.05
05
SEG
0114 1.00
0453 0.71
0804 0.94
1302 0.71
1702 0.34
2125 0.90
2302 0.87
21
QUA
0436 0.53
1017 0.96
1657 0.19
06
TER
0127 0.94
0542 0.62
0944 0.99
1802 0.31
2302 0.99
22
QUI
0004 1.11
0525 0.44
1119 1.10
1755 0.13
07
QUA
0619 0.52
1102 1.11
1853 0.29
2351 1.11
23
SEX
0016 1.15
0616 0.35
1159 1.22
1855 0.10
08
QUI
0657 0.43
1159 1.23
1936 0.27
24
SÁB
0029 1.17
0708 0.27
1236 1.32
1953 0.11
09
SEX
0031 1.20
0727 0.36
1244 1.32
2010 0.28
25
DOM
0053 1.18
0802 0.19
1316 1.38
2047 0.16
10
SÁB
0106 1.27
0757 0.30
1319 1.38
2046 0.30
26
SEG
0121 1.18
0857 0.14
1401 1.39
2140 0.26
11
DOM
0144 1.30
0829 0.25
1401 1.41
2112 0.35
27
TER
0159 1.18
0951 0.11
1446 1.37
2232 0.38
12
SEG
0212 1.30
0859 0.23
1434 1.41
2142 0.40
28
QUA
0236 1.18
1047 0.11
1527 1.33
2323 0.50
13
TER
0244 1.28
0936 0.22
1508 1.39
2210 0.48
29
QUI
0314 1.19
1144 0.13
1610 1.27
2046 0.89
14
QUA
0308 1.25
1017 0.23
1547 1.36
2244 0.55
30
SEX
0017 0.61
0401 1.19
1240 0.18
1659 1.21
2014 0.82
2216 0.88
15
QUI
0342 1.21
1101 0.27
1621 1.31
2336 0.63
31
SÁB
0112 0.69
0449 1.17
0906 0.45
1044 0.48
1336 0.24
1746 1.14
2059 0.75
2325 0.89
16
SEX
0410 1.15
1201 0.30
1702 1.25
2125 0.71
2249 0.72
Junho
HORA ALT(m) HORA ALT(m)
01
DOM
0206 0.72
0540 1.14
0951 0.49
1136 0.55
1429 0.31
1829 1.07
2140 0.72
17
TER
0204 0.60
0610 1.07
1434 0.24
1908 1.09
02
SEG
0014 0.87
0302 0.71
0634 1.10
1040 0.57
1212 0.61
1523 0.36
1921 1.00
2223 0.73
18
QUA
0301 0.58
0708 1.05
1527 0.25
2006 1.02
03
TER
0059 0.85
0357 0.67
0740 1.05
1247 0.66
1621 0.39
2025 0.96
2321 0.77
19
QUI
0359 0.54
0819 1.04
1625 0.27
2114 0.98
04
QUA
0114 0.82
0449 0.60
0855 1.04
1719 0.41
2142 0.97
20
SEX
0457 0.48
0946 1.07
1732 0.28
2223 0.97
05
QUI
0538 0.52
1006 1.07
1814 0.40
2255 1.03
21
SÁB
0555 0.40
1110 1.12
1840 0.30
2321 0.98
06
SEX
0621 0.44
1112 1.13
1902 0.39
2349 1.09
22
DOM
0655 0.30
1219 1.18
1940 0.32
07
SÁB
0701 0.36
1206 1.19
1946 0.39
23
SEG
0008 1.01
0751 0.20
1317 1.22
2036 0.35
08
DOM
0031 1.15
0740 0.29
1255 1.25
2019 0.41
24
TER
0055 1.05
0846 0.11
1408 1.26
2125 0.40
09
SEG
0108 1.19
0814 0.23
1336 1.29
2055 0.43
25
QUA
0140 1.10
0940 0.06
1449 1.28
2214 0.45
10
TER
0146 1.21
0851 0.19
1416 1.32
2129 0.46
26
QUI
0221 1.17
1032 0.04
1527 1.28
2302 0.51
11
QUA
0214 1.22
0932 0.17
1459 1.34
2202 0.50
27
SEX
0306 1.23
1123 0.06
1604 1.28
2349 0.56
12
QUI
0253 1.22
1014 0.16
1536 1.35
2247 0.54
28
SÁB
0355 1.28
1212 0.11
1646 1.26
13
SEX
0325 1.21
1102 0.17
1614 1.33
2332 0.57
29
DOM
0029 0.60
0440 1.30
1302 0.20
1721 1.23
2114 0.67
2259 0.71
14
SÁB
0404 1.19
1157 0.19
1659 1.30
30
SEG
0108 0.62
0521 1.28
1055 0.49
1355 0.29
1804 1.17
2149 0.62
15
DOM
0021 0.59
0446 1.15
1251 0.21
1738 1.24
16
SEG
0112 0.61
0523 1.11
1342 0.22
1819 1.16
Julho
HORA ALT(m) HORA ALT(m)
01
TER
0001 0.70
0159 0.64
0606 1.22
1155 0.56
1446 0.39
1851 1.10
2221 0.62
17
QUI
0219 0.56
0638 1.17
1502 0.33
1912 1.03
2247 0.71
02
QUA
0046 0.71
0257 0.63
0701 1.14
1108 0.61
1242 0.64
1540 0.47
1940 1.02
2306 0.65
18
SEX
0019 0.74
0323 0.56
0731 1.09
1606 0.42
2002 0.93
2308 0.71
03
QUI
0108 0.72
0357 0.60
0801 1.06
1157 0.70
1306 0.71
1640 0.51
2036 0.96
19
SÁB
0108 0.76
0436 0.52
0844 1.01
1719 0.48
2102 0.86
2353 0.73
04
SEX
0002 0.72
0123 0.74
0457 0.53
0906 1.00
1740 0.52
2147 0.93
20
DOM
0149 0.78
0544 0.42
1104 0.97
1342 1.02
1831 0.49
2214 0.84
05
SÁB
0549 0.45
1023 1.00
1831 0.51
2301 0.96
21
SEG
0201 0.79
0647 0.30
1423 1.12
1934 0.48
2346 0.89
06
DOM
0634 0.36
1140 1.06
1916 0.49
22
TER
0744 0.18
1451 1.19
2025 0.46
07
SEG
0001 1.02
0714 0.27
1240 1.13
1959 0.48
23
QUA
0053 1.00
0834 0.08
1453 1.23
2108 0.45
08
TER
0047 1.08
0757 0.20
1329 1.22
2036 0.47
24
QUI
0142 1.12
0923 0.02
1459 1.27
2153 0.45
09
QUA
0125 1.13
0836 0.14
1410 1.29
2112 0.46
25
SEX
0221 1.25
1010 -0.00
1519 1.31
2227 0.45
10
QUI
0204 1.19
0917 0.09
1453 1.35
2153 0.45
26
SÁB
0304 1.35
1059 0.03
1553 1.34
2259 0.46
11
SEX
0244 1.23
1004 0.06
1527 1.38
2232 0.45
27
DOM
0346 1.42
1144 0.11
1621 1.33
2332 0.47
12
SÁB
0317 1.27
1053 0.05
1604 1.39
2310 0.45
28
SEG
0419 1.43
1223 0.21
1659 1.30
13
DOM
0359 1.29
1142 0.06
1642 1.37
2357 0.47
29
TER
0001 0.50
0501 1.39
1306 0.33
1734 1.24
2147 0.51
14
SEG
0434 1.29
1227 0.09
1716 1.31
30
QUA
0046 0.54
0542 1.30
1010 0.52
1140 0.54
1357 0.45
1808 1.15
2208 0.52
15
TER
0042 0.50
0510 1.28
1314 0.15
1755 1.23
31
QUI
0025 0.60
0153 0.58
0619 1.19
1025 0.58
1227 0.65
1455 0.55
1851 1.05
2238 0.56
16
QUA
0127 0.54
0553 1.24
1404 0.23
1831 1.13
Agosto
HORA ALT(m) HORA ALT(m)
01
SEX
0101 0.65
0302 0.59
0706 1.07
1053 0.66
1306 0.75
1557 0.62
1931 0.95
2306 0.62
17
DOM
0127 0.73
0423 0.52
0804 0.92
1017 0.81
1332 1.01
1719 0.64
2004 0.81
2306 0.61
02
SÁB
0116 0.70
0408 0.55
0806 0.96
1112 0.75
1344 0.85
1701 0.63
2025 0.87
2344 0.71
18
SEG
0201 0.77
0538 0.41
1404 1.12
1834 0.61
2138 0.77
2340 0.73
03
DOM
0131 0.74
0508 0.46
0929 0.91
1136 0.86
1401 0.93
1801 0.60
2151 0.84
19
TER
0208 0.81
0640 0.27
1429 1.19
1929 0.55
04
SEG
0602 0.36
1359 1.01
1853 0.55
2359 0.90
20
QUA
0117 0.89
0734 0.15
1438 1.22
2010 0.50
05
TER
0649 0.26
1334 1.11
1934 0.50
21
QUI
0108 1.06
0819 0.06
1429 1.25
2047 0.44
06
QUA
0051 1.00
0731 0.16
1346 1.23
2012 0.44
22
SEX
0142 1.23
0904 0.02
1434 1.31
2114 0.40
07
QUI
0125 1.11
0812 0.07
1414 1.33
2051 0.39
23
SÁB
0214 1.38
0949 0.02
1459 1.36
2142 0.37
08
SEX
0201 1.22
0859 -0.00
1444 1.40
2127 0.35
24
DOM
0253 1.48
1027 0.07
1523 1.38
2206 0.35
09
SÁB
0234 1.31
0946 -0.05
1514 1.45
2204 0.33
25
SEG
0325 1.52
1101 0.15
1559 1.38
2232 0.35
10
DOM
0306 1.39
1031 -0.06
1547 1.45
2247 0.33
26
TER
0401 1.51
1140 0.26
1627 1.33
2238 0.38
11
SEG
0342 1.44
1114 -0.04
1614 1.42
2325 0.35
27
QUA
0436 1.44
1214 0.39
1701 1.26
2136 0.41
12
TER
0412 1.45
1202 0.04
1649 1.35
28
QUI
0506 1.34
0940 0.51
1125 0.55
1301 0.52
1729 1.17
2151 0.44
13
QUA
0006 0.40
0451 1.42
1253 0.16
1717 1.25
29
SEX
0549 1.22
0953 0.57
1216 0.68
1402 0.64
1801 1.07
2206 0.48
14
QUI
0057 0.47
0525 1.34
1347 0.33
1757 1.14
2153 0.56
2353 0.61
30
SÁB
0044 0.59
0210 0.56
0627 1.08
1006 0.64
1259 0.80
1514 0.71
1836 0.96
2225 0.55
15
SEX
0157 0.53
0606 1.22
1021 0.69
1136 0.70
1451 0.49
1829 1.02
2208 0.53
31
DOM
0101 0.66
0329 0.54
0717 0.95
1021 0.73
1316 0.91
1625 0.71
1916 0.86
2251 0.63
16
SÁB
0051 0.67
0304 0.56
0701 1.07
1014 0.76
1247 0.86
1602 0.60
1908 0.90
2238 0.55
DG6-62 Original
139
TERMINAL DA ILHA GUAÍBA (ESTADO DO RIO DE JANEIRO) - 2025
Latitude 22° 60' S Longitude 44° 01'.9 W Fuso UTC -03.0 horas
MBR 59 Componentes Nível Médio 0.75 m Carta 1624
Setembro
HORA ALT(m) HORA ALT(m)
01
SEG
0108 0.72
0432 0.47
0840 0.87
1023 0.83
1336 1.00
1727 0.66
2027 0.78
2253 0.73
17
QUA
0140 0.82
0627 0.24
1404 1.16
1912 0.56
02
TER
0112 0.79
0525 0.36
1344 1.09
1821 0.57
18
QUI
0019 0.97
0719 0.15
1347 1.17
1947 0.48
03
QUA
0102 0.89
0614 0.25
1342 1.18
1904 0.48
19
SEX
0047 1.17
0804 0.09
1338 1.24
2012 0.41
04
QUI
0102 1.02
0702 0.13
1344 1.29
1944 0.40
20
SÁB
0119 1.34
0847 0.08
1359 1.32
2036 0.35
05
SEX
0121 1.16
0749 0.02
1401 1.39
2017 0.32
21
DOM
0157 1.47
0919 0.10
1425 1.38
2055 0.30
06
SÁB
0149 1.30
0834 -0.06
1421 1.45
2057 0.26
22
SEG
0231 1.53
0951 0.16
1459 1.40
2121 0.27
07
DOM
0216 1.42
0917 -0.11
1449 1.48
2136 0.23
23
TER
0304 1.55
1019 0.24
1525 1.37
2142 0.27
08
SEG
0249 1.51
1004 -0.11
1514 1.47
2214 0.22
24
QUA
0338 1.51
1046 0.34
1559 1.33
2210 0.30
09
TER
0317 1.56
1053 -0.05
1546 1.42
2259 0.25
25
QUI
0408 1.44
1112 0.46
1623 1.26
2129 0.34
10
QUA
0353 1.55
1142 0.09
1612 1.34
2346 0.32
26
SEX
0446 1.34
0914 0.53
1653 1.17
2131 0.39
11
QUI
0425 1.48
1231 0.28
1647 1.23
2108 0.47
2214 0.49
27
SÁB
0516 1.23
0921 0.59
1206 0.71
1316 0.70
1716 1.08
2147 0.44
12
SEX
0038 0.41
0504 1.35
1331 0.48
1716 1.12
2114 0.43
2349 0.56
28
DOM
0006 0.52
0131 0.50
0601 1.10
0940 0.66
1227 0.83
1444 0.76
1753 0.97
2202 0.51
13
SÁB
0146 0.48
0551 1.18
0919 0.71
1157 0.85
1447 0.65
1757 1.00
2144 0.43
29
SEG
0021 0.60
0251 0.50
0653 0.98
0955 0.75
1251 0.93
1557 0.74
1831 0.86
2212 0.60
14
DOM
0040 0.65
0301 0.51
0642 1.00
0932 0.74
1251 1.01
1602 0.73
1836 0.89
2210 0.48
30
TER
0040 0.69
0355 0.45
0804 0.89
0957 0.85
1301 1.02
1659 0.67
1944 0.77
2206 0.71
15
SEG
0114 0.72
0414 0.46
0755 0.83
0949 0.76
1329 1.12
1721 0.72
1936 0.79
2247 0.60
16
TER
0146 0.77
0527 0.36
1357 1.16
1827 0.65
2304 0.76
Outubro
HORA ALT(m) HORA ALT(m)
01
QUA
0042 0.78
0451 0.36
1304 1.11
1747 0.57
17
SEX
0701 0.20
1232 1.10
1912 0.47
02
QUI
0034 0.90
0542 0.24
1306 1.21
1825 0.46
18
SÁB
0008 1.22
0746 0.18
1249 1.21
1942 0.39
03
SEX
0038 1.05
0631 0.12
1314 1.31
1904 0.36
19
DOM
0053 1.36
0821 0.18
1319 1.30
2002 0.32
04
SÁB
0057 1.21
0717 0.01
1329 1.39
1944 0.27
20
SEG
0129 1.45
0855 0.21
1355 1.35
2029 0.27
05
DOM
0121 1.36
0804 -0.08
1351 1.43
2023 0.20
21
TER
0206 1.49
0921 0.27
1425 1.36
2051 0.24
06
SEG
0151 1.49
0855 -0.11
1414 1.44
2104 0.16
22
QUA
0244 1.49
0946 0.33
1459 1.34
2129 0.23
07
TER
0219 1.56
0944 -0.07
1442 1.42
2153 0.15
23
QUI
0314 1.45
1008 0.42
1523 1.29
2151 0.26
08
QUA
0257 1.58
1031 0.05
1508 1.36
2242 0.18
24
SEX
0351 1.40
1031 0.51
1555 1.24
2234 0.30
09
QUI
0329 1.54
1119 0.22
1544 1.28
2331 0.25
25
SÁB
0421 1.32
0901 0.58
1617 1.17
2301 0.37
10
SEX
0408 1.44
1216 0.43
1612 1.19
2204 0.45
26
DOM
0502 1.24
0908 0.64
1240 0.71
1651 1.08
2138 0.43
2310 0.45
11
SÁB
0031 0.33
0455 1.29
0832 0.76
1032 0.83
1321 0.62
1653 1.10
2055 0.39
2314 0.53
27
SEG
0101 0.42
0544 1.14
0921 0.71
1201 0.81
1402 0.76
1723 0.99
2157 0.51
2342 0.54
12
DOM
0142 0.39
0540 1.12
0849 0.75
1146 0.98
1442 0.75
1729 1.00
2121 0.41
28
TER
0208 0.44
0629 1.03
0944 0.79
1206 0.90
1508 0.73
1806 0.89
2208 0.61
2351 0.64
13
SEG
0008 0.62
0255 0.41
0632 0.95
0906 0.74
1238 1.08
1559 0.78
1816 0.91
2202 0.50
29
QUA
0310 0.40
0740 0.95
0953 0.89
1217 0.98
1606 0.66
1919 0.81
2214 0.74
2340 0.75
14
TER
0055 0.70
0402 0.38
0747 0.83
0934 0.77
1312 1.12
1704 0.73
1934 0.84
2253 0.64
30
QUI
0408 0.33
1223 1.06
1701 0.57
2331 0.90
15
QUA
0116 0.75
0506 0.32
1342 1.09
1801 0.65
2131 0.87
31
SEX
0502 0.24
1227 1.15
1742 0.46
2353 1.06
16
QUI
0606 0.26
1332 1.05
1842 0.56
2316 1.04
Novembro
HORA ALT(m) HORA ALT(m)
01
SÁB
0557 0.14
1234 1.24
1823 0.35
17
SEG
0016 1.27
0759 0.31
1246 1.22
1946 0.31
02
DOM
0016 1.22
0649 0.05
1249 1.30
1906 0.26
18
TER
0102 1.34
0834 0.34
1321 1.27
2017 0.25
03
SEG
0047 1.36
0742 -0.00
1310 1.33
1957 0.18
19
QUA
0146 1.38
0901 0.37
1359 1.28
2049 0.22
04
TER
0119 1.46
0834 -0.00
1338 1.33
2046 0.13
20
QUI
0219 1.39
0929 0.42
1429 1.27
2125 0.20
05
QUA
0159 1.51
0923 0.07
1404 1.30
2136 0.11
21
SEX
0301 1.38
0957 0.48
1501 1.25
2202 0.21
06
QUI
0236 1.50
1014 0.20
1440 1.26
2227 0.12
22
SÁB
0336 1.36
1032 0.54
1529 1.22
2249 0.24
07
SEX
0314 1.45
1108 0.36
1512 1.22
2323 0.16
23
DOM
0410 1.32
1114 0.61
1602 1.17
2346 0.28
08
SÁB
0401 1.35
1206 0.53
1555 1.17
2012 0.42
2129 0.44
24
SEG
0453 1.26
0925 0.68
1212 0.67
1638 1.11
09
DOM
0023 0.21
0447 1.23
0804 0.85
1004 0.92
1308 0.67
1634 1.11
2044 0.42
2246 0.50
25
TER
0046 0.32
0529 1.19
1101 0.75
1316 0.69
1712 1.05
10
SEG
0127 0.27
0532 1.11
0827 0.79
1116 0.99
1414 0.75
1717 1.06
2117 0.45
2342 0.58
26
QUA
0144 0.34
0614 1.12
1002 0.80
1114 0.82
1416 0.68
1802 0.98
11
TER
0234 0.31
0621 1.00
0904 0.76
1212 1.03
1517 0.77
1814 1.01
2206 0.54
27
QUI
0238 0.33
0708 1.05
1017 0.88
1134 0.88
1512 0.64
1904 0.94
12
QUA
0023 0.65
0338 0.33
0721 0.91
0953 0.76
1301 1.01
1617 0.73
1925 0.97
2306 0.65
28
SEX
0329 0.30
0823 1.00
1604 0.57
2044 0.95
13
QUI
0059 0.70
0440 0.34
0840 0.88
1042 0.81
1329 0.95
1712 0.65
2057 0.99
29
SÁB
0423 0.26
1119 1.03
1659 0.48
2231 1.05
14
SEX
0540 0.33
1004 0.93
1208 0.89
1801 0.56
2217 1.07
30
DOM
0521 0.21
1132 1.09
1751 0.38
2329 1.17
15
SÁB
0632 0.32
1114 1.03
1840 0.46
2325 1.18
16
DOM
0717 0.31
1202 1.13
1914 0.38
Dezembro
HORA ALT(m) HORA ALT(m)
01
SEG
0621 0.17
1159 1.13
1844 0.28
17
QUA
0042 1.20
0810 0.44
1259 1.15
2002 0.23
02
TER
0014 1.27
0719 0.16
1229 1.15
1936 0.19
18
QUI
0127 1.25
0847 0.45
1336 1.19
2042 0.18
03
QUA
0059 1.34
0816 0.18
1302 1.16
2029 0.11
19
SEX
0208 1.30
0916 0.46
1408 1.21
2119 0.15
04
QUI
0144 1.37
0910 0.24
1336 1.16
2121 0.06
20
SÁB
0251 1.33
0953 0.48
1446 1.23
2201 0.14
05
SEX
0229 1.37
1004 0.33
1414 1.17
2216 0.04
21
DOM
0325 1.35
1027 0.51
1516 1.23
2247 0.15
06
SÁB
0312 1.34
1059 0.44
1459 1.19
2312 0.05
22
SEG
0402 1.35
1106 0.54
1555 1.23
2336 0.17
07
DOM
0359 1.29
1155 0.54
1542 1.20
23
TER
0440 1.32
1153 0.56
1629 1.21
08
SEG
0010 0.09
0440 1.24
0808 0.88
0917 0.90
1247 0.63
1625 1.21
2153 0.47
24
QUA
0021 0.20
0514 1.28
1240 0.58
1706 1.18
09
TER
0106 0.16
0519 1.17
0838 0.79
1053 0.88
1340 0.69
1712 1.20
2301 0.53
25
QUI
0108 0.23
0559 1.22
1329 0.59
1751 1.14
10
QUA
0202 0.24
0604 1.11
0916 0.71
1159 0.87
1431 0.71
1804 1.16
2212 0.54
26
SEX
0201 0.26
0640 1.14
1419 0.59
1838 1.10
11
QUI
0001 0.59
0301 0.33
0657 1.04
1002 0.67
1251 0.84
1523 0.70
1902 1.11
2304 0.61
27
SÁB
0255 0.29
0725 1.06
1516 0.56
1938 1.06
12
SEX
0049 0.65
0401 0.40
0753 0.98
1059 0.69
1323 0.81
1619 0.65
2008 1.06
28
DOM
0355 0.32
0823 0.99
1617 0.51
2055 1.04
13
SÁB
0008 0.69
0114 0.71
0501 0.44
0857 0.95
1202 0.74
1349 0.77
1714 0.57
2123 1.04
29
SEG
0459 0.34
0931 0.95
1721 0.43
2225 1.07
14
DOM
0601 0.45
1006 0.97
1804 0.47
2242 1.07
30
TER
0604 0.34
1044 0.94
1823 0.32
15
SEG
0653 0.44
1114 1.03
1851 0.38
2347 1.13
31
QUA
0021 1.13
0708 0.34
1146 0.96
1921 0.20
16
TER
0736 0.44
1210 1.10
1929 0.30
DG6-62 Original
