140
PORTO DE ANGRA DOS REIS (ESTADO DO RIO DE JANEIRO) - 2025
Latitude 23° 00'.8 S Longitude 44° 18'.9 W Fuso UTC -03.0 horas
DHN 24 Componentes Nível Médio 0.69 m Carta 1636
Janeiro
HORA ALT(m) HORA ALT(m)
01
QUA
0344 1.16
1047 0.39
1451 1.10
2246 -0.01
17
SEX
0404 1.07
1127 0.46
1553 1.20
2344 0.19
02
QUI
0416 1.10
1119 0.44
1512 1.11
2325 0.01
18
SÁB
0440 1.02
1149 0.49
1629 1.15
03
SEX
0417 1.03
1201 0.48
1551 1.12
19
DOM
0006 0.27
0512 0.96
1212 0.51
1708 1.08
04
SÁB
0008 0.06
0438 0.97
1247 0.53
1627 1.11
20
SEG
0044 0.36
0553 0.90
1257 0.53
1753 1.01
05
DOM
0101 0.14
0512 0.91
0846 0.80
1338 0.55
1716 1.08
21
TER
0125 0.45
0629 0.84
1353 0.54
1844 0.93
06
SEG
0159 0.22
0601 0.85
0816 0.73
1025 0.77
1438 0.55
1812 1.03
22
QUA
0227 0.52
0732 0.78
1502 0.52
1959 0.85
07
TER
0302 0.30
0651 0.80
0902 0.69
1123 0.77
1540 0.50
1917 0.96
2253 0.86
23
QUI
0351 0.55
0957 0.76
1606 0.47
2240 0.86
08
QUA
0412 0.36
0751 0.76
0953 0.69
1208 0.79
1642 0.43
2201 0.90
24
SEX
0508 0.54
1138 0.83
1710 0.39
09
QUI
0002 0.95
0521 0.38
0906 0.75
1034 0.73
1251 0.81
1747 0.33
25
SÁB
0019 0.97
0629 0.49
1225 0.92
1819 0.28
10
SEX
0101 1.04
0632 0.38
1310 0.84
1853 0.22
26
DOM
0112 1.08
0740 0.43
1304 1.00
1921 0.16
11
SÁB
0147 1.10
0740 0.37
1136 0.90
1953 0.11
27
SEG
0155 1.18
0827 0.37
1344 1.08
2014 0.05
12
DOM
0217 1.14
0834 0.35
1225 1.01
2046 0.02
28
TER
0236 1.24
0904 0.32
1417 1.13
2101 -0.05
13
SEG
0246 1.15
0916 0.34
1310 1.11
2129 -0.02
29
QUA
0312 1.25
0949 0.30
1438 1.17
2147 -0.10
14
TER
0238 1.14
1001 0.35
1353 1.18
2208 -0.02
30
QUI
0351 1.21
1019 0.31
1447 1.19
2227 -0.11
15
QUA
0259 1.13
1036 0.38
1429 1.22
2249 0.02
31
SEX
0414 1.13
1059 0.33
1508 1.22
2306 -0.07
16
QUI
0329 1.11
1102 0.42
1510 1.22
2316 0.10
Fevereiro
HORA ALT(m) HORA ALT(m)
01
SÁB
0347 1.06
1136 0.37
1536 1.24
2353 0.03
17
SEG
0436 1.03
1138 0.40
1640 1.15
02
DOM
0408 1.02
1210 0.42
1614 1.22
18
TER
0001 0.38
0501 0.97
1206 0.44
1712 1.06
03
SEG
0040 0.16
0444 0.97
1257 0.47
1702 1.17
19
QUA
0044 0.49
0521 0.90
1257 0.48
1753 0.97
04
TER
0131 0.31
0517 0.92
1004 0.62
1353 0.50
1755 1.08
20
QUI
0001 0.61
0151 0.59
0549 0.83
1414 0.51
1846 0.86
2304 0.71
05
QUA
0240 0.44
0604 0.86
0914 0.57
1125 0.63
1502 0.50
1853 0.96
2127 0.79
2314 0.82
21
SEX
0038 0.73
0321 0.64
0614 0.75
1540 0.47
06
QUI
0359 0.52
0701 0.80
0957 0.58
1216 0.66
1616 0.45
2004 0.85
2149 0.81
22
SÁB
0046 0.85
0501 0.62
1129 0.76
1651 0.38
07
SEX
0029 0.92
0512 0.54
0806 0.75
1029 0.64
1253 0.72
1736 0.35
23
DOM
0049 0.99
0619 0.54
1216 0.88
1759 0.25
08
SÁB
0114 1.02
0627 0.51
1104 0.74
1308 0.79
1844 0.22
24
SEG
0116 1.12
0717 0.45
1259 1.01
1859 0.11
09
DOM
0155 1.09
0729 0.45
1319 0.87
1942 0.10
25
TER
0153 1.22
0801 0.36
1334 1.12
1953 -0.02
10
SEG
0216 1.13
0816 0.38
1229 1.01
2029 0.01
26
QUA
0227 1.28
0842 0.29
1406 1.20
2042 -0.11
11
TER
0244 1.15
0901 0.33
1310 1.13
2110 -0.04
27
QUI
0301 1.28
0916 0.24
1432 1.26
2125 -0.15
12
QUA
0246 1.16
0938 0.31
1346 1.22
2151 -0.04
28
SEX
0332 1.22
0957 0.22
1434 1.29
2206 -0.14
13
QUI
0249 1.16
1004 0.31
1421 1.28
2219 0.02
14
SEX
0314 1.15
1031 0.33
1501 1.29
2247 0.09
15
SÁB
0340 1.13
1051 0.34
1532 1.27
2308 0.18
16
DOM
0408 1.09
1108 0.37
1606 1.22
2334 0.28
Março
HORA ALT(m) HORA ALT(m)
01
SÁB
0331 1.14
1032 0.23
1453 1.32
2251 -0.06
17
SEG
0336 1.12
1042 0.28
1542 1.24
2306 0.32
02
DOM
0316 1.09
1104 0.26
1519 1.32
2334 0.08
18
TER
0359 1.06
1106 0.32
1612 1.17
2342 0.44
03
SEG
0340 1.06
1147 0.32
1601 1.28
19
QUA
0416 1.00
1140 0.37
1644 1.08
2302 0.56
04
TER
0016 0.25
0408 1.03
1227 0.38
1644 1.19
20
QUI
0019 0.55
0440 0.94
1225 0.43
1719 0.98
2206 0.64
05
QUA
0106 0.43
0453 0.97
0914 0.50
1321 0.45
1727 1.06
2201 0.75
21
SEX
0002 0.67
0129 0.66
0504 0.87
1349 0.46
1812 0.86
2210 0.75
06
QUI
0217 0.58
0532 0.91
0912 0.48
1147 0.54
1442 0.47
1823 0.92
2102 0.74
2359 0.85
22
SÁB
0021 0.78
0308 0.70
0546 0.78
1508 0.43
07
SEX
0351 0.66
0619 0.83
0946 0.51
1223 0.61
1602 0.43
1940 0.78
2110 0.74
23
DOM
0032 0.90
0440 0.65
0647 0.69
0812 0.68
1104 0.74
1623 0.33
08
SÁB
0047 0.95
0506 0.64
0734 0.76
1012 0.60
1242 0.68
1719 0.34
24
SEG
0036 1.03
0546 0.56
1157 0.88
1731 0.20
09
DOM
0114 1.03
0616 0.57
0912 0.75
1055 0.73
1259 0.78
1827 0.22
25
TER
0101 1.15
0636 0.45
1238 1.03
1829 0.07
10
SEG
0142 1.09
0710 0.48
1259 0.90
1919 0.11
26
QUA
0134 1.23
0721 0.35
1314 1.16
1921 -0.04
11
TER
0201 1.12
0759 0.39
1232 1.03
2006 0.04
27
QUI
0206 1.27
0804 0.26
1347 1.25
2012 -0.11
12
QUA
0214 1.14
0836 0.33
1302 1.16
2049 0.01
28
SEX
0242 1.24
0849 0.19
1414 1.31
2102 -0.12
13
QUI
0221 1.16
0902 0.28
1332 1.26
2121 0.02
29
SÁB
0255 1.18
0927 0.16
1419 1.34
2151 -0.08
14
SEX
0225 1.18
0932 0.26
1406 1.31
2151 0.07
30
DOM
0229 1.12
1004 0.15
1431 1.35
2236 0.04
15
SÁB
0246 1.18
0953 0.25
1440 1.32
2216 0.14
31
SEG
0244 1.10
1049 0.18
1504 1.32
2316 0.19
16
DOM
0310 1.16
1014 0.26
1510 1.29
2242 0.22
Abril
HORA ALT(m) HORA ALT(m)
01
TER
0308 1.09
1127 0.24
1542 1.25
17
QUI
0347 1.01
1132 0.31
1623 1.06
02
QUA
0002 0.37
0347 1.06
1208 0.31
1623 1.14
18
SEX
0021 0.60
0408 0.95
1223 0.35
1706 0.96
2149 0.72
2310 0.74
03
QUI
0059 0.54
0421 1.01
1001 0.45
1304 0.38
1710 1.00
2016 0.75
2253 0.80
19
SÁB
0127 0.68
0447 0.89
1336 0.37
1802 0.86
2038 0.81
2346 0.83
04
SEX
0204 0.67
0504 0.94
0904 0.46
1117 0.51
1419 0.42
1808 0.86
2029 0.72
2359 0.90
20
DOM
0255 0.70
0525 0.82
1451 0.34
2342 0.93
05
SÁB
0336 0.72
0601 0.86
0927 0.52
1149 0.58
1547 0.40
1921 0.74
2051 0.72
21
SEG
0402 0.64
0642 0.75
0825 0.73
1025 0.76
1559 0.26
06
DOM
0031 0.96
0453 0.68
0708 0.79
1002 0.62
1204 0.68
1701 0.33
22
TER
0002 1.03
0501 0.55
1121 0.90
1659 0.16
07
SEG
0057 1.01
0555 0.59
0902 0.78
1025 0.76
1217 0.79
1802 0.24
23
QUA
0036 1.12
0553 0.45
1206 1.04
1757 0.06
08
TER
0110 1.05
0646 0.50
1223 0.91
1855 0.17
24
QUI
0106 1.17
0640 0.34
1249 1.17
1853 -0.00
09
QUA
0129 1.08
0723 0.41
1216 1.05
1940 0.12
25
SEX
0146 1.18
0729 0.24
1325 1.25
1949 -0.03
10
QUI
0138 1.11
0757 0.33
1238 1.16
2017 0.11
26
SÁB
0208 1.15
0814 0.17
1342 1.30
2044 -0.01
11
SEX
0136 1.14
0829 0.28
1314 1.25
2051 0.13
27
DOM
0216 1.09
0901 0.11
1349 1.32
2134 0.06
12
SÁB
0151 1.17
0851 0.24
1347 1.29
2121 0.17
28
SEG
0147 1.09
0949 0.09
1416 1.31
2219 0.17
13
DOM
0214 1.17
0917 0.22
1417 1.29
2149 0.23
29
TER
0212 1.10
1032 0.11
1451 1.26
2304 0.30
14
SEG
0242 1.15
0947 0.22
1451 1.26
2221 0.31
30
QUA
0249 1.10
1114 0.16
1527 1.18
2357 0.45
15
TER
0304 1.11
1017 0.24
1519 1.21
2257 0.40
16
QUA
0325 1.06
1053 0.27
1551 1.14
2340 0.50
DG6-62 Original
141
PORTO DE ANGRA DOS REIS (ESTADO DO RIO DE JANEIRO) - 2025
Latitude 23° 00'.8 S Longitude 44° 18'.9 W Fuso UTC -03.0 horas
DHN 24 Componentes Nível Médio 0.69 m Carta 1636
Maio
HORA ALT(m) HORA ALT(m)
01
QUI
0321 1.08
1202 0.23
1612 1.07
17
SÁB
0017 0.60
0359 0.97
1219 0.25
1702 0.95
02
SEX
0049 0.60
0404 1.04
1257 0.30
1704 0.94
1949 0.77
2231 0.85
18
DOM
0112 0.65
0434 0.93
1316 0.26
1757 0.87
1919 0.85
2106 0.86
03
SÁB
0151 0.69
0455 0.97
1401 0.35
1802 0.83
2004 0.74
2319 0.89
19
SEG
0216 0.65
0521 0.89
1417 0.24
2242 0.92
04
DOM
0302 0.72
0551 0.90
1512 0.37
1914 0.75
2016 0.74
2357 0.92
20
TER
0317 0.61
0631 0.85
1523 0.21
2325 0.98
05
SEG
0406 0.68
0701 0.84
1102 0.68
1625 0.34
21
QUA
0412 0.53
1049 0.91
1625 0.16
06
TER
0012 0.95
0504 0.61
0832 0.83
1723 0.30
22
QUI
0004 1.03
0506 0.44
1142 1.03
1725 0.12
07
QUA
0036 0.97
0553 0.53
1032 0.91
1812 0.27
23
SEX
0047 1.05
0601 0.34
1227 1.13
1823 0.11
08
QUI
0049 1.00
0634 0.44
1131 1.03
1855 0.25
24
SÁB
0116 1.05
0655 0.24
1308 1.20
1925 0.12
09
SEX
0046 1.04
0659 0.36
1214 1.12
1936 0.25
25
DOM
0144 1.03
0751 0.16
1336 1.24
2025 0.15
10
SÁB
0057 1.09
0734 0.29
1251 1.18
2017 0.26
26
SEG
0053 1.02
0846 0.09
1334 1.24
2119 0.21
11
DOM
0119 1.12
0812 0.24
1325 1.22
2051 0.28
27
TER
0116 1.07
0934 0.05
1410 1.22
2206 0.28
12
SEG
0149 1.13
0847 0.20
1402 1.23
2134 0.32
28
QUA
0155 1.10
1019 0.05
1442 1.17
2259 0.38
13
TER
0214 1.12
0929 0.19
1434 1.20
2210 0.38
29
QUI
0227 1.12
1104 0.08
1521 1.10
2346 0.48
14
QUA
0242 1.08
1006 0.19
1510 1.16
2255 0.45
30
SEX
0308 1.11
1155 0.14
1608 1.02
15
QUI
0304 1.04
1049 0.21
1542 1.10
2338 0.53
31
SÁB
0025 0.58
0359 1.08
1242 0.22
1701 0.93
1938 0.81
2136 0.83
16
SEX
0323 1.01
1132 0.23
1619 1.03
Junho
HORA ALT(m) HORA ALT(m)
01
DOM
0112 0.65
0446 1.03
1329 0.29
1755 0.85
2004 0.78
2221 0.83
17
TER
0144 0.59
0512 1.00
1355 0.18
1816 0.84
1946 0.82
2153 0.86
02
SEG
0206 0.68
0540 0.97
1421 0.35
1859 0.80
2036 0.77
2301 0.84
18
QUA
0240 0.57
0612 0.97
1455 0.21
2004 0.78
2257 0.88
03
TER
0302 0.66
0646 0.92
1523 0.38
2325 0.84
19
QUI
0336 0.51
0721 0.95
1559 0.23
2347 0.89
04
QUA
0353 0.61
0801 0.89
1621 0.39
2351 0.87
20
SEX
0429 0.43
1116 0.98
1701 0.24
05
QUI
0429 0.54
0927 0.91
1708 0.39
2346 0.91
21
SÁB
0023 0.90
0527 0.34
1219 1.06
1802 0.26
06
SEX
0508 0.46
1053 0.97
1749 0.38
2351 0.96
22
DOM
0101 0.91
0629 0.25
1314 1.13
1910 0.28
07
SÁB
0546 0.38
1146 1.04
1838 0.38
23
SEG
0123 0.91
0734 0.15
1359 1.17
2014 0.29
08
DOM
0023 1.02
0634 0.31
1229 1.10
1942 0.38
24
TER
0019 0.98
0831 0.06
1440 1.17
2106 0.31
09
SEG
0057 1.06
0734 0.25
1314 1.15
2040 0.37
25
QUA
0101 1.05
0919 -0.00
1432 1.15
2159 0.33
10
TER
0129 1.07
0831 0.19
1355 1.16
2123 0.38
26
QUI
0138 1.11
1006 -0.02
1444 1.12
2244 0.39
11
QUA
0202 1.08
0914 0.15
1436 1.16
2202 0.40
27
SEX
0216 1.15
1055 0.01
1523 1.08
2317 0.45
12
QUI
0229 1.06
0959 0.12
1517 1.13
2249 0.44
28
SÁB
0302 1.17
1138 0.07
1604 1.02
2359 0.51
13
SEX
0255 1.05
1044 0.11
1551 1.09
2323 0.49
29
DOM
0349 1.15
1210 0.16
1647 0.97
14
SÁB
0316 1.04
1123 0.11
1629 1.03
30
SEG
0031 0.56
0432 1.11
1249 0.26
1727 0.91
15
DOM
0004 0.53
0349 1.03
1206 0.13
1657 0.96
16
SEG
0053 0.57
0423 1.02
1259 0.15
1731 0.90
1957 0.87
Julho
HORA ALT(m) HORA ALT(m)
01
TER
0057 0.59
0519 1.05
1319 0.35
1812 0.87
17
QUI
0157 0.51
0553 1.07
1425 0.29
1814 0.84
2057 0.70
2238 0.73
02
QUA
0129 0.59
0612 0.99
1402 0.42
1908 0.83
18
SEX
0257 0.49
0653 1.00
1536 0.36
1906 0.79
2127 0.68
2336 0.74
03
QUI
0219 0.57
0710 0.93
1455 0.47
2021 0.81
19
SÁB
0401 0.43
0802 0.93
0947 0.89
1127 0.93
1647 0.40
2012 0.76
2208 0.70
04
SEX
0316 0.53
0827 0.89
1557 0.49
2155 0.82
20
DOM
0016 0.77
0504 0.35
1240 1.02
1757 0.42
2301 0.76
05
SÁB
0410 0.46
1008 0.90
1702 0.50
2314 0.87
21
SEG
0059 0.81
0614 0.24
1329 1.09
1902 0.40
06
DOM
0508 0.39
1127 0.96
1812 0.48
22
TER
0002 0.84
0117 0.86
0717 0.13
1408 1.14
2002 0.37
07
SEG
0002 0.93
0610 0.32
1229 1.03
1932 0.45
23
QUA
0006 0.96
0816 0.03
1449 1.16
2057 0.34
08
TER
0046 0.99
0716 0.24
1323 1.10
2031 0.42
24
QUI
0049 1.07
0906 -0.04
1504 1.14
2142 0.34
09
QUA
0121 1.04
0812 0.16
1408 1.15
2108 0.39
25
SEX
0129 1.16
0955 -0.06
1447 1.12
2216 0.35
10
QUI
0159 1.08
0901 0.08
1451 1.18
2153 0.38
26
SÁB
0210 1.22
1036 -0.03
1516 1.10
2255 0.38
11
SEX
0229 1.09
0947 0.03
1532 1.16
2225 0.39
27
DOM
0255 1.25
1106 0.05
1546 1.07
2319 0.42
12
SÁB
0249 1.10
1025 -0.00
1606 1.12
2302 0.41
28
SEG
0332 1.23
1142 0.15
1617 1.03
2344 0.46
13
DOM
0312 1.12
1104 -0.00
1629 1.05
2344 0.45
29
TER
0412 1.19
1202 0.26
1657 0.98
14
SEG
0338 1.13
1151 0.04
1629 0.99
30
QUA
0001 0.48
0457 1.12
1229 0.36
1731 0.93
15
TER
0017 0.48
0412 1.13
1236 0.11
1701 0.94
31
QUI
0031 0.49
0540 1.04
1302 0.45
1806 0.87
16
QUA
0102 0.50
0501 1.11
1325 0.20
1732 0.89
Agosto
HORA ALT(m) HORA ALT(m)
01
SEX
0116 0.51
0625 0.95
1359 0.54
1853 0.81
17
DOM
0344 0.43
0723 0.87
0912 0.81
1202 0.92
1642 0.55
1927 0.77
2204 0.61
02
SÁB
0225 0.51
0725 0.87
1512 0.59
2027 0.76
18
SEG
0019 0.70
0457 0.34
1257 1.03
1753 0.52
2101 0.75
2251 0.70
03
DOM
0340 0.48
0942 0.83
1644 0.59
2247 0.79
19
TER
0055 0.77
0604 0.22
1334 1.10
1857 0.47
04
SEG
0446 0.41
1232 0.92
1808 0.55
2359 0.87
20
QUA
0108 0.86
0704 0.10
1404 1.15
1953 0.40
05
TER
0549 0.31
1257 1.03
1925 0.48
21
QUI
0021 0.98
0801 -0.00
1431 1.16
2038 0.34
06
QUA
0042 0.97
0655 0.20
1336 1.13
2008 0.41
22
SEX
0044 1.11
0851 -0.05
1444 1.15
2110 0.31
07
QUI
0117 1.06
0751 0.09
1412 1.20
2051 0.36
23
SÁB
0121 1.22
0932 -0.05
1434 1.15
2151 0.29
08
SEX
0155 1.13
0840 -0.00
1451 1.23
2123 0.32
24
DOM
0202 1.29
1004 -0.00
1449 1.15
2216 0.31
09
SÁB
0225 1.18
0923 -0.06
1525 1.21
2201 0.31
25
SEG
0238 1.31
1040 0.09
1516 1.13
2240 0.33
10
DOM
0242 1.21
1004 -0.08
1549 1.15
2238 0.32
26
TER
0314 1.29
1101 0.19
1549 1.09
2257 0.35
11
SEG
0301 1.23
1049 -0.06
1542 1.08
2308 0.34
27
QUA
0351 1.24
1123 0.30
1614 1.04
2317 0.38
12
TER
0321 1.24
1129 0.03
1555 1.03
2349 0.38
28
QUI
0425 1.16
1149 0.41
1646 0.98
2351 0.42
13
QUA
0359 1.23
1210 0.14
1617 0.98
29
SEX
0501 1.07
1221 0.51
1706 0.91
14
QUI
0029 0.42
0438 1.18
1301 0.28
1659 0.94
30
SÁB
0036 0.46
0542 0.96
1012 0.62
1149 0.64
1317 0.61
1729 0.84
15
SEX
0119 0.46
0523 1.10
1402 0.42
1740 0.88
2104 0.58
2246 0.60
31
DOM
0151 0.49
0632 0.86
1019 0.70
1217 0.74
1459 0.67
1801 0.76
16
SÁB
0227 0.47
0616 0.99
0908 0.80
1029 0.82
1519 0.52
1823 0.82
2127 0.57
2344 0.64
DG6-62 Original
142
PORTO DE ANGRA DOS REIS (ESTADO DO RIO DE JANEIRO) - 2025
Latitude 23° 00'.8 S Longitude 44° 18'.9 W Fuso UTC -03.0 horas
DHN 24 Componentes Nível Médio 0.69 m Carta 1636
Setembro
HORA ALT(m) HORA ALT(m)
01
SEG
0308 0.47
1249 0.85
1638 0.65
2301 0.73
17
QUA
0036 0.78
0555 0.20
1317 1.10
1838 0.49
02
TER
0421 0.39
1251 0.96
1755 0.57
2353 0.85
18
QUI
0051 0.89
0651 0.10
1347 1.13
1923 0.40
03
QUA
0529 0.28
1301 1.08
1851 0.48
19
SEX
0029 1.02
0742 0.03
1401 1.14
2004 0.33
04
QUI
0029 0.98
0629 0.15
1327 1.18
1936 0.39
20
SÁB
0034 1.16
0825 -0.00
1357 1.15
2046 0.28
05
SEX
0104 1.10
0721 0.03
1401 1.25
2012 0.32
21
DOM
0110 1.26
0902 0.02
1401 1.17
2112 0.25
06
SÁB
0140 1.20
0810 -0.06
1434 1.27
2053 0.26
22
SEG
0146 1.32
0940 0.08
1419 1.18
2140 0.25
07
DOM
0212 1.27
0859 -0.11
1501 1.23
2129 0.23
23
TER
0217 1.33
1002 0.17
1447 1.16
2157 0.25
08
SEG
0229 1.30
0944 -0.10
1519 1.15
2204 0.23
24
QUA
0255 1.30
1029 0.26
1512 1.13
2219 0.28
09
TER
0236 1.31
1025 -0.03
1501 1.09
2246 0.25
25
QUI
0323 1.24
1051 0.37
1540 1.07
2249 0.31
10
QUA
0304 1.31
1106 0.08
1514 1.06
2319 0.29
26
SEX
0359 1.16
1123 0.48
1602 1.01
2321 0.36
11
QUI
0336 1.27
1155 0.24
1549 1.03
27
SÁB
0429 1.06
0921 0.59
1619 0.94
12
SEX
0001 0.34
0414 1.19
1247 0.41
1619 0.98
28
DOM
0008 0.42
0506 0.96
0927 0.65
1146 0.70
1306 0.68
1647 0.87
13
SÁB
0055 0.40
0502 1.08
1353 0.56
1704 0.93
2053 0.49
2301 0.53
29
SEG
0127 0.46
0559 0.85
0938 0.73
1206 0.80
1453 0.72
1712 0.79
14
DOM
0204 0.43
0601 0.94
0829 0.76
1121 0.86
1510 0.64
1757 0.85
2114 0.51
2346 0.59
30
TER
0253 0.43
1225 0.90
1614 0.67
1808 0.70
2002 0.68
2236 0.72
15
SEG
0327 0.41
0704 0.80
0853 0.74
1216 0.97
1631 0.64
1901 0.78
2155 0.58
16
TER
0012 0.68
0447 0.32
1257 1.05
1742 0.57
2029 0.75
2214 0.70
Outubro
HORA ALT(m) HORA ALT(m)
01
QUA
0401 0.35
1227 1.00
1716 0.57
2325 0.86
17
SEX
0012 0.90
0623 0.16
1310 1.07
1855 0.41
2346 1.03
02
QUI
0502 0.22
1238 1.11
1806 0.47
18
SÁB
0712 0.12
1323 1.09
1934 0.33
03
SEX
0006 1.01
0559 0.10
1304 1.20
1851 0.37
19
DOM
0017 1.16
0757 0.12
1321 1.12
2004 0.27
04
SÁB
0046 1.15
0653 -0.00
1338 1.25
1936 0.28
20
SEG
0051 1.24
0836 0.14
1327 1.16
2036 0.23
05
DOM
0119 1.25
0744 -0.06
1406 1.24
2016 0.21
21
TER
0123 1.29
0904 0.20
1353 1.17
2055 0.21
06
SEG
0147 1.32
0832 -0.08
1434 1.19
2059 0.16
22
QUA
0201 1.30
0938 0.26
1417 1.16
2127 0.21
07
TER
0212 1.34
0919 -0.04
1425 1.13
2142 0.15
23
QUI
0231 1.26
1004 0.34
1447 1.13
2157 0.22
08
QUA
0219 1.34
1004 0.05
1419 1.10
2219 0.16
24
SEX
0304 1.21
1042 0.43
1508 1.08
2236 0.26
09
QUI
0244 1.31
1055 0.19
1449 1.09
2302 0.20
25
SÁB
0336 1.13
1116 0.53
1531 1.02
2314 0.30
10
SEX
0316 1.25
1146 0.35
1516 1.07
2351 0.26
26
DOM
0410 1.04
0857 0.64
1006 0.66
1202 0.62
1557 0.96
11
SÁB
0402 1.15
1236 0.52
1601 1.03
27
SEG
0002 0.35
0451 0.95
0904 0.70
1102 0.75
1304 0.69
1621 0.90
12
DOM
0047 0.33
0451 1.01
0749 0.78
1014 0.83
1342 0.65
1646 0.96
2042 0.47
2231 0.50
28
TER
0106 0.37
0546 0.85
0906 0.78
1138 0.83
1421 0.71
1704 0.83
13
SEG
0157 0.37
0547 0.87
0802 0.73
1123 0.92
1501 0.70
1732 0.88
2104 0.52
2316 0.58
29
QUA
0219 0.35
1149 0.90
1540 0.66
1808 0.76
2019 0.73
14
TER
0310 0.36
0657 0.75
0814 0.71
1206 0.99
1608 0.67
1844 0.81
2138 0.61
2347 0.68
30
QUI
0329 0.29
1146 0.99
1634 0.57
2255 0.87
15
QUA
0427 0.30
1234 1.03
1712 0.59
2010 0.79
2204 0.74
31
SEX
0431 0.20
1208 1.08
1719 0.47
2344 1.02
16
QUI
0002 0.78
0531 0.22
1259 1.05
1806 0.50
Novembro
HORA ALT(m) HORA ALT(m)
01
SÁB
0525 0.10
1242 1.14
1806 0.36
17
SEG
0727 0.27
1236 1.06
1925 0.29
02
DOM
0021 1.15
0619 0.04
1312 1.17
1855 0.26
18
TER
0031 1.17
0804 0.29
1301 1.11
1947 0.23
03
SEG
0101 1.25
0714 0.01
1346 1.16
1944 0.18
19
QUA
0110 1.21
0844 0.31
1327 1.13
2031 0.19
04
TER
0134 1.30
0808 0.03
1355 1.11
2034 0.12
20
QUI
0146 1.22
0921 0.35
1359 1.13
2108 0.18
05
QUA
0146 1.32
0902 0.08
1332 1.09
2117 0.08
21
SEX
0219 1.20
0957 0.40
1425 1.11
2149 0.17
06
QUI
0208 1.30
0957 0.17
1355 1.10
2204 0.08
22
SÁB
0257 1.16
1038 0.46
1453 1.07
2231 0.19
07
SEX
0229 1.26
1047 0.29
1421 1.11
2253 0.11
23
DOM
0331 1.10
1112 0.53
1514 1.03
2310 0.21
08
SÁB
0308 1.18
1132 0.43
1502 1.10
2344 0.17
24
SEG
0408 1.03
1201 0.59
1544 1.00
2359 0.24
09
DOM
0353 1.08
1219 0.56
1544 1.06
25
TER
0446 0.96
0959 0.76
1251 0.64
1614 0.96
10
SEG
0038 0.24
0440 0.96
0714 0.79
0957 0.86
1317 0.66
1625 1.01
26
QUA
0053 0.26
0532 0.89
1349 0.66
1702 0.92
11
TER
0138 0.30
0531 0.85
0746 0.75
1059 0.90
1429 0.70
1716 0.94
2112 0.57
2206 0.58
27
QUI
0153 0.26
1016 0.87
1453 0.64
1802 0.87
12
QUA
0247 0.33
0804 0.72
1136 0.93
1540 0.68
1825 0.88
2257 0.67
28
SEX
0257 0.25
1101 0.93
1551 0.57
2204 0.87
13
QUI
0357 0.32
1202 0.94
1638 0.61
1955 0.85
2214 0.76
29
SÁB
0359 0.21
1142 0.98
1640 0.47
2308 0.99
14
SEX
0459 0.29
1219 0.95
1725 0.53
2134 0.89
30
DOM
0459 0.17
1216 1.02
1729 0.37
15
SÁB
0555 0.27
1240 0.97
1810 0.44
2314 1.00
16
DOM
0642 0.26
1240 1.01
1846 0.36
2353 1.10
Dezembro
HORA ALT(m) HORA ALT(m)
01
SEG
0002 1.11
0555 0.15
1257 1.04
1821 0.26
17
QUA
0021 1.06
0747 0.41
1240 1.03
1927 0.25
02
TER
0051 1.19
0655 0.15
1327 1.03
1917 0.16
18
QUI
0106 1.12
0834 0.39
1314 1.07
2016 0.19
03
QUA
0138 1.24
0757 0.17
1332 1.02
2012 0.08
19
SEX
0144 1.15
0910 0.39
1349 1.09
2059 0.13
04
QUI
0217 1.25
0855 0.20
1306 1.05
2104 0.02
20
SÁB
0225 1.16
0953 0.40
1417 1.10
2144 0.10
05
SEX
0227 1.22
0949 0.26
1331 1.10
2157 -0.01
21
DOM
0302 1.15
1025 0.43
1447 1.09
2221 0.09
06
SÁB
0229 1.18
1034 0.34
1408 1.13
2246 0.01
22
SEG
0338 1.12
1102 0.46
1512 1.08
2301 0.09
07
DOM
0306 1.12
1114 0.43
1453 1.14
2331 0.07
23
TER
0414 1.06
1144 0.51
1538 1.07
2346 0.11
08
SEG
0347 1.04
1202 0.52
1531 1.13
24
QUA
0438 1.00
1217 0.55
1610 1.06
09
TER
0016 0.15
0429 0.96
0840 0.83
1251 0.60
1616 1.09
25
QUI
0029 0.15
0510 0.94
1302 0.58
1655 1.04
10
QUA
0104 0.23
0516 0.88
0751 0.77
1004 0.82
1342 0.65
1708 1.03
26
SEX
0116 0.20
0547 0.88
1359 0.58
1744 1.00
11
QUI
0201 0.32
0610 0.82
0817 0.74
1053 0.81
1438 0.66
1806 0.97
27
SÁB
0216 0.25
0627 0.82
0808 0.78
1008 0.81
1459 0.54
1847 0.96
12
SEX
0302 0.38
0716 0.78
0901 0.75
1116 0.81
1532 0.63
1914 0.91
28
DOM
0321 0.29
0723 0.77
0847 0.75
1114 0.83
1559 0.47
2104 0.91
2255 0.94
13
SÁB
0408 0.41
1149 0.82
1619 0.56
2042 0.89
29
SEG
0431 0.30
1202 0.86
1659 0.38
14
DOM
0506 0.43
1159 0.85
1701 0.49
2221 0.93
30
TER
0002 1.04
0538 0.31
1249 0.89
1759 0.27
15
SEG
0601 0.43
1144 0.91
1738 0.40
2329 1.00
31
QUA
0102 1.13
0646 0.31
1317 0.92
1902 0.16
16
TER
0651 0.42
1212 0.97
1831 0.32
DG6-62 Original
