11
BARRA NORTE - ARCO LAMOSO - 2025
Latitude 01° 26'.3 N Longitude 49° 12'.7 W Fuso UTC -03.0 horas
CHM 26 Componentes Nível Médio 1.9 m Carta 21300
Janeiro
HORA ALT(m) HORA ALT(m)
01
QUA
0404 0.04
1027 3.41
1621 0.62
2234 3.52
17
SEX
0514 0.11
1151 3.48
1736 0.61
2359 3.38
02
QUI
0451 -0.03
1108 3.50
1704 0.50
2316 3.52
18
SÁB
0557 0.21
1234 3.33
1810 0.63
03
SEX
0527 -0.05
1159 3.50
1753 0.44
19
DOM
0049 3.18
0634 0.38
1321 3.14
1855 0.67
04
SÁB
0006 3.46
0610 -0.01
1251 3.42
1836 0.43
20
SEG
0144 2.97
0714 0.58
1414 2.94
1942 0.74
05
DOM
0104 3.33
0702 0.11
1344 3.29
1923 0.44
21
TER
0246 2.77
0806 0.83
1510 2.76
2042 0.81
06
SEG
0202 3.17
0757 0.32
1442 3.16
2019 0.48
22
QUA
0349 2.61
0908 1.07
1606 2.64
2151 0.86
07
TER
0306 3.03
0855 0.55
1544 3.06
2125 0.53
23
QUI
0457 2.52
1016 1.27
1706 2.59
2301 0.85
08
QUA
0417 2.93
1002 0.77
1651 3.03
2246 0.52
24
SEX
0604 2.53
1129 1.36
1806 2.64
09
QUI
0536 2.94
1117 0.90
1759 3.09
25
SÁB
0004 0.78
0706 2.63
1234 1.34
1902 2.77
10
SEX
0001 0.43
0647 3.06
1227 0.92
1901 3.22
26
DOM
0102 0.66
0759 2.78
1323 1.23
1949 2.96
11
SÁB
0101 0.29
0744 3.21
1323 0.86
1955 3.37
27
SEG
0155 0.51
0827 2.97
1408 1.05
2019 3.18
12
DOM
0155 0.16
0825 3.36
1410 0.76
2038 3.48
28
TER
0234 0.36
0902 3.21
1455 0.84
2101 3.43
13
SEG
0240 0.07
0906 3.49
1501 0.67
2112 3.57
29
QUA
0310 0.18
0936 3.43
1529 0.64
2142 3.63
14
TER
0316 0.01
0953 3.55
1546 0.63
2157 3.60
30
QUI
0355 0.02
1008 3.66
1606 0.40
2217 3.77
15
QUA
0402 -0.01
1025 3.58
1617 0.60
2232 3.57
31
SEX
0427 -0.10
1055 3.79
1651 0.23
2304 3.83
16
QUI
0444 0.04
1104 3.58
1701 0.58
2310 3.51
Fevereiro
HORA ALT(m) HORA ALT(m)
01
SÁB
0504 -0.19
1136 3.79
1725 0.10
2357 3.75
17
SEG
0017 3.28
0559 0.37
1247 3.18
1812 0.41
02
DOM
0553 -0.17
1217 3.69
1808 0.04
18
TER
0106 3.03
0638 0.55
1329 2.93
1901 0.48
03
SEG
0047 3.57
0636 -0.02
1308 3.50
1901 0.08
19
QUA
0202 2.77
0721 0.79
1416 2.69
1957 0.61
04
TER
0142 3.32
0721 0.22
1404 3.26
1955 0.22
20
QUI
0302 2.53
0817 1.07
1506 2.51
2101 0.76
05
QUA
0244 3.06
0817 0.54
1506 3.03
2059 0.38
21
SEX
0408 2.37
0929 1.32
1606 2.42
2214 0.86
06
QUI
0357 2.87
0929 0.85
1616 2.89
2214 0.50
22
SÁB
0529 2.35
1057 1.44
1719 2.46
2340 0.85
07
SEX
0514 2.81
1059 1.03
1736 2.88
2340 0.49
23
DOM
0642 2.49
1210 1.38
1829 2.64
08
SÁB
0627 2.90
1210 1.03
1844 3.00
24
SEG
0047 0.72
0723 2.71
1306 1.19
1916 2.92
09
DOM
0047 0.39
0723 3.06
1308 0.95
1934 3.17
25
TER
0134 0.56
0802 2.99
1359 0.95
2002 3.24
10
SEG
0140 0.29
0810 3.23
1402 0.82
2016 3.35
26
QUA
0212 0.38
0836 3.30
1436 0.70
2046 3.54
11
TER
0221 0.22
0857 3.39
1451 0.73
2101 3.49
27
QUI
0257 0.20
0908 3.63
1508 0.42
2119 3.80
12
QUA
0304 0.17
0929 3.50
1525 0.65
2140 3.57
28
SEX
0329 0.04
0953 3.87
1551 0.16
2202 3.99
13
QUI
0349 0.18
1004 3.60
1602 0.58
2212 3.62
14
SEX
0416 0.20
1047 3.61
1636 0.53
2257 3.59
15
SÁB
0453 0.23
1119 3.55
1702 0.46
2336 3.46
16
DOM
0519 0.28
1202 3.41
1738 0.42
Março
HORA ALT(m) HORA ALT(m)
01
SÁB
0404 -0.14
1027 4.00
1619 -0.05
2251 4.02
17
SEG
0453 0.39
1129 3.39
1704 0.23
2355 3.29
02
DOM
0447 -0.21
1108 4.00
1702 -0.21
2332 3.91
18
TER
0523 0.44
1202 3.18
1749 0.21
03
SEG
0523 -0.19
1159 3.84
1751 -0.23
19
QUA
0036 3.03
0604 0.57
1240 2.93
1831 0.30
04
TER
0019 3.70
0606 -0.04
1247 3.57
1836 -0.13
20
QUI
0117 2.76
0655 0.80
1314 2.70
1919 0.47
05
QUA
0114 3.39
0701 0.24
1338 3.25
1927 0.07
21
SEX
0214 2.51
0749 1.07
1401 2.51
2021 0.68
06
QUI
0216 3.08
0801 0.59
1440 2.96
2034 0.31
22
SÁB
0323 2.34
0857 1.32
1502 2.40
2146 0.84
07
SEX
0331 2.83
0908 0.91
1551 2.78
2157 0.48
23
DOM
0449 2.33
1027 1.42
1632 2.43
2310 0.85
08
SÁB
0455 2.74
1040 1.08
1704 2.74
2314 0.52
24
SEG
0559 2.48
1155 1.29
1755 2.63
09
DOM
0608 2.81
1201 1.06
1816 2.85
25
TER
0017 0.74
0647 2.74
1251 1.06
1851 2.95
10
SEG
0025 0.47
0708 2.97
1301 0.94
1912 3.05
26
QUA
0106 0.59
0721 3.07
1331 0.81
1938 3.30
11
TER
0121 0.40
0757 3.15
1353 0.81
2002 3.26
27
QUI
0155 0.43
0802 3.44
1406 0.51
2016 3.63
12
QUA
0208 0.36
0832 3.32
1432 0.71
2046 3.43
28
SEX
0227 0.29
0849 3.75
1449 0.23
2102 3.91
13
QUI
0253 0.37
0906 3.49
1506 0.61
2117 3.55
29
SÁB
0302 0.10
0921 3.97
1519 -0.02
2149 4.04
14
SEX
0323 0.40
0947 3.58
1544 0.55
2201 3.62
30
DOM
0346 -0.03
1004 4.09
1601 -0.25
2229 4.05
15
SÁB
0357 0.41
1016 3.61
1604 0.44
2236 3.58
31
SEG
0417 -0.11
1053 4.03
1646 -0.35
2312 3.94
16
DOM
0419 0.41
1057 3.55
1634 0.34
2310 3.48
Abril
HORA ALT(m) HORA ALT(m)
01
TER
0502 -0.09
1132 3.83
1723 -0.35
17
QUI
0002 3.03
0546 0.67
1157 2.97
1804 0.19
02
QUA
0002 3.72
0553 0.08
1216 3.55
1812 -0.23
18
SEX
0046 2.80
0625 0.84
1236 2.78
1859 0.36
03
QUI
0101 3.41
0644 0.36
1308 3.23
1908 -0.01
19
SÁB
0134 2.60
0716 1.05
1321 2.61
1959 0.58
04
SEX
0201 3.10
0746 0.68
1408 2.94
2012 0.25
20
DOM
0244 2.47
0823 1.24
1432 2.50
2110 0.76
05
SÁB
0306 2.87
0857 0.94
1514 2.74
2129 0.46
21
SEG
0359 2.47
1001 1.28
1559 2.53
2242 0.80
06
DOM
0417 2.76
1014 1.06
1629 2.68
2257 0.55
22
TER
0502 2.62
1117 1.14
1710 2.72
2349 0.75
07
SEG
0536 2.79
1142 1.02
1747 2.77
23
QUA
0601 2.87
1212 0.90
1812 3.01
08
TER
0008 0.54
0640 2.92
1247 0.88
1853 2.96
24
QUI
0040 0.66
0651 3.17
1301 0.64
1906 3.33
09
QUA
0104 0.52
0723 3.10
1334 0.75
1940 3.17
25
SEX
0116 0.55
0734 3.48
1344 0.39
1959 3.62
10
QUI
0155 0.54
0804 3.29
1410 0.65
2017 3.36
26
SÁB
0201 0.41
0814 3.76
1416 0.13
2047 3.83
11
SEX
0227 0.61
0846 3.43
1449 0.59
2101 3.49
27
DOM
0242 0.29
0902 3.96
1501 -0.12
2127 3.94
12
SÁB
0301 0.64
0916 3.52
1510 0.51
2140 3.52
28
SEG
0316 0.17
0949 4.01
1544 -0.28
2210 3.96
13
DOM
0323 0.66
0957 3.54
1540 0.39
2212 3.50
29
TER
0402 0.09
1027 3.93
1621 -0.36
2302 3.86
14
SEG
0355 0.60
1023 3.46
1604 0.24
2253 3.39
30
QUA
0449 0.13
1110 3.76
1706 -0.36
2353 3.66
15
TER
0421 0.56
1057 3.33
1644 0.14
2321 3.23
16
QUA
0501 0.56
1121 3.15
1719 0.12
DG6-62 Original
12
BARRA NORTE - ARCO LAMOSO - 2025
Latitude 01° 26'.3 N Longitude 49° 12'.7 W Fuso UTC -03.0 horas
CHM 26 Componentes Nível Médio 1.9 m Carta 21300
Maio
HORA ALT(m) HORA ALT(m)
01
QUI
0534 0.27
1201 3.51
1801 -0.24
17
SÁB
0012 2.92
0606 0.83
1208 2.92
1838 0.28
02
SEX
0042 3.41
0623 0.47
1253 3.23
1857 -0.04
18
DOM
0106 2.80
0701 0.95
1306 2.78
1931 0.46
03
SÁB
0136 3.16
0721 0.71
1349 2.97
1957 0.21
19
SEG
0208 2.72
0802 1.04
1414 2.70
2040 0.62
04
DOM
0238 2.96
0829 0.91
1449 2.79
2104 0.43
20
TER
0312 2.73
0914 1.04
1529 2.72
2155 0.72
05
SEG
0344 2.83
0953 1.00
1557 2.71
2221 0.58
21
QUA
0414 2.83
1031 0.94
1640 2.85
2301 0.75
06
TER
0453 2.82
1116 0.95
1706 2.75
2342 0.65
22
QUI
0512 3.00
1132 0.76
1746 3.03
2359 0.74
07
QUA
0557 2.90
1219 0.83
1812 2.89
23
SEX
0608 3.22
1221 0.55
1846 3.26
08
QUI
0042 0.71
0649 3.04
1306 0.73
1906 3.07
24
SÁB
0049 0.70
0704 3.46
1308 0.33
1940 3.47
09
SEX
0119 0.78
0731 3.19
1347 0.66
1959 3.23
25
DOM
0134 0.63
0759 3.66
1359 0.11
2027 3.64
10
SÁB
0201 0.86
0810 3.32
1412 0.59
2040 3.32
26
SEG
0214 0.52
0847 3.80
1444 -0.07
2112 3.77
11
DOM
0227 0.91
0855 3.39
1446 0.51
2114 3.36
27
TER
0302 0.40
0927 3.84
1521 -0.21
2202 3.81
12
SEG
0257 0.88
0923 3.39
1508 0.37
2157 3.34
28
QUA
0351 0.34
1008 3.81
1606 -0.30
2251 3.74
13
TER
0323 0.82
0959 3.35
1546 0.24
2225 3.26
29
QUI
0432 0.35
1059 3.69
1659 -0.30
2331 3.61
14
QUA
0401 0.73
1019 3.26
1617 0.13
2301 3.17
30
SEX
0516 0.40
1142 3.49
1747 -0.19
15
QUI
0442 0.71
1055 3.17
1702 0.08
2334 3.05
31
SÁB
0016 3.46
0606 0.51
1223 3.28
1836 -0.02
16
SEX
0517 0.74
1125 3.05
1751 0.15
Junho
HORA ALT(m) HORA ALT(m)
01
DOM
0106 3.27
0702 0.67
1314 3.08
1927 0.20
17
TER
0142 3.03
0732 0.75
1359 2.98
2002 0.44
02
SEG
0204 3.09
0802 0.82
1412 2.90
2029 0.44
18
QUA
0240 3.00
0831 0.74
1501 2.94
2102 0.61
03
TER
0304 2.95
0910 0.91
1516 2.79
2144 0.65
19
QUI
0338 3.01
0934 0.70
1604 2.94
2204 0.75
04
QUA
0404 2.88
1032 0.92
1625 2.76
2259 0.81
20
SEX
0440 3.06
1042 0.62
1712 3.00
2310 0.84
05
QUI
0506 2.89
1140 0.85
1736 2.82
2359 0.93
21
SÁB
0544 3.17
1149 0.50
1819 3.12
06
SEX
0602 2.95
1225 0.78
1838 2.92
22
DOM
0012 0.86
0646 3.32
1249 0.34
1921 3.29
07
SÁB
0046 1.04
0659 3.05
1304 0.71
1927 3.03
23
SEG
0108 0.81
0742 3.48
1342 0.18
2012 3.46
08
DOM
0117 1.12
0746 3.14
1342 0.64
2012 3.11
24
TER
0201 0.71
0827 3.61
1423 0.02
2102 3.60
09
SEG
0157 1.12
0819 3.20
1408 0.53
2101 3.16
25
QUA
0251 0.60
0908 3.70
1508 -0.12
2151 3.66
10
TER
0225 1.08
0901 3.24
1449 0.41
2136 3.16
26
QUI
0334 0.52
0959 3.71
1559 -0.19
2227 3.66
11
QUA
0302 0.97
0927 3.23
1521 0.28
2204 3.17
27
SEX
0414 0.45
1038 3.63
1644 -0.18
2308 3.63
12
QUI
0344 0.87
0959 3.24
1602 0.15
2240 3.16
28
SÁB
0502 0.45
1114 3.53
1721 -0.11
2357 3.52
13
SEX
0419 0.78
1029 3.23
1649 0.10
2310 3.17
29
DOM
0551 0.52
1202 3.39
1808 0.02
14
SÁB
0504 0.71
1108 3.21
1727 0.10
2359 3.14
30
SEG
0044 3.36
0634 0.62
1255 3.21
1901 0.23
15
DOM
0555 0.71
1201 3.14
1814 0.16
16
SEG
0047 3.09
0642 0.73
1259 3.05
1904 0.28
Julho
HORA ALT(m) HORA ALT(m)
01
TER
0129 3.19
0721 0.72
1349 3.02
1953 0.48
17
QUI
0204 3.23
0757 0.41
1432 3.08
2016 0.51
02
QUA
0225 3.03
0819 0.82
1451 2.87
2051 0.74
18
SEX
0302 3.12
0853 0.47
1542 2.95
2117 0.75
03
QUI
0323 2.90
0925 0.87
1555 2.77
2157 0.97
19
SÁB
0404 3.04
1001 0.51
1657 2.91
2234 0.94
04
SEX
0421 2.83
1031 0.88
1701 2.72
2259 1.14
20
DOM
0514 3.04
1117 0.50
1806 2.99
2355 0.99
05
SÁB
0519 2.81
1129 0.85
1802 2.74
2355 1.26
21
SEG
0623 3.14
1227 0.39
1908 3.15
06
DOM
0616 2.85
1217 0.78
1904 2.81
22
TER
0059 0.92
0721 3.31
1321 0.24
2002 3.33
07
SEG
0044 1.31
0708 2.93
1304 0.69
1959 2.90
23
QUA
0151 0.81
0810 3.47
1408 0.10
2053 3.47
08
TER
0121 1.28
0801 3.02
1351 0.58
2044 2.98
24
QUI
0238 0.69
0901 3.59
1501 -0.01
2129 3.56
09
QUA
0204 1.17
0838 3.10
1427 0.46
2114 3.08
25
SEX
0316 0.56
0940 3.63
1544 -0.04
2206 3.64
10
QUI
0251 1.03
0904 3.21
1506 0.30
2151 3.17
26
SÁB
0402 0.47
1012 3.64
1617 -0.04
2251 3.63
11
SEX
0325 0.87
0942 3.30
1553 0.17
2214 3.29
27
DOM
0446 0.46
1059 3.60
1702 0.01
2325 3.56
12
SÁB
0406 0.69
1012 3.40
1629 0.08
2257 3.39
28
SEG
0517 0.47
1140 3.48
1744 0.14
13
DOM
0453 0.56
1101 3.46
1708 0.01
2334 3.43
29
TER
0008 3.45
0602 0.51
1221 3.31
1819 0.32
14
SEG
0529 0.47
1149 3.44
1757 0.02
30
QUA
0059 3.27
0644 0.58
1314 3.11
1902 0.53
15
TER
0016 3.41
0612 0.40
1240 3.35
1842 0.13
31
QUI
0151 3.06
0725 0.67
1414 2.90
1953 0.79
16
QUA
0108 3.34
0702 0.38
1332 3.22
1925 0.30
Agosto
HORA ALT(m) HORA ALT(m)
01
SEX
0247 2.86
0817 0.75
1516 2.71
2049 1.05
17
DOM
0342 2.93
0932 0.46
1640 2.83
2210 1.01
02
SÁB
0344 2.71
0921 0.83
1621 2.58
2153 1.26
18
SEG
0459 2.90
1101 0.49
1757 2.90
2340 1.05
03
DOM
0444 2.63
1029 0.86
1732 2.54
2301 1.38
19
TER
0606 3.00
1208 0.41
1901 3.06
04
SEG
0546 2.63
1140 0.84
1847 2.61
20
QUA
0046 0.95
0706 3.18
1306 0.28
1953 3.23
05
TER
0004 1.40
0649 2.73
1242 0.75
1944 2.75
21
QUI
0136 0.80
0801 3.36
1401 0.18
2031 3.39
06
QUA
0102 1.30
0738 2.88
1329 0.62
2019 2.91
22
SEX
0217 0.65
0844 3.50
1446 0.14
2108 3.53
07
QUI
0155 1.14
0812 3.07
1412 0.47
2057 3.09
23
SÁB
0302 0.52
0916 3.60
1521 0.13
2151 3.61
08
SEX
0234 0.94
0853 3.27
1457 0.30
2117 3.29
24
DOM
0347 0.46
0959 3.66
1602 0.14
2221 3.64
09
SÁB
0310 0.70
0919 3.46
1534 0.17
2157 3.50
25
SEG
0416 0.43
1036 3.62
1640 0.22
2301 3.61
10
DOM
0353 0.49
1001 3.65
1608 0.02
2227 3.65
26
TER
0455 0.40
1112 3.54
1708 0.30
2342 3.47
11
SEG
0425 0.30
1046 3.73
1653 -0.06
2306 3.74
27
QUA
0523 0.40
1201 3.38
1746 0.42
12
TER
0504 0.14
1125 3.72
1727 -0.06
2357 3.70
28
QUI
0019 3.27
0601 0.41
1251 3.14
1817 0.59
13
QUA
0551 0.06
1212 3.61
1808 0.02
29
SEX
0106 3.03
0644 0.47
1346 2.88
1902 0.81
14
QUI
0044 3.54
0632 0.08
1306 3.41
1859 0.21
30
SÁB
0201 2.78
0732 0.59
1447 2.63
1957 1.06
15
SEX
0134 3.32
0719 0.16
1406 3.15
1951 0.49
31
DOM
0257 2.57
0834 0.73
1555 2.46
2102 1.30
16
SÁB
0231 3.10
0817 0.31
1516 2.93
2053 0.79
DG6-62 Original
13
BARRA NORTE - ARCO LAMOSO - 2025
Latitude 01° 26'.3 N Longitude 49° 12'.7 W Fuso UTC -03.0 horas
CHM 26 Componentes Nível Médio 1.9 m Carta 21300
Setembro
HORA ALT(m) HORA ALT(m)
01
SEG
0359 2.45
0947 0.85
1708 2.41
2217 1.43
17
QUA
0551 2.89
1155 0.43
1840 3.00
02
TER
0508 2.46
1106 0.86
1825 2.51
2347 1.40
18
QUI
0025 0.88
0653 3.07
1257 0.35
1929 3.17
03
QUA
0619 2.60
1216 0.77
1914 2.70
19
SEX
0117 0.72
0742 3.26
1347 0.31
2008 3.35
04
QUI
0051 1.22
0708 2.84
1310 0.62
1955 2.92
20
SÁB
0204 0.57
0819 3.43
1425 0.31
2051 3.49
05
SEX
0136 0.99
0753 3.10
1359 0.46
2016 3.17
21
DOM
0251 0.48
0902 3.57
1504 0.33
2119 3.59
06
SÁB
0212 0.73
0821 3.38
1436 0.32
2055 3.46
22
SEG
0321 0.43
0940 3.62
1544 0.40
2201 3.64
07
DOM
0255 0.47
0902 3.66
1508 0.16
2123 3.71
23
TER
0357 0.38
1012 3.62
1608 0.45
2234 3.58
08
SEG
0325 0.25
0944 3.84
1551 0.03
2202 3.91
24
QUA
0421 0.34
1057 3.53
1640 0.50
2306 3.46
09
TER
0402 0.01
1017 3.94
1619 -0.06
2247 3.94
25
QUI
0455 0.28
1136 3.35
1706 0.54
2349 3.25
10
QUA
0444 -0.12
1104 3.92
1702 -0.09
2325 3.84
26
SEX
0525 0.26
1216 3.12
1749 0.65
11
QUI
0519 -0.19
1157 3.75
1747 0.03
27
SÁB
0023 2.98
0606 0.30
1306 2.84
1829 0.84
12
SEX
0010 3.63
0604 -0.16
1251 3.47
1831 0.25
28
DOM
0106 2.72
0701 0.44
1404 2.58
1917 1.07
13
SÁB
0104 3.34
0701 0.00
1353 3.17
1923 0.55
29
SEG
0159 2.50
0759 0.63
1516 2.39
2021 1.29
14
DOM
0206 3.05
0801 0.22
1502 2.93
2032 0.85
30
TER
0302 2.36
0908 0.81
1642 2.37
2155 1.40
15
SEG
0316 2.85
0912 0.41
1617 2.82
2159 1.02
16
TER
0434 2.79
1040 0.48
1734 2.86
2317 1.01
Outubro
HORA ALT(m) HORA ALT(m)
01
QUA
0427 2.38
1044 0.86
1749 2.48
2323 1.29
17
SEX
0010 0.80
0625 2.97
1236 0.47
1904 3.12
02
QUI
0544 2.56
1157 0.76
1831 2.69
18
SÁB
0104 0.63
0716 3.16
1325 0.47
1947 3.27
03
SEX
0023 1.06
0634 2.83
1251 0.63
1906 2.97
19
DOM
0155 0.52
0802 3.35
1406 0.52
2017 3.42
04
SÁB
0106 0.80
0712 3.15
1329 0.51
1946 3.27
20
SEG
0227 0.47
0844 3.46
1449 0.61
2059 3.53
05
DOM
0153 0.54
0759 3.47
1406 0.37
2016 3.59
21
TER
0301 0.42
0914 3.53
1512 0.67
2134 3.55
06
SEG
0223 0.30
0842 3.73
1447 0.25
2101 3.87
22
QUA
0327 0.39
0959 3.53
1544 0.70
2204 3.52
07
TER
0302 0.04
0916 3.93
1517 0.13
2142 4.00
23
QUI
0357 0.29
1034 3.44
1606 0.68
2242 3.38
08
QUA
0342 -0.15
1002 4.02
1601 0.03
2217 4.01
24
SEX
0423 0.21
1108 3.29
1644 0.67
2308 3.21
09
QUI
0414 -0.29
1053 3.95
1642 0.04
2304 3.89
25
SÁB
0502 0.15
1153 3.08
1717 0.72
2347 2.99
10
SEX
0501 -0.35
1140 3.75
1719 0.13
2357 3.64
26
DOM
0547 0.20
1231 2.84
1802 0.84
11
SÁB
0551 -0.26
1229 3.49
1810 0.33
27
SEG
0017 2.77
0632 0.34
1321 2.62
1857 1.02
12
DOM
0049 3.32
0644 -0.08
1331 3.20
1906 0.59
28
TER
0104 2.57
0727 0.54
1431 2.46
1959 1.20
13
SEG
0149 3.03
0746 0.15
1442 2.97
2014 0.84
29
QUA
0210 2.44
0842 0.73
1549 2.44
2123 1.27
14
TER
0255 2.83
0857 0.35
1555 2.85
2136 0.97
30
QUI
0340 2.44
1006 0.81
1651 2.55
2255 1.13
15
QUA
0402 2.75
1010 0.46
1706 2.86
2301 0.94
31
SEX
0455 2.60
1117 0.78
1738 2.75
2355 0.91
16
QUI
0516 2.80
1131 0.49
1814 2.96
Novembro
HORA ALT(m) HORA ALT(m)
01
SÁB
0553 2.86
1210 0.71
1817 3.02
17
SEG
0125 0.56
0736 3.18
1347 0.81
1955 3.30
02
DOM
0040 0.68
0646 3.15
1301 0.63
1904 3.34
18
TER
0202 0.51
0814 3.31
1414 0.90
2029 3.38
03
SEG
0116 0.44
0731 3.43
1342 0.55
1953 3.63
19
QUA
0234 0.49
0901 3.38
1451 0.94
2104 3.43
04
TER
0201 0.20
0814 3.69
1414 0.44
2036 3.84
20
QUI
0301 0.41
0940 3.36
1510 0.92
2146 3.39
05
QUA
0240 -0.01
0902 3.87
1459 0.31
2114 3.97
21
SEX
0327 0.31
1010 3.32
1546 0.84
2208 3.31
06
QUI
0314 -0.20
0953 3.93
1540 0.23
2202 3.98
22
SÁB
0402 0.18
1053 3.21
1616 0.78
2246 3.19
07
SEX
0401 -0.34
1038 3.88
1617 0.20
2251 3.85
23
DOM
0444 0.13
1121 3.08
1701 0.75
2310 3.06
08
SÁB
0447 -0.37
1121 3.75
1704 0.24
2338 3.62
24
SEG
0521 0.14
1202 2.94
1747 0.81
2355 2.91
09
DOM
0532 -0.30
1212 3.55
1801 0.37
25
TER
0608 0.24
1251 2.79
1836 0.91
10
SEG
0023 3.36
0623 -0.15
1308 3.31
1857 0.57
26
QUA
0046 2.76
0704 0.40
1346 2.69
1932 1.00
11
TER
0116 3.10
0721 0.06
1408 3.09
1959 0.75
27
QUI
0149 2.65
0808 0.59
1449 2.66
2046 1.03
12
QUA
0216 2.89
0827 0.30
1512 2.93
2106 0.87
28
SEX
0301 2.64
0919 0.74
1549 2.72
2201 0.96
13
QUI
0323 2.77
0944 0.49
1621 2.87
2232 0.87
29
SÁB
0404 2.72
1031 0.82
1646 2.86
2304 0.81
14
SEX
0438 2.76
1104 0.59
1729 2.90
2351 0.76
30
DOM
0508 2.87
1131 0.84
1742 3.05
15
SÁB
0553 2.86
1210 0.64
1821 3.02
16
DOM
0047 0.63
0651 3.03
1302 0.71
1906 3.16
Dezembro
HORA ALT(m) HORA ALT(m)
01
SEG
0001 0.63
0608 3.08
1221 0.83
1834 3.29
17
QUA
0132 0.64
0759 3.09
1351 1.18
2004 3.20
02
TER
0051 0.43
0706 3.31
1308 0.76
1925 3.52
18
QUI
0202 0.57
0844 3.16
1414 1.16
2049 3.26
03
QUA
0136 0.23
0802 3.54
1357 0.65
2012 3.73
19
SEX
0238 0.49
0919 3.21
1453 1.07
2117 3.27
04
QUI
0216 0.02
0855 3.71
1442 0.53
2102 3.87
20
SÁB
0306 0.35
1001 3.22
1521 0.94
2155 3.26
05
SEX
0302 -0.17
0942 3.81
1519 0.40
2153 3.89
21
DOM
0349 0.22
1031 3.19
1602 0.80
2217 3.23
06
SÁB
0349 -0.30
1019 3.83
1604 0.30
2234 3.81
22
SEG
0423 0.12
1102 3.18
1647 0.71
2257 3.21
07
DOM
0431 -0.35
1106 3.77
1657 0.29
2314 3.66
23
TER
0506 0.07
1140 3.14
1727 0.67
2340 3.14
08
SEG
0514 -0.33
1159 3.63
1746 0.36
24
QUA
0557 0.12
1217 3.09
1812 0.66
09
TER
0002 3.47
0604 -0.22
1247 3.42
1834 0.49
25
QUI
0025 3.05
0646 0.25
1306 3.03
1904 0.68
10
QUA
0057 3.24
0701 0.00
1338 3.21
1927 0.64
26
SEX
0121 2.96
0736 0.43
1402 2.97
2002 0.71
11
QUI
0151 3.02
0801 0.27
1432 3.02
2034 0.78
27
SÁB
0223 2.88
0829 0.63
1501 2.94
2102 0.72
12
SEX
0251 2.85
0906 0.54
1534 2.90
2155 0.83
28
DOM
0327 2.83
0931 0.82
1601 2.96
2206 0.70
13
SÁB
0359 2.76
1023 0.76
1638 2.86
2310 0.79
29
SEG
0438 2.85
1038 0.96
1702 3.03
2316 0.62
14
DOM
0506 2.77
1136 0.90
1738 2.89
30
TER
0551 2.95
1149 1.01
1806 3.17
15
SEG
0008 0.73
0608 2.86
1227 1.02
1831 2.98
31
QUA
0021 0.48
0659 3.14
1251 0.95
1908 3.37
16
TER
0057 0.68
0704 2.98
1308 1.12
1917 3.10
DG6-62 Original
