14
IGARAPÉ GRANDE DO CURUÁ - 2025
Latitude 00° 45'.8 N Longitude 50° 07'.1 W Fuso UTC -03.0 horas
DHN 123 Componentes Nível Médio 2.51 m Carta 221
Janeiro
HORA ALT(m) HORA ALT(m)
01
QUA
0038 4.58
0753 0.54
1314 4.36
2012 0.57
17
SEX
0201 4.78
0929 0.57
1427 4.60
2136 0.74
02
QUI
0116 4.73
0842 0.49
1401 4.49
2053 0.56
18
SÁB
0240 4.70
1001 0.56
1508 4.58
2210 0.77
03
SEX
0204 4.82
0936 0.46
1446 4.57
2146 0.54
19
DOM
0321 4.57
1040 0.59
1553 4.49
2255 0.80
04
SÁB
0255 4.85
1019 0.45
1523 4.64
2242 0.54
20
SEG
0410 4.34
1116 0.66
1638 4.32
2340 0.86
05
DOM
0342 4.79
1059 0.45
1612 4.67
2336 0.54
21
TER
0504 4.05
1202 0.79
1731 4.10
06
SEG
0434 4.65
1153 0.47
1708 4.60
22
QUA
0029 0.93
0604 3.74
1257 0.96
1827 3.85
07
TER
0025 0.53
0540 4.45
1251 0.54
1810 4.48
23
QUI
0136 0.99
0710 3.51
1355 1.09
1927 3.68
08
QUA
0121 0.53
0655 4.28
1351 0.65
1916 4.38
24
SEX
0251 0.99
0825 3.42
1501 1.13
2031 3.64
09
QUI
0231 0.54
0804 4.21
1453 0.73
2021 4.34
25
SÁB
0355 0.94
0940 3.52
1601 1.08
2134 3.76
10
SEX
0347 0.52
0906 4.22
1606 0.77
2119 4.37
26
DOM
0447 0.87
1032 3.73
1655 0.99
2225 4.00
11
SÁB
0459 0.47
1004 4.27
1712 0.74
2212 4.45
27
SEG
0534 0.80
1106 3.99
1740 0.86
2304 4.30
12
DOM
0557 0.45
1059 4.35
1802 0.70
2304 4.55
28
TER
0623 0.74
1144 4.26
1832 0.73
2342 4.62
13
SEG
0651 0.48
1144 4.41
1855 0.66
2351 4.65
29
QUA
0701 0.68
1212 4.53
1919 0.65
14
TER
0738 0.55
1221 4.49
1942 0.68
30
QUI
0017 4.90
0749 0.60
1259 4.76
1959 0.59
15
QUA
0029 4.73
0806 0.58
1306 4.57
2016 0.72
31
SEX
0102 5.12
0840 0.56
1334 4.90
2051 0.53
16
QUI
0112 4.79
0851 0.56
1353 4.59
2055 0.71
Fevereiro
HORA ALT(m) HORA ALT(m)
01
SÁB
0147 5.22
0916 0.56
1410 5.03
2142 0.53
17
SEG
0255 4.74
1002 0.73
1508 4.67
2217 0.84
02
DOM
0225 5.22
0957 0.52
1501 5.06
2225 0.57
18
TER
0332 4.48
1042 0.84
1549 4.46
2259 0.91
03
SEG
0314 5.13
1047 0.55
1546 4.97
2302 0.57
19
QUA
0419 4.14
1114 0.98
1634 4.17
2342 1.03
04
TER
0408 4.89
1132 0.66
1634 4.80
2357 0.61
20
QUI
0514 3.79
1201 1.17
1727 3.87
05
QUA
0512 4.55
1216 0.81
1734 4.54
21
SEX
0029 1.15
0614 3.49
1255 1.35
1827 3.63
06
QUI
0057 0.71
0625 4.23
1314 0.98
1847 4.28
22
SÁB
0140 1.24
0725 3.36
1406 1.43
1936 3.55
07
SEX
0212 0.81
0746 4.05
1431 1.12
2001 4.14
23
DOM
0302 1.21
0851 3.47
1517 1.37
2053 3.71
08
SÁB
0349 0.78
0859 4.03
1601 1.11
2108 4.14
24
SEG
0408 1.10
0955 3.78
1621 1.19
2157 4.06
09
DOM
0459 0.67
1001 4.14
1706 0.99
2208 4.26
25
TER
0508 0.98
1038 4.14
1723 0.99
2242 4.46
10
SEG
0557 0.62
1053 4.28
1801 0.87
2259 4.43
26
QUA
0557 0.86
1108 4.52
1816 0.81
2317 4.85
11
TER
0644 0.66
1129 4.44
1851 0.82
2340 4.62
27
QUI
0647 0.74
1153 4.84
1859 0.66
12
QUA
0714 0.73
1208 4.61
1925 0.84
28
SEX
0001 5.18
0738 0.69
1221 5.08
1951 0.55
13
QUI
0016 4.79
0755 0.73
1251 4.72
1957 0.80
14
SEX
0059 4.90
0827 0.76
1319 4.81
2036 0.79
15
SÁB
0132 4.94
0855 0.72
1401 4.85
2104 0.78
16
DOM
0210 4.90
0929 0.71
1434 4.79
2146 0.79
Março
HORA ALT(m) HORA ALT(m)
01
SÁB
0042 5.37
0808 0.68
1302 5.27
2040 0.54
17
SEG
0151 4.87
0859 0.82
1402 4.81
2112 0.83
02
DOM
0116 5.48
0855 0.62
1349 5.30
2117 0.58
18
TER
0223 4.69
0934 0.89
1434 4.65
2151 0.88
03
SEG
0204 5.45
0944 0.66
1423 5.25
2159 0.57
19
QUA
0302 4.45
1004 0.97
1508 4.44
2221 0.96
04
TER
0259 5.24
1019 0.75
1510 5.11
2251 0.63
20
QUI
0346 4.16
1044 1.10
1549 4.19
2301 1.04
05
QUA
0351 4.91
1101 0.86
1606 4.83
2340 0.76
21
SEX
0434 3.87
1116 1.24
1640 3.93
2346 1.16
06
QUI
0453 4.52
1155 1.04
1708 4.46
22
SÁB
0532 3.63
1208 1.37
1742 3.72
07
SEX
0031 0.92
0606 4.17
1255 1.26
1821 4.14
23
DOM
0044 1.27
0640 3.53
1319 1.45
1853 3.65
08
SÁB
0206 1.05
0727 3.98
1432 1.38
1946 3.97
24
SEG
0225 1.28
0804 3.64
1444 1.37
2025 3.82
09
DOM
0344 0.96
0847 3.99
1601 1.25
2102 4.02
25
TER
0334 1.16
0912 3.96
1553 1.17
2131 4.19
10
SEG
0449 0.82
0949 4.13
1702 1.05
2202 4.21
26
QUA
0436 1.01
1001 4.36
1653 0.94
2212 4.62
11
TER
0540 0.76
1034 4.32
1755 0.91
2249 4.42
27
QUI
0536 0.87
1044 4.72
1751 0.72
2259 5.00
12
QUA
0616 0.78
1112 4.53
1834 0.88
2323 4.64
28
SEX
0623 0.79
1114 5.03
1846 0.57
2336 5.27
13
QUI
0657 0.80
1153 4.70
1902 0.83
29
SÁB
0701 0.72
1201 5.27
1936 0.53
14
SEX
0002 4.82
0729 0.86
1219 4.84
1940 0.82
30
DOM
0012 5.46
0751 0.66
1238 5.34
2010 0.53
15
SÁB
0036 4.92
0755 0.84
1259 4.91
2004 0.81
31
SEG
0102 5.51
0840 0.69
1312 5.38
2057 0.51
16
DOM
0110 4.96
0825 0.83
1327 4.89
2044 0.81
Abril
HORA ALT(m) HORA ALT(m)
01
TER
0151 5.36
0910 0.75
1402 5.27
2147 0.57
17
QUI
0244 4.30
0942 1.01
1438 4.34
2157 0.91
02
QUA
0236 5.11
0959 0.80
1453 5.01
2232 0.69
18
SEX
0321 4.13
1012 1.08
1519 4.19
2232 0.96
03
QUI
0329 4.78
1049 0.95
1547 4.68
2316 0.82
19
SÁB
0408 3.97
1057 1.15
1610 4.03
2317 1.03
04
SEX
0436 4.43
1138 1.16
1653 4.32
20
DOM
0504 3.87
1146 1.23
1710 3.91
05
SÁB
0019 0.98
0555 4.15
1242 1.35
1808 4.04
21
SEG
0025 1.10
0608 3.84
1253 1.25
1817 3.88
06
DOM
0153 1.06
0710 4.02
1425 1.38
1931 3.93
22
TER
0147 1.11
0721 3.94
1412 1.15
1944 4.01
07
SEG
0308 0.99
0821 4.04
1544 1.21
2046 4.01
23
QUA
0257 1.02
0832 4.19
1521 0.96
2057 4.33
08
TER
0410 0.89
0919 4.19
1644 1.01
2144 4.20
24
QUI
0359 0.91
0921 4.50
1629 0.75
2151 4.68
09
QUA
0504 0.81
1008 4.38
1727 0.86
2227 4.42
25
SEX
0455 0.80
1004 4.82
1732 0.58
2229 4.96
10
QUI
0553 0.78
1051 4.56
1804 0.77
2308 4.61
26
SÁB
0551 0.70
1053 5.05
1819 0.50
2308 5.20
11
SEX
0625 0.81
1123 4.71
1844 0.74
2344 4.73
27
DOM
0644 0.66
1125 5.19
1902 0.45
12
SÁB
0657 0.81
1201 4.80
1908 0.75
28
SEG
0001 5.29
0729 0.68
1206 5.29
1955 0.43
13
DOM
0016 4.79
0727 0.83
1231 4.80
1946 0.76
29
TER
0046 5.23
0804 0.67
1259 5.24
2046 0.48
14
SEG
0057 4.76
0759 0.83
1302 4.75
2014 0.79
30
QUA
0125 5.09
0857 0.68
1344 5.06
2129 0.57
15
TER
0127 4.64
0832 0.88
1332 4.63
2051 0.82
16
QUA
0204 4.49
0902 0.93
1404 4.50
2121 0.87
DG6-62 Original
15
IGARAPÉ GRANDE DO CURUÁ - 2025
Latitude 00° 45'.8 N Longitude 50° 07'.1 W Fuso UTC -03.0 horas
DHN 123 Componentes Nível Médio 2.51 m Carta 221
Maio
HORA ALT(m) HORA ALT(m)
01
QUI
0216 4.88
0947 0.80
1427 4.82
2210 0.65
17
SÁB
0306 4.16
0955 0.97
1506 4.25
2221 0.82
02
SEX
0317 4.62
1032 0.95
1527 4.53
2304 0.75
18
DOM
0357 4.14
1040 0.98
1559 4.19
2314 0.84
03
SÁB
0425 4.39
1121 1.10
1636 4.25
19
SEG
0446 4.14
1136 0.98
1655 4.15
04
DOM
0010 0.87
0536 4.22
1232 1.22
1751 4.05
20
TER
0016 0.87
0540 4.17
1244 0.94
1759 4.12
05
SEG
0125 0.94
0642 4.13
1353 1.20
1904 3.97
21
QUA
0117 0.87
0644 4.24
1351 0.84
1916 4.18
06
TER
0231 0.93
0746 4.13
1501 1.07
2012 4.01
22
QUI
0217 0.83
0751 4.38
1455 0.70
2023 4.36
07
QUA
0327 0.89
0844 4.21
1601 0.90
2112 4.15
23
SEX
0321 0.78
0851 4.56
1557 0.57
2116 4.58
08
QUI
0419 0.83
0934 4.34
1651 0.74
2204 4.31
24
SÁB
0425 0.72
0940 4.73
1657 0.47
2204 4.78
09
SEX
0506 0.77
1017 4.47
1734 0.65
2247 4.44
25
DOM
0525 0.69
1016 4.89
1755 0.41
2259 4.89
10
SÁB
0549 0.74
1101 4.55
1810 0.62
2323 4.50
26
SEG
0612 0.67
1104 5.01
1851 0.40
2342 4.90
11
DOM
0625 0.75
1134 4.57
1847 0.65
27
TER
0659 0.64
1153 5.01
1942 0.45
12
SEG
0002 4.50
0659 0.78
1208 4.55
1919 0.70
28
QUA
0021 4.87
0753 0.64
1234 4.95
2025 0.52
13
TER
0038 4.44
0732 0.83
1240 4.49
1953 0.75
29
QUI
0112 4.79
0844 0.70
1319 4.85
2108 0.55
14
QUA
0110 4.37
0804 0.86
1310 4.43
2027 0.79
30
SEX
0208 4.66
0927 0.80
1416 4.68
2201 0.57
15
QUI
0151 4.28
0844 0.91
1344 4.36
2102 0.81
31
SÁB
0308 4.53
1012 0.88
1517 4.48
2257 0.63
16
SEX
0225 4.20
0916 0.95
1421 4.30
2138 0.81
Junho
HORA ALT(m) HORA ALT(m)
01
DOM
0410 4.41
1104 0.96
1619 4.30
2347 0.71
17
TER
0416 4.43
1129 0.77
1629 4.39
2349 0.67
02
SEG
0506 4.33
1204 1.02
1723 4.14
18
QUA
0508 4.46
1219 0.71
1729 4.32
03
TER
0042 0.78
0602 4.25
1306 1.02
1827 4.02
19
QUI
0049 0.69
0606 4.45
1316 0.64
1842 4.26
04
QUA
0140 0.83
0659 4.20
1406 0.93
1931 3.96
20
SEX
0147 0.73
0710 4.45
1419 0.57
1955 4.29
05
QUI
0234 0.85
0757 4.17
1506 0.81
2034 3.98
21
SÁB
0246 0.77
0810 4.49
1531 0.51
2059 4.36
06
SEX
0327 0.83
0853 4.18
1604 0.68
2134 4.05
22
DOM
0349 0.78
0906 4.56
1642 0.46
2153 4.44
07
SÁB
0419 0.80
0946 4.22
1657 0.61
2225 4.12
23
SEG
0453 0.77
1001 4.62
1744 0.45
2242 4.49
08
DOM
0510 0.78
1032 4.25
1742 0.59
2308 4.16
24
TER
0553 0.74
1051 4.66
1840 0.50
2325 4.53
09
SEG
0555 0.79
1112 4.26
1823 0.63
2349 4.17
25
QUA
0651 0.73
1132 4.70
1925 0.57
10
TER
0632 0.82
1146 4.27
1859 0.70
26
QUI
0012 4.57
0742 0.76
1219 4.72
2006 0.59
11
QUA
0019 4.17
0706 0.85
1219 4.29
1936 0.74
27
SEX
0106 4.57
0823 0.80
1312 4.69
2059 0.58
12
QUI
0059 4.18
0746 0.87
1251 4.32
2012 0.77
28
SÁB
0201 4.55
0904 0.81
1406 4.62
2151 0.60
13
SEX
0132 4.19
0823 0.88
1327 4.36
2047 0.74
29
DOM
0249 4.52
0957 0.84
1459 4.51
2232 0.64
14
SÁB
0208 4.25
0859 0.87
1406 4.40
2134 0.72
30
SEG
0336 4.49
1046 0.88
1549 4.38
2310 0.68
15
DOM
0253 4.30
0946 0.84
1453 4.42
2217 0.70
16
SEG
0331 4.36
1038 0.81
1540 4.42
2255 0.68
Julho
HORA ALT(m) HORA ALT(m)
01
TER
0425 4.43
1129 0.90
1644 4.21
2355 0.73
17
QUI
0434 4.62
1157 0.60
1704 4.40
02
QUA
0514 4.33
1219 0.90
1742 4.02
18
SEX
0012 0.72
0529 4.52
1253 0.59
1812 4.21
03
QUI
0042 0.81
0606 4.20
1317 0.88
1844 3.84
19
SÁB
0106 0.81
0636 4.39
1351 0.61
1927 4.10
04
SEX
0138 0.88
0702 4.06
1416 0.83
1951 3.71
20
DOM
0210 0.91
0746 4.29
1514 0.63
2038 4.08
05
SÁB
0238 0.95
0804 3.93
1514 0.76
2102 3.68
21
SEG
0329 0.98
0851 4.26
1636 0.60
2140 4.13
06
DOM
0334 0.98
0908 3.87
1614 0.72
2202 3.75
22
TER
0446 0.96
0947 4.30
1740 0.58
2232 4.21
07
SEG
0429 0.98
1002 3.89
1714 0.71
2253 3.84
23
QUA
0551 0.91
1038 4.37
1829 0.63
2319 4.32
08
TER
0523 0.97
1047 3.97
1801 0.74
2327 3.92
24
QUI
0646 0.89
1125 4.48
1910 0.67
09
QUA
0608 0.96
1123 4.08
1842 0.76
25
SEX
0006 4.43
0727 0.90
1212 4.58
1959 0.69
10
QUI
0002 4.05
0647 0.93
1159 4.23
1921 0.79
26
SÁB
0057 4.50
0804 0.88
1302 4.64
2047 0.72
11
SEX
0036 4.16
0729 0.90
1231 4.38
1953 0.77
27
DOM
0136 4.55
0853 0.86
1346 4.63
2117 0.75
12
SÁB
0106 4.30
0802 0.86
1306 4.52
2042 0.73
28
SEG
0216 4.59
0934 0.89
1427 4.58
2157 0.72
13
DOM
0149 4.41
0849 0.80
1351 4.61
2119 0.71
29
TER
0302 4.57
1008 0.88
1514 4.45
2234 0.75
14
SEG
0219 4.52
0940 0.76
1427 4.66
2155 0.66
30
QUA
0344 4.48
1053 0.87
1602 4.24
2308 0.79
15
TER
0304 4.62
1021 0.74
1512 4.67
2246 0.63
31
QUI
0425 4.33
1134 0.89
1657 3.97
2351 0.89
16
QUA
0351 4.64
1102 0.67
1604 4.58
2331 0.67
Agosto
HORA ALT(m) HORA ALT(m)
01
SEX
0514 4.12
1223 0.91
1757 3.68
17
DOM
0044 0.98
0608 4.22
1323 0.76
1910 3.91
02
SÁB
0040 1.02
0608 3.86
1327 0.95
1902 3.44
18
SEG
0147 1.14
0723 4.05
1506 0.79
2027 3.88
03
DOM
0142 1.16
0710 3.65
1436 0.96
2023 3.34
19
TER
0329 1.19
0840 4.01
1627 0.69
2136 3.98
04
SEG
0249 1.24
0821 3.54
1538 0.94
2138 3.44
20
QUA
0449 1.08
0946 4.10
1727 0.64
2229 4.13
05
TER
0351 1.25
0931 3.61
1636 0.91
2223 3.62
21
QUI
0547 0.97
1038 4.25
1814 0.66
2312 4.30
06
QUA
0447 1.19
1019 3.80
1734 0.87
2302 3.85
22
SEX
0634 0.94
1119 4.41
1901 0.70
2359 4.43
07
QUI
0540 1.09
1059 4.05
1817 0.85
2336 4.06
23
SÁB
0706 0.91
1204 4.55
1946 0.79
08
SEX
0629 0.99
1132 4.30
1855 0.81
24
DOM
0031 4.54
0753 0.90
1244 4.63
2010 0.84
09
SÁB
0004 4.30
0701 0.90
1204 4.56
1942 0.78
25
SEG
0108 4.63
0827 0.92
1317 4.66
2047 0.82
10
DOM
0040 4.48
0751 0.80
1246 4.74
2014 0.77
26
TER
0151 4.63
0859 0.89
1402 4.60
2117 0.82
11
SEG
0108 4.65
0840 0.76
1317 4.86
2055 0.71
27
QUA
0221 4.57
0938 0.88
1444 4.42
2153 0.81
12
TER
0157 4.75
0914 0.75
1404 4.90
2142 0.70
28
QUI
0302 4.45
1010 0.88
1523 4.18
2225 0.87
13
QUA
0229 4.78
0957 0.67
1455 4.81
2216 0.73
29
SEX
0342 4.25
1053 0.90
1610 3.88
2304 0.97
14
QUI
0310 4.78
1049 0.64
1544 4.61
2259 0.74
30
SÁB
0425 3.98
1134 0.96
1706 3.55
2349 1.13
15
SEX
0402 4.67
1134 0.66
1640 4.35
2349 0.83
31
DOM
0516 3.70
1227 1.04
1810 3.28
16
SÁB
0502 4.45
1219 0.69
1755 4.08
DG6-62 Original
16
IGARAPÉ GRANDE DO CURUÁ - 2025
Latitude 00° 45'.8 N Longitude 50° 07'.1 W Fuso UTC -03.0 horas
DHN 123 Componentes Nível Médio 2.51 m Carta 221
Setembro
HORA ALT(m) HORA ALT(m)
01
SEG
0036 1.29
0616 3.46
1338 1.09
1931 3.17
17
QUA
0325 1.19
0838 3.92
1608 0.66
2125 3.98
02
TER
0144 1.39
0734 3.36
1451 1.08
2057 3.30
18
QUI
0438 1.01
0940 4.07
1706 0.59
2214 4.17
03
QUA
0257 1.37
0855 3.50
1555 1.02
2153 3.57
19
SEX
0531 0.88
1027 4.25
1759 0.59
2301 4.34
04
QUI
0404 1.26
0951 3.79
1651 0.94
2227 3.87
20
SÁB
0608 0.81
1108 4.43
1842 0.69
2332 4.48
05
SEX
0506 1.10
1029 4.12
1744 0.84
2301 4.20
21
DOM
0655 0.80
1149 4.55
1906 0.76
06
SÁB
0551 0.92
1102 4.46
1831 0.79
2329 4.46
22
SEG
0006 4.60
0725 0.84
1219 4.62
1944 0.78
07
DOM
0646 0.78
1142 4.73
1901 0.75
23
TER
0046 4.63
0753 0.82
1302 4.61
2008 0.79
08
SEG
0004 4.71
0731 0.72
1212 4.94
1949 0.69
24
QUA
0114 4.61
0829 0.81
1336 4.48
2042 0.77
09
TER
0046 4.83
0804 0.68
1301 5.03
2036 0.71
25
QUI
0153 4.50
0901 0.81
1412 4.30
2114 0.80
10
QUA
0114 4.92
0855 0.62
1344 4.96
2104 0.72
26
SEX
0223 4.34
0938 0.82
1457 4.06
2153 0.86
11
QUI
0202 4.92
0944 0.63
1423 4.81
2153 0.72
27
SÁB
0301 4.14
1012 0.85
1540 3.78
2225 0.97
12
SEX
0249 4.78
1021 0.67
1514 4.56
2242 0.80
28
DOM
0340 3.91
1053 0.90
1627 3.51
2304 1.08
13
SÁB
0334 4.57
1102 0.68
1619 4.23
2323 0.95
29
SEG
0429 3.67
1136 0.97
1725 3.30
2353 1.21
14
DOM
0438 4.29
1201 0.76
1740 3.94
30
TER
0529 3.47
1238 1.03
1838 3.22
15
SEG
0016 1.12
0557 4.02
1325 0.86
1902 3.81
16
TER
0142 1.26
0717 3.88
1502 0.78
2019 3.83
Outubro
HORA ALT(m) HORA ALT(m)
01
QUA
0049 1.29
0640 3.40
1355 1.02
2001 3.35
17
SEX
0406 0.84
0919 4.09
1640 0.55
2153 4.20
02
QUI
0208 1.26
0816 3.55
1502 0.94
2102 3.65
18
SÁB
0502 0.70
1008 4.26
1723 0.55
2231 4.36
03
SEX
0316 1.11
0912 3.88
1604 0.83
2149 3.99
19
DOM
0551 0.63
1053 4.40
1801 0.56
2308 4.50
04
SÁB
0425 0.91
0959 4.25
1655 0.73
2217 4.32
20
SEG
0625 0.63
1125 4.48
1840 0.59
2347 4.56
05
DOM
0527 0.73
1036 4.56
1747 0.63
2301 4.63
21
TER
0653 0.63
1204 4.51
1902 0.62
06
SEG
0612 0.61
1108 4.84
1840 0.58
2332 4.82
22
QUA
0016 4.57
0727 0.65
1242 4.43
1936 0.62
07
TER
0657 0.52
1157 4.99
1919 0.59
23
QUI
0055 4.51
0757 0.66
1312 4.31
2008 0.65
08
QUA
0006 4.99
0749 0.48
1232 4.99
1957 0.57
24
SEX
0121 4.39
0831 0.68
1357 4.14
2046 0.70
09
QUI
0055 5.00
0838 0.52
1312 4.92
2049 0.58
25
SÁB
0157 4.25
0906 0.70
1432 3.94
2117 0.77
10
SEX
0131 4.90
0912 0.55
1404 4.73
2136 0.68
26
DOM
0231 4.10
0942 0.72
1510 3.77
2155 0.84
11
SÁB
0216 4.75
0959 0.56
1502 4.43
2212 0.79
27
SEG
0310 3.95
1021 0.73
1559 3.63
2234 0.92
12
DOM
0312 4.48
1055 0.63
1610 4.13
2302 0.93
28
TER
0357 3.81
1110 0.77
1653 3.52
2321 0.98
13
SEG
0421 4.18
1153 0.74
1729 3.92
29
QUA
0455 3.69
1210 0.81
1751 3.49
14
TER
0006 1.10
0544 3.95
1325 0.78
1847 3.84
30
QUI
0025 1.02
0601 3.63
1317 0.81
1906 3.59
15
QUA
0146 1.15
0706 3.86
1444 0.69
1959 3.89
31
SEX
0138 0.97
0729 3.73
1419 0.74
2010 3.82
16
QUI
0302 1.02
0819 3.93
1546 0.60
2101 4.03
Novembro
HORA ALT(m) HORA ALT(m)
01
SÁB
0244 0.83
0836 3.99
1517 0.64
2101 4.13
17
SEG
0510 0.50
1027 4.25
1725 0.48
2246 4.38
02
DOM
0346 0.66
0919 4.29
1619 0.54
2147 4.41
18
TER
0549 0.46
1108 4.30
1757 0.47
2321 4.43
03
SEG
0446 0.49
1004 4.58
1714 0.47
2219 4.67
19
QUA
0629 0.47
1149 4.29
1834 0.48
2359 4.43
04
TER
0544 0.37
1051 4.77
1755 0.42
2302 4.89
20
QUI
0659 0.51
1219 4.23
1908 0.51
05
QUA
0640 0.33
1125 4.86
1849 0.38
2347 4.97
21
SEX
0029 4.39
0734 0.54
1301 4.16
1944 0.56
06
QUI
0725 0.36
1208 4.89
1942 0.40
22
SÁB
0102 4.34
0810 0.57
1338 4.06
2019 0.61
07
SEX
0021 4.98
0802 0.38
1302 4.78
2025 0.49
23
DOM
0134 4.28
0842 0.57
1410 3.99
2053 0.66
08
SÁB
0108 4.91
0855 0.40
1357 4.58
2104 0.57
24
SEG
0210 4.23
0923 0.56
1455 3.94
2132 0.69
09
DOM
0204 4.72
0951 0.44
1455 4.35
2159 0.68
25
TER
0251 4.17
0959 0.56
1532 3.90
2216 0.73
10
SEG
0304 4.47
1046 0.52
1601 4.17
2255 0.82
26
QUA
0334 4.12
1042 0.55
1616 3.90
2301 0.75
11
TER
0412 4.23
1146 0.58
1710 4.05
2357 0.95
27
QUI
0421 4.05
1138 0.56
1710 3.91
2357 0.75
12
QUA
0525 4.05
1253 0.61
1816 3.99
28
SEX
0519 3.99
1242 0.57
1810 3.95
13
QUI
0116 0.98
0638 3.95
1359 0.59
1919 3.98
29
SÁB
0102 0.69
0631 3.97
1342 0.56
1917 4.05
14
SEX
0225 0.89
0747 3.94
1457 0.57
2019 4.05
30
DOM
0206 0.59
0747 4.07
1440 0.52
2014 4.22
15
SÁB
0327 0.74
0849 4.03
1551 0.54
2114 4.16
16
DOM
0423 0.60
0944 4.15
1640 0.50
2202 4.29
Dezembro
HORA ALT(m) HORA ALT(m)
01
SEG
0312 0.48
0849 4.25
1536 0.46
2104 4.44
17
QUA
0523 0.46
1053 4.05
1729 0.54
2259 4.22
02
TER
0421 0.37
0940 4.43
1636 0.40
2157 4.63
18
QUI
0610 0.47
1129 4.08
1812 0.55
2336 4.27
03
QUA
0521 0.31
1019 4.58
1736 0.36
2240 4.77
19
SEX
0644 0.49
1204 4.11
1847 0.56
04
QUI
0610 0.30
1108 4.68
1832 0.36
2317 4.89
20
SÁB
0008 4.34
0723 0.54
1244 4.13
1927 0.59
05
SEX
0659 0.30
1201 4.69
1917 0.41
21
DOM
0044 4.40
0749 0.55
1312 4.18
1955 0.60
06
SÁB
0006 4.94
0753 0.32
1253 4.63
2001 0.45
22
SEG
0114 4.47
0834 0.52
1355 4.22
2038 0.60
07
DOM
0101 4.88
0847 0.35
1344 4.53
2055 0.51
23
TER
0153 4.52
0910 0.51
1425 4.26
2121 0.62
08
SEG
0155 4.75
0942 0.39
1438 4.44
2149 0.61
24
QUA
0227 4.54
0944 0.47
1504 4.33
2155 0.63
09
TER
0249 4.60
1031 0.44
1536 4.36
2242 0.73
25
QUI
0308 4.54
1032 0.46
1549 4.35
2246 0.60
10
QUA
0349 4.43
1119 0.48
1634 4.28
2338 0.81
26
SEX
0401 4.47
1117 0.49
1631 4.35
2342 0.59
11
QUI
0451 4.25
1212 0.54
1732 4.19
27
SÁB
0453 4.35
1201 0.51
1721 4.33
12
SEX
0038 0.84
0555 4.07
1304 0.59
1829 4.10
28
DOM
0038 0.57
0553 4.20
1259 0.55
1825 4.28
13
SÁB
0140 0.81
0701 3.94
1359 0.62
1927 4.04
29
SEG
0136 0.55
0704 4.13
1401 0.59
1934 4.29
14
DOM
0238 0.73
0806 3.88
1455 0.62
2027 4.04
30
TER
0238 0.51
0812 4.16
1504 0.61
2034 4.36
15
SEG
0332 0.61
0912 3.91
1549 0.60
2127 4.09
31
QUA
0349 0.46
0912 4.26
1616 0.60
2127 4.48
16
TER
0429 0.51
1006 3.98
1640 0.56
2216 4.16
DG6-62 Original
