17
PORTO DE SANTANA - CIA DOCAS DE SANTANA (ESTADO DO AMAPÁ) - 2025
Latitude 00° 03'.7 S Longitude 51° 10'.1 W Fuso UTC -03.0 horas
CHM/IBGE 87 Componentes Nível Médio 1.67 m Carta 206
Janeiro
HORA ALT(m) HORA ALT(m)
01
QUA
0421 2.97
1223 0.42
1706 2.81
17
SEX
0104 0.53
0538 3.15
1334 0.48
1806 3.06
02
QUI
0031 0.53
0501 3.02
1301 0.44
1744 2.85
18
SÁB
0144 0.49
0619 3.12
1408 0.43
1847 3.04
03
SEX
0112 0.54
0540 3.05
1346 0.44
1823 2.89
19
DOM
0225 0.44
0704 3.03
1449 0.37
1925 2.99
04
SÁB
0201 0.52
0625 3.06
1429 0.41
1908 2.93
20
SEG
0304 0.38
0751 2.87
1532 0.35
2010 2.87
05
DOM
0249 0.50
0717 3.03
1514 0.37
1959 2.94
21
TER
0353 0.35
0840 2.63
1617 0.38
2102 2.67
06
SEG
0340 0.47
0816 2.94
1604 0.36
2053 2.89
22
QUA
0447 0.35
0936 2.35
1710 0.43
2201 2.44
07
TER
0438 0.45
0919 2.80
1701 0.37
2155 2.81
23
QUI
0555 0.35
1051 2.11
1814 0.49
2308 2.27
08
QUA
0546 0.41
1031 2.65
1804 0.38
2302 2.73
24
SEX
0712 0.31
1214 2.05
1925 0.50
09
QUI
0659 0.35
1153 2.59
1912 0.38
25
SÁB
0021 2.26
0827 0.22
1323 2.17
2032 0.45
10
SEX
0010 2.73
0812 0.26
1302 2.66
2021 0.36
26
DOM
0121 2.39
0925 0.15
1414 2.36
2123 0.40
11
SÁB
0114 2.80
0917 0.20
1402 2.78
2123 0.34
27
SEG
0210 2.58
1008 0.16
1457 2.56
2204 0.38
12
DOM
0208 2.91
1014 0.20
1453 2.89
2216 0.36
28
TER
0251 2.78
1049 0.22
1531 2.73
2247 0.38
13
SEG
0257 3.01
1102 0.27
1536 2.96
2302 0.42
29
QUA
0323 2.97
1121 0.30
1604 2.88
2329 0.40
14
TER
0336 3.08
1149 0.37
1614 3.01
2349 0.48
30
QUI
0401 3.13
1159 0.36
1638 3.01
15
QUA
0416 3.13
1227 0.46
1655 3.03
31
SEX
0008 0.42
0436 3.26
1240 0.38
1712 3.12
16
QUI
0029 0.52
0459 3.16
1259 0.50
1729 3.04
Fevereiro
HORA ALT(m) HORA ALT(m)
01
SÁB
0055 0.42
0516 3.35
1319 0.38
1751 3.21
17
SEG
0153 0.38
0625 3.24
1416 0.39
1846 3.24
02
DOM
0142 0.41
0604 3.38
1402 0.34
1832 3.26
18
TER
0236 0.32
0708 3.09
1455 0.38
1923 3.10
03
SEG
0227 0.39
0659 3.33
1449 0.31
1921 3.23
19
QUA
0316 0.31
0759 2.83
1540 0.44
2008 2.86
04
TER
0314 0.37
0755 3.17
1538 0.32
2016 3.09
20
QUI
0402 0.34
0851 2.48
1625 0.53
2102 2.54
05
QUA
0406 0.37
0859 2.91
1631 0.37
2119 2.86
21
SEX
0501 0.40
0957 2.15
1717 0.63
2208 2.27
06
QUI
0512 0.38
1012 2.64
1732 0.44
2236 2.63
22
SÁB
0610 0.45
1123 2.00
1825 0.68
2329 2.18
07
SEX
0634 0.38
1140 2.49
1849 0.49
2359 2.54
23
DOM
0731 0.43
1247 2.12
1940 0.65
08
SÁB
0801 0.32
1257 2.53
2010 0.48
24
SEG
0046 2.33
0840 0.37
1342 2.38
2046 0.57
09
DOM
0106 2.60
0916 0.24
1357 2.66
2121 0.44
25
TER
0138 2.60
0932 0.34
1421 2.66
2138 0.50
10
SEG
0204 2.73
1012 0.23
1444 2.79
2214 0.44
26
QUA
0217 2.91
1014 0.36
1501 2.94
2221 0.46
11
TER
0249 2.87
1059 0.31
1523 2.90
2257 0.48
27
QUI
0259 3.19
1053 0.41
1529 3.17
2304 0.45
12
QUA
0325 3.01
1136 0.44
1601 2.99
2334 0.54
28
SEX
0332 3.43
1134 0.45
1604 3.37
2353 0.46
13
QUI
0402 3.13
1201 0.53
1627 3.07
14
SEX
0002 0.56
0436 3.22
1232 0.56
1701 3.16
15
SÁB
0040 0.53
0510 3.29
1301 0.52
1729 3.24
16
DOM
0114 0.46
0549 3.30
1338 0.45
1804 3.29
Março
HORA ALT(m) HORA ALT(m)
01
SÁB
0410 3.61
1212 0.48
1638 3.51
17
SEG
0053 0.55
0521 3.39
1310 0.61
1731 3.42
02
DOM
0038 0.47
0457 3.70
1257 0.46
1716 3.61
18
TER
0132 0.49
0601 3.33
1351 0.58
1806 3.37
03
SEG
0121 0.46
0544 3.70
1344 0.44
1804 3.62
19
QUA
0208 0.46
0640 3.16
1429 0.60
1851 3.21
04
TER
0206 0.43
0636 3.58
1427 0.43
1857 3.49
20
QUI
0251 0.46
0721 2.91
1504 0.65
1931 2.97
05
QUA
0255 0.42
0736 3.35
1514 0.45
1955 3.24
21
SEX
0336 0.50
0812 2.60
1549 0.74
2017 2.68
06
QUI
0349 0.44
0846 3.02
1608 0.53
2102 2.91
22
SÁB
0427 0.56
0916 2.31
1642 0.82
2119 2.41
07
SEX
0455 0.49
1006 2.73
1716 0.64
2225 2.63
23
DOM
0529 0.62
1046 2.17
1747 0.87
2246 2.31
08
SÁB
0627 0.51
1132 2.59
1846 0.70
2355 2.54
24
SEG
0642 0.63
1208 2.30
1901 0.84
09
DOM
0801 0.43
1247 2.63
2021 0.64
25
TER
0006 2.46
0753 0.59
1304 2.58
2012 0.74
10
SEG
0102 2.62
0912 0.34
1342 2.75
2129 0.55
26
QUA
0104 2.77
0851 0.55
1349 2.90
2108 0.64
11
TER
0155 2.77
1004 0.33
1425 2.89
2214 0.54
27
QUI
0151 3.11
0942 0.54
1421 3.22
2201 0.57
12
QUA
0236 2.93
1047 0.44
1504 3.01
2253 0.58
28
SEX
0229 3.42
1025 0.56
1459 3.49
2249 0.55
13
QUI
0312 3.10
1114 0.58
1536 3.12
2319 0.64
29
SÁB
0310 3.68
1106 0.59
1531 3.69
2336 0.56
14
SEX
0347 3.23
1142 0.68
1604 3.23
2349 0.65
30
DOM
0355 3.83
1153 0.60
1610 3.83
15
SÁB
0416 3.33
1204 0.70
1629 3.32
31
SEG
0019 0.57
0438 3.89
1240 0.59
1657 3.86
16
DOM
0017 0.62
0451 3.39
1238 0.66
1701 3.41
Abril
HORA ALT(m) HORA ALT(m)
01
TER
0104 0.57
0525 3.84
1325 0.59
1744 3.78
17
QUI
0153 0.60
0616 3.07
1401 0.78
1817 3.16
02
QUA
0155 0.55
0621 3.68
1410 0.59
1836 3.58
18
SEX
0232 0.61
0702 2.88
1442 0.82
1904 2.98
03
QUI
0247 0.55
0725 3.42
1502 0.64
1940 3.28
19
SÁB
0312 0.63
0755 2.66
1523 0.87
1955 2.75
04
SEX
0346 0.57
0838 3.11
1602 0.72
2057 2.95
20
DOM
0401 0.67
0857 2.48
1614 0.92
2057 2.56
05
SÁB
0459 0.60
1001 2.87
1719 0.81
2219 2.71
21
SEG
0501 0.70
1010 2.41
1719 0.94
2208 2.50
06
DOM
0625 0.60
1117 2.76
1853 0.81
2340 2.64
22
TER
0604 0.71
1125 2.53
1836 0.89
2327 2.62
07
SEG
0749 0.53
1221 2.78
2016 0.71
23
QUA
0714 0.68
1221 2.77
1947 0.78
08
TER
0044 2.70
0853 0.47
1314 2.87
2114 0.61
24
QUI
0029 2.88
0814 0.64
1308 3.07
2047 0.66
09
QUA
0131 2.84
0944 0.49
1401 2.99
2201 0.58
25
SEX
0119 3.19
0906 0.61
1351 3.36
2140 0.59
10
QUI
0214 3.01
1019 0.58
1438 3.11
2238 0.62
26
SÁB
0206 3.47
0955 0.61
1427 3.60
2231 0.57
11
SEX
0257 3.16
1053 0.67
1508 3.23
2302 0.65
27
DOM
0255 3.67
1046 0.62
1508 3.78
2316 0.58
12
SÁB
0329 3.27
1117 0.75
1540 3.31
2336 0.66
28
SEG
0338 3.79
1132 0.64
1553 3.85
13
DOM
0404 3.33
1146 0.77
1608 3.37
29
TER
0004 0.59
0423 3.81
1219 0.65
1636 3.83
14
SEG
0002 0.65
0434 3.33
1216 0.77
1638 3.38
30
QUA
0055 0.60
0516 3.73
1308 0.65
1725 3.71
15
TER
0040 0.63
0506 3.29
1251 0.75
1706 3.37
16
QUA
0114 0.61
0540 3.20
1329 0.76
1744 3.29
DG6-62 Original
18
PORTO DE SANTANA - CIA DOCAS DE SANTANA (ESTADO DO AMAPÁ) - 2025
Latitude 00° 03'.7 S Longitude 51° 10'.1 W Fuso UTC -03.0 horas
CHM/IBGE 87 Componentes Nível Médio 1.67 m Carta 206
Maio
HORA ALT(m) HORA ALT(m)
01
QUI
0149 0.60
0614 3.57
1401 0.67
1823 3.50
17
SÁB
0212 0.62
0653 2.78
1419 0.80
1847 2.89
02
SEX
0246 0.59
0716 3.36
1457 0.71
1929 3.23
18
DOM
0255 0.61
0740 2.68
1502 0.82
1936 2.77
03
SÁB
0346 0.59
0825 3.13
1601 0.77
2044 2.96
19
SEG
0342 0.62
0832 2.61
1555 0.83
2034 2.67
04
DOM
0451 0.60
0938 2.93
1712 0.82
2159 2.76
20
TER
0434 0.62
0932 2.60
1657 0.81
2142 2.63
05
SEG
0559 0.60
1047 2.81
1831 0.80
2306 2.66
21
QUA
0532 0.62
1036 2.68
1804 0.76
2251 2.69
06
TER
0704 0.60
1149 2.78
1944 0.73
22
QUI
0636 0.60
1134 2.84
1916 0.67
2357 2.85
07
QUA
0008 2.68
0804 0.60
1240 2.83
2042 0.64
23
SEX
0736 0.57
1227 3.05
2017 0.56
08
QUI
0102 2.77
0857 0.61
1321 2.93
2127 0.57
24
SÁB
0057 3.06
0834 0.54
1314 3.27
2114 0.48
09
SEX
0151 2.90
0940 0.62
1404 3.05
2204 0.52
25
DOM
0149 3.25
0927 0.53
1402 3.46
2206 0.45
10
SÁB
0229 3.03
1014 0.64
1442 3.15
2244 0.50
26
SEG
0238 3.40
1019 0.53
1451 3.57
2259 0.46
11
DOM
0310 3.12
1049 0.66
1514 3.21
2316 0.51
27
TER
0323 3.49
1110 0.55
1532 3.61
2353 0.49
12
SEG
0349 3.14
1121 0.69
1551 3.22
2351 0.53
28
QUA
0414 3.51
1201 0.57
1619 3.59
13
TER
0419 3.11
1157 0.71
1617 3.20
29
QUI
0046 0.52
0506 3.46
1255 0.59
1714 3.49
14
QUA
0025 0.57
0457 3.05
1232 0.75
1653 3.15
30
SEX
0140 0.53
0602 3.35
1349 0.62
1810 3.34
15
QUI
0059 0.59
0527 2.97
1304 0.77
1721 3.09
31
SÁB
0232 0.53
0701 3.21
1446 0.65
1910 3.15
16
SEX
0138 0.61
0606 2.89
1342 0.79
1802 3.01
Junho
HORA ALT(m) HORA ALT(m)
01
DOM
0325 0.52
0759 3.06
1540 0.68
2010 2.95
17
TER
0314 0.47
0804 2.74
1536 0.61
2010 2.78
02
SEG
0416 0.53
0859 2.90
1638 0.70
2112 2.76
18
QUA
0402 0.45
0855 2.75
1631 0.58
2110 2.74
03
TER
0504 0.55
0957 2.76
1736 0.70
2216 2.60
19
QUI
0455 0.44
0949 2.77
1732 0.54
2212 2.70
04
QUA
0557 0.58
1055 2.67
1836 0.66
2317 2.52
20
SEX
0553 0.44
1049 2.82
1840 0.47
2321 2.71
05
QUI
0651 0.59
1151 2.65
1938 0.57
21
SÁB
0655 0.43
1151 2.90
1947 0.39
06
SEX
0019 2.54
0747 0.58
1242 2.69
2034 0.46
22
DOM
0029 2.79
0759 0.41
1249 3.01
2051 0.32
07
SÁB
0114 2.62
0844 0.54
1325 2.78
2125 0.34
23
SEG
0131 2.91
0859 0.39
1344 3.13
2149 0.30
08
DOM
0204 2.72
0934 0.50
1408 2.88
2210 0.27
24
TER
0225 3.04
0957 0.40
1432 3.23
2246 0.32
09
SEG
0251 2.79
1016 0.49
1453 2.93
2255 0.26
25
QUA
0316 3.13
1053 0.42
1519 3.30
2340 0.37
10
TER
0327 2.83
1057 0.50
1525 2.96
2332 0.32
26
QUI
0404 3.18
1146 0.46
1608 3.32
11
QUA
0406 2.84
1132 0.55
1602 2.96
27
SEX
0029 0.43
0455 3.18
1238 0.51
1701 3.29
12
QUI
0006 0.39
0442 2.81
1204 0.60
1632 2.94
28
SÁB
0116 0.46
0542 3.15
1325 0.54
1751 3.21
13
SEX
0042 0.46
0514 2.79
1244 0.63
1708 2.93
29
DOM
0201 0.47
0627 3.09
1412 0.55
1842 3.11
14
SÁB
0114 0.50
0555 2.76
1319 0.64
1747 2.90
30
SEG
0246 0.46
0716 3.01
1457 0.54
1932 2.97
15
DOM
0153 0.50
0634 2.74
1401 0.64
1829 2.87
16
SEG
0232 0.49
0716 2.73
1447 0.63
1916 2.83
Julho
HORA ALT(m) HORA ALT(m)
01
TER
0323 0.44
0804 2.90
1542 0.52
2021 2.80
17
QUI
0336 0.34
0812 2.93
1601 0.40
2042 2.85
02
QUA
0402 0.42
0855 2.76
1629 0.49
2116 2.60
18
SEX
0423 0.33
0906 2.88
1657 0.36
2147 2.70
03
QUI
0449 0.42
0946 2.61
1719 0.45
2217 2.40
19
SÁB
0517 0.34
1008 2.79
1802 0.33
2301 2.58
04
SEX
0540 0.44
1042 2.49
1821 0.40
2327 2.28
20
DOM
0621 0.36
1117 2.73
1917 0.29
05
SÁB
0636 0.45
1146 2.43
1932 0.32
21
SEG
0016 2.57
0732 0.37
1229 2.75
2031 0.25
06
DOM
0036 2.27
0742 0.44
1246 2.46
2042 0.21
22
TER
0123 2.67
0842 0.36
1331 2.85
2138 0.23
07
SEG
0132 2.36
0847 0.40
1336 2.54
2140 0.13
23
QUA
0219 2.81
0944 0.37
1423 2.98
2236 0.27
08
TER
0221 2.47
0942 0.37
1421 2.65
2227 0.12
24
QUI
0308 2.94
1040 0.40
1510 3.09
2325 0.35
09
QUA
0304 2.58
1025 0.38
1504 2.75
2304 0.17
25
SEX
0355 3.02
1131 0.46
1557 3.18
10
QUI
0344 2.66
1102 0.41
1540 2.83
2344 0.27
26
SÁB
0006 0.44
0432 3.07
1214 0.51
1638 3.22
11
SEX
0417 2.73
1140 0.45
1612 2.90
27
DOM
0049 0.50
0510 3.11
1257 0.53
1719 3.23
12
SÁB
0012 0.37
0455 2.77
1216 0.49
1647 2.95
28
SEG
0125 0.51
0553 3.11
1338 0.52
1804 3.20
13
DOM
0049 0.42
0525 2.81
1259 0.50
1721 2.99
29
TER
0201 0.47
0629 3.09
1414 0.46
1853 3.10
14
SEG
0125 0.44
0602 2.85
1342 0.50
1804 3.01
30
QUA
0240 0.40
0710 3.03
1455 0.39
1936 2.93
15
TER
0204 0.41
0642 2.89
1425 0.48
1853 3.00
31
QUI
0316 0.35
0757 2.91
1540 0.33
2021 2.71
16
QUA
0251 0.37
0723 2.93
1510 0.44
1946 2.95
Agosto
HORA ALT(m) HORA ALT(m)
01
SEX
0359 0.33
0840 2.73
1625 0.29
2114 2.44
17
DOM
0455 0.42
0949 2.76
1744 0.36
2253 2.56
02
SÁB
0447 0.37
0934 2.50
1719 0.28
2223 2.19
18
SEG
0602 0.47
1108 2.63
1902 0.35
03
DOM
0540 0.43
1042 2.31
1829 0.28
2349 2.08
19
TER
0014 2.56
0721 0.49
1227 2.64
2029 0.30
04
SEG
0644 0.47
1157 2.26
1949 0.24
20
QUA
0121 2.69
0842 0.46
1331 2.78
2138 0.27
05
TER
0101 2.16
0757 0.47
1302 2.35
2059 0.18
21
QUI
0214 2.85
0946 0.44
1421 2.95
2231 0.32
06
QUA
0155 2.34
0902 0.42
1355 2.54
2153 0.16
22
SEX
0301 2.98
1038 0.48
1504 3.10
2310 0.45
07
QUI
0238 2.54
0951 0.39
1436 2.73
2236 0.22
23
SÁB
0338 3.08
1116 0.56
1544 3.22
2349 0.57
08
SEX
0314 2.72
1034 0.40
1512 2.92
2308 0.32
24
DOM
0408 3.16
1155 0.62
1616 3.31
09
SÁB
0349 2.86
1110 0.44
1546 3.07
2344 0.41
25
SEG
0019 0.66
0442 3.22
1231 0.64
1657 3.35
10
DOM
0417 2.97
1153 0.48
1617 3.19
26
TER
0051 0.65
0510 3.27
1302 0.60
1731 3.33
11
SEG
0017 0.48
0451 3.06
1236 0.51
1657 3.26
27
QUA
0125 0.60
0549 3.28
1342 0.51
1810 3.25
12
TER
0059 0.49
0521 3.15
1317 0.51
1736 3.30
28
QUI
0201 0.52
0623 3.23
1421 0.43
1857 3.10
13
QUA
0142 0.47
0602 3.21
1402 0.47
1821 3.28
29
SEX
0244 0.47
0706 3.11
1502 0.36
1940 2.86
14
QUI
0223 0.43
0647 3.22
1449 0.42
1916 3.18
30
SÁB
0325 0.47
0753 2.90
1551 0.34
2029 2.57
15
SEX
0306 0.39
0738 3.14
1540 0.38
2016 2.99
31
DOM
0408 0.52
0844 2.62
1644 0.36
2136 2.26
16
SÁB
0359 0.38
0838 2.98
1634 0.36
2127 2.74
DG6-62 Original
19
PORTO DE SANTANA - CIA DOCAS DE SANTANA (ESTADO DO AMAPÁ) - 2025
Latitude 00° 03'.7 S Longitude 51° 10'.1 W Fuso UTC -03.0 horas
CHM/IBGE 87 Componentes Nível Médio 1.67 m Carta 206
Setembro
HORA ALT(m) HORA ALT(m)
01
SEG
0459 0.59
0949 2.35
1744 0.40
2302 2.11
17
QUA
0014 2.74
0738 0.63
1229 2.73
2036 0.35
02
TER
0601 0.65
1110 2.24
1859 0.41
18
QUI
0114 2.88
0853 0.53
1327 2.89
2136 0.33
03
QUA
0023 2.20
0714 0.65
1227 2.35
2017 0.37
19
SEX
0202 3.03
0951 0.50
1414 3.06
2219 0.42
04
QUI
0119 2.44
0827 0.59
1323 2.61
2114 0.35
20
SÁB
0244 3.14
1034 0.56
1457 3.21
2257 0.58
05
SEX
0204 2.71
0919 0.53
1406 2.89
2157 0.39
21
DOM
0316 3.24
1104 0.65
1527 3.33
2327 0.73
06
SÁB
0242 2.95
1002 0.51
1444 3.15
2236 0.47
22
SEG
0347 3.31
1138 0.73
1602 3.40
2351 0.81
07
DOM
0312 3.16
1047 0.53
1516 3.36
2310 0.56
23
TER
0412 3.37
1204 0.75
1634 3.41
08
SEG
0344 3.32
1131 0.58
1553 3.51
2351 0.62
24
QUA
0021 0.81
0444 3.40
1240 0.70
1706 3.39
09
TER
0412 3.46
1210 0.62
1627 3.59
25
QUI
0055 0.76
0512 3.40
1316 0.64
1746 3.29
10
QUA
0034 0.65
0451 3.54
1257 0.62
1712 3.61
26
SEX
0136 0.71
0553 3.34
1357 0.57
1819 3.16
11
QUI
0116 0.63
0529 3.56
1344 0.59
1804 3.53
27
SÁB
0214 0.69
0627 3.21
1440 0.53
1906 2.95
12
SEX
0201 0.59
0616 3.50
1432 0.55
1902 3.35
28
DOM
0255 0.70
0712 3.01
1523 0.52
2001 2.68
13
SÁB
0251 0.57
0714 3.31
1525 0.52
2006 3.10
29
SEG
0340 0.75
0804 2.73
1614 0.55
2102 2.41
14
DOM
0346 0.58
0819 3.04
1627 0.51
2125 2.83
30
TER
0429 0.81
0906 2.47
1714 0.59
2225 2.27
15
SEG
0447 0.64
0944 2.77
1744 0.50
2257 2.70
16
TER
0604 0.68
1114 2.67
1914 0.45
Outubro
HORA ALT(m) HORA ALT(m)
01
QUA
0531 0.85
1029 2.34
1823 0.60
2349 2.37
17
SEX
0055 2.99
0849 0.52
1312 2.95
2112 0.41
02
QUI
0646 0.83
1155 2.46
1936 0.57
18
SÁB
0140 3.10
0940 0.49
1359 3.10
2159 0.50
03
SEX
0049 2.62
0755 0.74
1255 2.73
2034 0.54
19
DOM
0216 3.21
1017 0.54
1438 3.23
2234 0.64
04
SÁB
0129 2.91
0853 0.64
1338 3.04
2119 0.55
20
SEG
0255 3.29
1053 0.62
1512 3.32
2259 0.76
05
DOM
0206 3.20
0940 0.59
1414 3.33
2159 0.60
21
TER
0321 3.35
1119 0.69
1551 3.34
2327 0.82
06
SEG
0238 3.43
1023 0.60
1455 3.56
2242 0.66
22
QUA
0355 3.37
1149 0.71
1619 3.33
2355 0.83
07
TER
0308 3.63
1104 0.64
1529 3.71
2323 0.72
23
QUI
0419 3.37
1221 0.70
1655 3.27
08
QUA
0347 3.75
1153 0.68
1610 3.78
24
SEX
0034 0.81
0455 3.34
1257 0.67
1723 3.18
09
QUI
0006 0.74
0423 3.80
1240 0.70
1701 3.75
25
SÁB
0108 0.80
0523 3.28
1338 0.64
1802 3.08
10
SEX
0055 0.73
0508 3.76
1329 0.69
1753 3.62
26
DOM
0147 0.80
0604 3.17
1416 0.63
1847 2.91
11
SÁB
0146 0.72
0604 3.60
1421 0.66
1855 3.41
27
SEG
0229 0.82
0649 2.99
1459 0.63
1936 2.72
12
DOM
0242 0.73
0704 3.36
1521 0.63
2004 3.18
28
TER
0308 0.86
0738 2.78
1549 0.65
2036 2.54
13
SEG
0342 0.76
0817 3.07
1634 0.61
2123 2.97
29
QUA
0359 0.90
0838 2.57
1647 0.68
2149 2.44
14
TER
0453 0.79
0946 2.84
1751 0.56
2247 2.87
30
QUI
0504 0.92
0953 2.45
1751 0.69
2302 2.50
15
QUA
0617 0.76
1108 2.77
1908 0.47
2359 2.90
31
SEX
0617 0.88
1110 2.52
1855 0.66
16
QUI
0744 0.64
1216 2.82
2017 0.40
Novembro
HORA ALT(m) HORA ALT(m)
01
SÁB
0002 2.70
0725 0.77
1212 2.75
1951 0.62
17
SEG
0151 3.03
0951 0.43
1414 3.02
2157 0.58
02
DOM
0051 2.97
0823 0.65
1304 3.03
2042 0.59
18
TER
0225 3.11
1027 0.44
1459 3.09
2231 0.62
03
SEG
0127 3.24
0912 0.57
1349 3.29
2127 0.60
19
QUA
0302 3.17
1059 0.46
1532 3.11
2301 0.64
04
TER
0204 3.49
0959 0.54
1429 3.51
2210 0.62
20
QUI
0334 3.18
1134 0.49
1608 3.09
2336 0.66
05
QUA
0246 3.67
1047 0.57
1512 3.65
2257 0.65
21
SEX
0404 3.18
1204 0.52
1642 3.04
06
QUI
0321 3.78
1136 0.61
1601 3.70
2347 0.67
22
SÁB
0008 0.68
0436 3.15
1242 0.54
1712 2.99
07
SEX
0406 3.80
1225 0.64
1651 3.65
23
DOM
0047 0.70
0508 3.11
1316 0.56
1751 2.93
08
SÁB
0040 0.69
0459 3.72
1317 0.64
1746 3.54
24
SEG
0123 0.72
0547 3.04
1355 0.56
1829 2.85
09
DOM
0134 0.71
0555 3.55
1416 0.63
1847 3.38
25
TER
0201 0.74
0627 2.94
1436 0.58
1916 2.75
10
SEG
0234 0.73
0659 3.33
1517 0.60
1955 3.20
26
QUA
0244 0.77
0716 2.80
1519 0.60
2008 2.64
11
TER
0338 0.75
0808 3.09
1625 0.57
2104 3.03
27
QUI
0334 0.80
0810 2.66
1610 0.62
2104 2.57
12
QUA
0449 0.75
0921 2.88
1734 0.53
2214 2.90
28
SEX
0434 0.80
0912 2.55
1706 0.63
2204 2.58
13
QUI
0602 0.70
1036 2.75
1842 0.50
2319 2.86
29
SÁB
0542 0.76
1017 2.54
1806 0.62
2304 2.67
14
SEX
0714 0.61
1146 2.73
1942 0.49
30
DOM
0649 0.66
1125 2.63
1904 0.57
15
SÁB
0016 2.88
0816 0.52
1244 2.80
2036 0.50
16
DOM
0106 2.95
0906 0.45
1331 2.90
2117 0.54
Dezembro
HORA ALT(m) HORA ALT(m)
01
SEG
0751 0.54
1225 2.81
2001 0.52
17
QUA
0159 2.76
0955 0.21
1434 2.71
2157 0.42
02
TER
0049 3.07
0846 0.44
1319 3.03
2053 0.48
18
QUI
0238 2.84
1038 0.18
1514 2.79
2238 0.41
03
QUA
0134 3.28
0938 0.38
1410 3.22
2146 0.46
19
SEX
0312 2.91
1114 0.21
1555 2.82
2312 0.42
04
QUI
0217 3.46
1029 0.38
1501 3.36
2240 0.46
20
SÁB
0351 2.95
1149 0.26
1625 2.84
2349 0.45
05
SEX
0306 3.57
1117 0.42
1551 3.43
2331 0.49
21
DOM
0419 2.98
1221 0.34
1701 2.85
06
SÁB
0357 3.60
1210 0.45
1640 3.43
22
SEG
0023 0.49
0457 2.99
1255 0.39
1732 2.85
07
DOM
0023 0.52
0447 3.55
1304 0.48
1732 3.39
23
TER
0059 0.52
0529 2.98
1331 0.43
1810 2.84
08
SEG
0117 0.56
0542 3.45
1401 0.48
1827 3.30
24
QUA
0140 0.55
0608 2.95
1406 0.45
1853 2.80
09
TER
0214 0.59
0642 3.30
1457 0.48
1925 3.17
25
QUI
0219 0.58
0655 2.87
1449 0.47
1932 2.75
10
QUA
0312 0.62
0744 3.10
1553 0.48
2023 3.01
26
SEX
0304 0.59
0744 2.77
1534 0.49
2016 2.71
11
QUI
0414 0.64
0846 2.88
1647 0.50
2123 2.83
27
SÁB
0357 0.60
0836 2.66
1623 0.50
2108 2.69
12
SEX
0516 0.64
0951 2.67
1740 0.53
2225 2.68
28
DOM
0455 0.57
0934 2.57
1717 0.50
2204 2.68
13
SÁB
0617 0.60
1059 2.53
1834 0.55
2325 2.60
29
SEG
0601 0.51
1042 2.52
1819 0.47
2306 2.73
14
DOM
0717 0.52
1202 2.49
1927 0.54
30
TER
0708 0.42
1153 2.56
1923 0.43
15
SEG
0021 2.60
0816 0.41
1301 2.53
2021 0.51
31
QUA
0008 2.83
0814 0.31
1301 2.70
2027 0.37
16
TER
0110 2.67
0908 0.30
1353 2.62
2112 0.46
DG6-62 Original
