56
TERMINAL PORTUÁRIO DO PECÉM (ESTADO DO CEARÁ) - 2025
Latitude 03° 32'.1 S Longitude 38° 47'.9 W Fuso UTC -03.0 horas
DHN 28 Componentes Nível Médio 1.56 m Carta 711
Janeiro
HORA ALT(m) HORA ALT(m)
01
QUA
0540 2.55
1136 0.53
1751 2.88
17
SEX
0047 0.35
0659 2.52
1255 0.56
1908 2.68
02
QUI
0006 0.26
0619 2.55
1217 0.52
1832 2.87
18
SÁB
0121 0.49
0734 2.42
1331 0.67
1947 2.52
03
SEX
0051 0.29
0702 2.52
1301 0.54
1914 2.82
19
DOM
0201 0.63
0810 2.33
1408 0.79
2021 2.34
04
SÁB
0132 0.37
0751 2.48
1347 0.57
2002 2.74
20
SEG
0238 0.79
0851 2.23
1451 0.91
2102 2.18
05
DOM
0219 0.47
0840 2.43
1440 0.62
2057 2.62
21
TER
0317 0.92
0932 2.15
1538 1.02
2149 2.04
06
SEG
0312 0.59
0931 2.39
1536 0.67
2157 2.49
22
QUA
0408 1.03
1023 2.09
1640 1.09
2257 1.94
07
TER
0410 0.69
1032 2.38
1644 0.70
2304 2.40
23
QUI
0514 1.09
1131 2.08
1759 1.09
08
QUA
0516 0.75
1140 2.40
1757 0.68
24
SEX
0025 1.94
0625 1.08
1244 2.14
1917 0.98
09
QUI
0016 2.36
0625 0.76
1247 2.48
1910 0.59
25
SÁB
0138 2.03
0732 1.00
1349 2.28
2019 0.80
10
SEX
0125 2.40
0729 0.71
1351 2.60
2016 0.46
26
DOM
0232 2.17
0827 0.87
1442 2.46
2108 0.60
11
SÁB
0227 2.47
0827 0.63
1449 2.73
2112 0.33
27
SEG
0317 2.34
0916 0.72
1527 2.65
2153 0.40
12
DOM
0319 2.55
0919 0.54
1540 2.85
2202 0.22
28
TER
0402 2.50
1001 0.56
1610 2.84
2232 0.24
13
SEG
0408 2.62
1008 0.47
1625 2.93
2249 0.17
29
QUA
0444 2.63
1042 0.42
1655 2.99
2310 0.13
14
TER
0457 2.64
1055 0.43
1710 2.96
2329 0.18
30
QUI
0521 2.72
1121 0.32
1736 3.07
2351 0.08
15
QUA
0538 2.63
1136 0.44
1755 2.92
31
SEX
0602 2.77
1202 0.26
1816 3.09
16
QUI
0008 0.24
0616 2.59
1216 0.48
1832 2.82
Fevereiro
HORA ALT(m) HORA ALT(m)
01
SÁB
0029 0.11
0644 2.77
1246 0.25
1901 3.02
17
SEG
0116 0.57
0727 2.46
1329 0.66
1940 2.40
02
DOM
0110 0.21
0725 2.72
1329 0.31
1946 2.88
18
TER
0149 0.73
0801 2.35
1402 0.79
2010 2.23
03
SEG
0155 0.36
0808 2.64
1416 0.42
2032 2.68
19
QUA
0221 0.89
0836 2.23
1444 0.93
2055 2.06
04
TER
0242 0.54
0901 2.53
1508 0.56
2127 2.47
20
QUI
0302 1.04
0917 2.13
1536 1.06
2153 1.91
05
QUA
0336 0.73
0959 2.42
1614 0.70
2238 2.27
21
SEX
0404 1.16
1019 2.06
1659 1.12
2327 1.84
06
QUI
0442 0.88
1108 2.34
1736 0.77
22
SÁB
0531 1.20
1147 2.07
1840 1.05
07
SEX
0001 2.18
0601 0.94
1227 2.35
1902 0.73
23
DOM
0104 1.94
0659 1.12
1314 2.21
1955 0.84
08
SÁB
0116 2.20
0717 0.90
1342 2.46
2012 0.60
24
SEG
0208 2.13
0802 0.93
1414 2.44
2046 0.60
09
DOM
0221 2.30
0821 0.79
1442 2.61
2108 0.45
25
TER
0257 2.35
0855 0.70
1504 2.69
2127 0.35
10
SEG
0314 2.43
0914 0.65
1531 2.76
2155 0.32
26
QUA
0338 2.57
0940 0.47
1551 2.93
2208 0.15
11
TER
0401 2.55
1001 0.52
1614 2.87
2234 0.24
27
QUI
0416 2.76
1019 0.26
1632 3.11
2249 0.02
12
QUA
0440 2.63
1042 0.42
1657 2.92
2308 0.21
28
SEX
0459 2.91
1102 0.10
1714 3.22
2327 -0.03
13
QUI
0516 2.68
1117 0.38
1732 2.91
2346 0.24
14
SEX
0553 2.68
1153 0.38
1806 2.84
15
SÁB
0016 0.32
0623 2.64
1225 0.44
1840 2.72
16
DOM
0047 0.43
0659 2.56
1259 0.53
1908 2.57
Março
HORA ALT(m) HORA ALT(m)
01
SÁB
0538 2.98
1144 0.02
1757 3.22
17
SEG
0010 0.44
0619 2.64
1227 0.46
1838 2.55
02
DOM
0004 0.01
0616 2.98
1225 0.03
1840 3.11
18
TER
0040 0.57
0651 2.54
1259 0.58
1904 2.39
03
SEG
0046 0.14
0701 2.91
1308 0.13
1921 2.92
19
QUA
0108 0.73
0719 2.42
1329 0.72
1940 2.22
04
TER
0127 0.33
0747 2.77
1355 0.30
2010 2.66
20
QUI
0140 0.89
0757 2.30
1404 0.86
2017 2.05
05
QUA
0212 0.56
0834 2.60
1449 0.52
2106 2.39
21
SEX
0217 1.05
0842 2.18
1457 1.00
2114 1.90
06
QUI
0306 0.80
0932 2.42
1557 0.73
2217 2.15
22
SÁB
0317 1.18
0944 2.09
1616 1.08
2249 1.83
07
SEX
0416 0.99
1047 2.29
1723 0.85
2351 2.05
23
DOM
0449 1.23
1106 2.08
1801 1.02
08
SÁB
0547 1.07
1214 2.27
1859 0.81
24
SEG
0032 1.94
0621 1.13
1240 2.22
1917 0.82
09
DOM
0112 2.11
0712 1.00
1332 2.37
2006 0.67
25
TER
0136 2.15
0731 0.91
1347 2.46
2012 0.57
10
SEG
0216 2.24
0814 0.85
1431 2.53
2057 0.52
26
QUA
0223 2.40
0825 0.63
1438 2.73
2057 0.32
11
TER
0302 2.40
0904 0.67
1517 2.68
2136 0.40
27
QUI
0306 2.66
0910 0.36
1523 2.98
2140 0.12
12
QUA
0342 2.54
0946 0.52
1559 2.79
2210 0.31
28
SEX
0349 2.88
0957 0.12
1606 3.16
2217 0.00
13
QUI
0416 2.65
1019 0.41
1632 2.85
2244 0.27
29
SÁB
0429 3.03
1040 -0.04
1653 3.24
2301 -0.04
14
SEX
0451 2.72
1055 0.34
1706 2.85
2312 0.28
30
DOM
0510 3.11
1121 -0.11
1736 3.21
2340 0.02
15
SÁB
0519 2.74
1125 0.33
1740 2.80
2344 0.34
31
SEG
0557 3.10
1204 -0.08
1817 3.07
16
DOM
0553 2.71
1157 0.37
1806 2.70
Abril
HORA ALT(m) HORA ALT(m)
01
TER
0019 0.17
0638 3.00
1251 0.06
1904 2.85
17
QUI
0042 0.77
0655 2.47
1306 0.68
1917 2.19
02
QUA
0104 0.38
0723 2.83
1340 0.27
1957 2.57
18
SEX
0114 0.92
0732 2.35
1347 0.80
2002 2.05
03
QUI
0153 0.63
0814 2.63
1434 0.52
2055 2.30
19
SÁB
0157 1.05
0817 2.25
1442 0.91
2104 1.94
04
SEX
0249 0.87
0914 2.42
1544 0.74
2208 2.09
20
DOM
0259 1.14
0917 2.18
1557 0.97
2223 1.92
05
SÁB
0402 1.05
1032 2.27
1712 0.86
2340 2.03
21
SEG
0419 1.16
1038 2.18
1721 0.92
2349 2.02
06
DOM
0534 1.10
1201 2.24
1842 0.83
22
TER
0546 1.04
1201 2.30
1836 0.76
07
SEG
0059 2.10
0657 1.01
1312 2.33
1946 0.72
23
QUA
0055 2.23
0655 0.82
1308 2.51
1932 0.55
08
TER
0155 2.24
0757 0.86
1408 2.45
2029 0.60
24
QUI
0147 2.47
0751 0.56
1404 2.74
2019 0.34
09
QUA
0236 2.38
0842 0.70
1455 2.57
2106 0.49
25
SEX
0232 2.72
0842 0.29
1457 2.95
2104 0.17
10
QUI
0310 2.52
0917 0.55
1531 2.66
2140 0.42
26
SÁB
0316 2.93
0929 0.07
1544 3.08
2149 0.07
11
SEX
0347 2.63
0955 0.44
1604 2.72
2210 0.38
27
DOM
0402 3.08
1014 -0.07
1627 3.13
2232 0.06
12
SÁB
0416 2.71
1027 0.37
1638 2.72
2240 0.38
28
SEG
0449 3.14
1102 -0.12
1712 3.08
2316 0.12
13
DOM
0451 2.74
1059 0.35
1708 2.69
2308 0.42
29
TER
0532 3.12
1149 -0.07
1802 2.94
14
SEG
0519 2.72
1129 0.38
1742 2.60
2340 0.51
30
QUA
0001 0.26
0617 3.02
1236 0.08
1851 2.73
15
TER
0553 2.66
1201 0.45
1808 2.48
16
QUA
0008 0.63
0621 2.57
1234 0.56
1844 2.34
DG6-62 Original
57
TERMINAL PORTUÁRIO DO PECÉM (ESTADO DO CEARÁ) - 2025
Latitude 03° 32'.1 S Longitude 38° 47'.9 W Fuso UTC -03.0 horas
DHN 28 Componentes Nível Médio 1.56 m Carta 711
Maio
HORA ALT(m) HORA ALT(m)
01
QUI
0047 0.46
0706 2.85
1327 0.29
1944 2.49
17
SÁB
0104 0.90
0719 2.44
1342 0.71
2001 2.11
02
SEX
0138 0.67
0801 2.65
1423 0.51
2044 2.27
18
DOM
0151 0.98
0808 2.38
1434 0.78
2059 2.06
03
SÁB
0236 0.87
0902 2.45
1529 0.71
2155 2.12
19
SEG
0249 1.02
0906 2.33
1536 0.82
2201 2.07
04
DOM
0346 1.01
1012 2.30
1649 0.83
2310 2.07
20
TER
0357 1.00
1012 2.33
1646 0.79
2306 2.16
05
SEG
0504 1.06
1129 2.24
1804 0.84
21
QUA
0506 0.90
1123 2.40
1753 0.70
06
TER
0019 2.12
0619 1.01
1240 2.27
1904 0.78
22
QUI
0008 2.32
0614 0.73
1232 2.52
1851 0.56
07
QUA
0112 2.23
0719 0.89
1334 2.34
1951 0.71
23
SEX
0104 2.52
0716 0.52
1332 2.68
1946 0.42
08
QUI
0159 2.35
0806 0.76
1417 2.42
2027 0.63
24
SÁB
0159 2.72
0812 0.30
1427 2.82
2034 0.31
09
SEX
0236 2.46
0847 0.64
1459 2.49
2102 0.56
25
DOM
0251 2.90
0904 0.12
1517 2.91
2121 0.23
10
SÁB
0308 2.57
0923 0.54
1534 2.54
2136 0.52
26
SEG
0340 3.03
0957 0.00
1606 2.94
2208 0.22
11
DOM
0347 2.64
0959 0.46
1606 2.56
2206 0.51
27
TER
0425 3.09
1047 -0.04
1659 2.90
2257 0.26
12
SEG
0417 2.68
1034 0.42
1644 2.54
2242 0.54
28
QUA
0514 3.08
1136 0.01
1749 2.79
2346 0.36
13
TER
0455 2.68
1106 0.43
1716 2.49
2314 0.61
29
QUI
0604 3.01
1223 0.12
1838 2.64
14
QUA
0527 2.65
1144 0.47
1755 2.41
2349 0.70
30
SEX
0034 0.50
0657 2.87
1314 0.29
1929 2.47
15
QUI
0602 2.59
1217 0.53
1831 2.30
31
SÁB
0125 0.65
0747 2.69
1408 0.48
2023 2.32
16
SEX
0025 0.80
0642 2.52
1259 0.62
1910 2.20
Junho
HORA ALT(m) HORA ALT(m)
01
DOM
0217 0.80
0842 2.51
1504 0.65
2123 2.20
17
TER
0232 0.81
0851 2.51
1508 0.66
2129 2.26
02
SEG
0317 0.91
0940 2.35
1606 0.79
2227 2.14
18
QUA
0329 0.80
0947 2.47
1606 0.69
2227 2.31
03
TER
0421 0.99
1046 2.24
1708 0.86
2327 2.14
19
QUI
0432 0.76
1051 2.45
1708 0.68
2329 2.40
04
QUA
0527 1.00
1151 2.19
1808 0.87
20
SEX
0540 0.67
1159 2.47
1812 0.64
05
QUI
0019 2.19
0629 0.96
1249 2.19
1859 0.84
21
SÁB
0031 2.52
0647 0.54
1304 2.54
1910 0.57
06
SEX
0108 2.27
0723 0.87
1338 2.23
1944 0.80
22
DOM
0129 2.66
0751 0.39
1404 2.62
2008 0.49
07
SÁB
0155 2.36
0810 0.77
1421 2.29
2021 0.74
23
SEG
0225 2.80
0851 0.25
1502 2.69
2102 0.42
08
DOM
0234 2.45
0855 0.67
1502 2.35
2101 0.69
24
TER
0319 2.93
0946 0.13
1557 2.74
2153 0.38
09
SEG
0312 2.54
0934 0.57
1546 2.40
2140 0.66
25
QUA
0412 3.01
1036 0.08
1646 2.74
2244 0.37
10
TER
0355 2.61
1012 0.50
1621 2.42
2217 0.65
26
QUI
0502 3.04
1123 0.08
1734 2.70
2332 0.40
11
QUA
0432 2.65
1053 0.45
1701 2.43
2257 0.66
27
SEX
0553 3.00
1210 0.15
1819 2.63
12
QUI
0508 2.67
1129 0.44
1742 2.40
2336 0.70
28
SÁB
0019 0.47
0640 2.89
1259 0.27
1908 2.53
13
SEX
0551 2.66
1206 0.46
1819 2.36
29
DOM
0106 0.56
0723 2.75
1344 0.43
1959 2.42
14
SÁB
0014 0.74
0629 2.64
1249 0.49
1902 2.31
30
SEG
0153 0.68
0810 2.58
1429 0.60
2046 2.31
15
DOM
0059 0.77
0710 2.60
1331 0.55
1951 2.27
16
SEG
0144 0.80
0759 2.56
1416 0.61
2038 2.25
Julho
HORA ALT(m) HORA ALT(m)
01
TER
0240 0.80
0859 2.40
1514 0.75
2132 2.22
17
QUI
0302 0.62
0919 2.54
1532 0.65
2155 2.42
02
QUA
0329 0.91
0949 2.23
1604 0.87
2223 2.17
18
SEX
0402 0.66
1021 2.42
1632 0.74
2255 2.42
03
QUI
0423 0.99
1046 2.11
1701 0.95
2317 2.15
19
SÁB
0510 0.68
1134 2.35
1740 0.77
04
SEX
0525 1.02
1149 2.05
1757 0.98
20
DOM
0002 2.46
0627 0.63
1249 2.35
1849 0.75
05
SÁB
0012 2.17
0632 1.00
1255 2.05
1853 0.97
21
SEG
0110 2.55
0740 0.52
1355 2.42
1953 0.68
06
DOM
0106 2.23
0734 0.92
1351 2.11
1946 0.92
22
TER
0212 2.69
0844 0.38
1455 2.51
2053 0.57
07
SEG
0201 2.33
0827 0.80
1440 2.19
2032 0.84
23
QUA
0310 2.83
0938 0.25
1546 2.60
2146 0.47
08
TER
0249 2.44
0912 0.66
1521 2.29
2117 0.76
24
QUI
0402 2.94
1025 0.16
1632 2.67
2232 0.40
09
QUA
0332 2.55
0957 0.53
1604 2.38
2201 0.69
25
SEX
0453 3.00
1108 0.13
1716 2.69
2317 0.37
10
QUI
0412 2.66
1036 0.42
1647 2.44
2244 0.63
26
SÁB
0536 2.99
1153 0.17
1801 2.68
11
SEX
0457 2.75
1114 0.35
1723 2.49
2321 0.58
27
DOM
0001 0.39
0616 2.92
1231 0.26
1842 2.61
12
SÁB
0536 2.80
1153 0.31
1804 2.51
28
SEG
0042 0.45
0659 2.78
1308 0.40
1919 2.53
13
DOM
0002 0.55
0614 2.83
1231 0.33
1847 2.51
29
TER
0119 0.56
0736 2.61
1346 0.56
1959 2.42
14
SEG
0044 0.54
0659 2.81
1310 0.37
1925 2.49
30
QUA
0159 0.69
0810 2.42
1421 0.73
2038 2.30
15
TER
0125 0.55
0742 2.75
1355 0.45
2008 2.47
31
QUI
0238 0.83
0853 2.23
1502 0.88
2117 2.20
16
QUA
0210 0.58
0827 2.65
1442 0.55
2101 2.44
Agosto
HORA ALT(m) HORA ALT(m)
01
SEX
0321 0.96
0934 2.06
1551 1.01
2204 2.12
17
DOM
0455 0.74
1117 2.20
1717 0.93
2347 2.37
02
SÁB
0417 1.06
1036 1.94
1651 1.10
2308 2.08
18
SEG
0619 0.73
1242 2.20
1840 0.91
03
DOM
0534 1.10
1202 1.90
1802 1.12
19
TER
0102 2.46
0738 0.61
1351 2.29
1949 0.79
04
SEG
0021 2.10
0659 1.03
1317 1.97
1912 1.07
20
QUA
0208 2.61
0840 0.46
1447 2.43
2047 0.64
05
TER
0129 2.21
0804 0.88
1416 2.10
2010 0.95
21
QUI
0304 2.77
0927 0.31
1534 2.57
2136 0.49
06
QUA
0223 2.37
0855 0.69
1504 2.26
2059 0.80
22
SEX
0353 2.90
1008 0.21
1614 2.67
2217 0.38
07
QUI
0310 2.56
0936 0.50
1546 2.41
2144 0.65
23
SÁB
0434 2.96
1049 0.17
1657 2.73
2259 0.31
08
SEX
0355 2.73
1014 0.34
1623 2.55
2223 0.50
24
DOM
0512 2.97
1123 0.20
1731 2.74
2336 0.31
09
SÁB
0436 2.88
1053 0.22
1702 2.66
2302 0.38
25
SEG
0551 2.89
1159 0.28
1806 2.70
10
DOM
0512 2.98
1129 0.16
1742 2.72
2344 0.31
26
TER
0010 0.37
0623 2.77
1231 0.40
1842 2.62
11
SEG
0557 3.02
1206 0.16
1817 2.74
27
QUA
0044 0.47
0659 2.60
1302 0.55
1912 2.51
12
TER
0021 0.28
0636 2.98
1247 0.23
1901 2.72
28
QUI
0116 0.61
0729 2.41
1334 0.72
1947 2.38
13
QUA
0102 0.30
0716 2.88
1325 0.35
1944 2.66
29
SEX
0153 0.77
0801 2.22
1406 0.89
2019 2.25
14
QUI
0149 0.38
0804 2.72
1410 0.51
2029 2.57
30
SÁB
0231 0.92
0842 2.03
1451 1.05
2104 2.13
15
SEX
0238 0.50
0859 2.52
1502 0.68
2121 2.47
31
DOM
0323 1.06
0938 1.88
1551 1.19
2206 2.04
16
SÁB
0340 0.64
1001 2.32
1602 0.84
2227 2.38
DG6-62 Original
58
TERMINAL PORTUÁRIO DO PECÉM (ESTADO DO CEARÁ) - 2025
Latitude 03° 32'.1 S Longitude 38° 47'.9 W Fuso UTC -03.0 horas
DHN 28 Componentes Nível Médio 1.56 m Carta 711
Setembro
HORA ALT(m) HORA ALT(m)
01
SEG
0444 1.14
1116 1.81
1712 1.24
2332 2.03
17
QUA
0059 2.40
0734 0.65
1346 2.27
1946 0.82
02
TER
0625 1.08
1257 1.90
1842 1.16
18
QUI
0202 2.56
0827 0.50
1434 2.43
2038 0.64
03
QUA
0059 2.15
0738 0.90
1357 2.08
1947 0.99
19
SEX
0253 2.71
0910 0.37
1514 2.58
2119 0.48
04
QUI
0159 2.36
0827 0.67
1438 2.29
2036 0.77
20
SÁB
0334 2.82
0949 0.28
1555 2.69
2159 0.36
05
SEX
0247 2.59
0906 0.45
1516 2.50
2117 0.54
21
DOM
0410 2.88
1019 0.25
1627 2.76
2234 0.29
06
SÁB
0327 2.82
0947 0.25
1557 2.69
2159 0.34
22
SEG
0449 2.88
1053 0.26
1701 2.78
2306 0.29
07
DOM
0408 3.01
1023 0.11
1632 2.83
2238 0.17
23
TER
0517 2.81
1123 0.33
1732 2.75
2340 0.34
08
SEG
0451 3.12
1101 0.05
1710 2.93
2317 0.08
24
QUA
0553 2.70
1153 0.44
1802 2.68
09
TER
0531 3.14
1140 0.07
1753 2.95
2359 0.06
25
QUI
0010 0.43
0621 2.54
1221 0.58
1834 2.56
10
QUA
0610 3.08
1217 0.16
1832 2.90
26
SEX
0044 0.57
0653 2.37
1253 0.74
1904 2.43
11
QUI
0042 0.12
0657 2.92
1259 0.32
1914 2.80
27
SÁB
0116 0.72
0723 2.19
1325 0.92
1942 2.29
12
SEX
0127 0.26
0746 2.69
1346 0.53
2004 2.65
28
DOM
0155 0.88
0802 2.01
1402 1.08
2023 2.15
13
SÁB
0217 0.45
0840 2.43
1436 0.75
2101 2.48
29
SEG
0246 1.03
0902 1.86
1502 1.22
2121 2.05
14
DOM
0323 0.66
0947 2.21
1544 0.94
2210 2.35
30
TER
0402 1.11
1036 1.80
1634 1.27
2249 2.03
15
SEG
0447 0.79
1112 2.09
1708 1.03
2340 2.31
16
TER
0617 0.78
1240 2.13
1838 0.98
Outubro
HORA ALT(m) HORA ALT(m)
01
QUA
0546 1.06
1217 1.90
1806 1.18
17
SEX
0144 2.49
0804 0.57
1410 2.42
2016 0.66
02
QUI
0019 2.15
0701 0.88
1317 2.10
1912 0.97
18
SÁB
0229 2.60
0844 0.47
1449 2.56
2059 0.52
03
SEX
0123 2.38
0751 0.65
1402 2.34
2002 0.71
19
DOM
0308 2.69
0917 0.41
1523 2.67
2134 0.41
04
SÁB
0212 2.63
0834 0.42
1444 2.58
2049 0.44
20
SEG
0347 2.73
0951 0.37
1559 2.74
2206 0.34
05
DOM
0301 2.87
0912 0.22
1521 2.80
2131 0.20
21
TER
0417 2.73
1019 0.38
1629 2.76
2242 0.33
06
SEG
0344 3.05
0953 0.08
1602 2.98
2210 0.02
22
QUA
0453 2.68
1051 0.42
1702 2.75
2312 0.36
07
TER
0423 3.16
1031 0.02
1646 3.07
2255 -0.07
23
QUI
0523 2.59
1119 0.51
1734 2.68
2347 0.44
08
QUA
0506 3.16
1110 0.05
1725 3.09
2338 -0.07
24
SEX
0557 2.47
1153 0.63
1804 2.59
09
QUI
0553 3.06
1153 0.17
1808 3.03
25
SÁB
0017 0.55
0627 2.32
1223 0.78
1840 2.47
10
SEX
0021 0.03
0638 2.87
1236 0.35
1857 2.89
26
DOM
0055 0.68
0702 2.17
1259 0.93
1914 2.34
11
SÁB
0110 0.21
0727 2.62
1323 0.57
1949 2.70
27
SEG
0134 0.82
0749 2.02
1342 1.07
2001 2.23
12
DOM
0206 0.44
0823 2.36
1419 0.80
2047 2.50
28
TER
0223 0.94
0849 1.91
1440 1.18
2101 2.14
13
SEG
0312 0.65
0936 2.16
1531 0.98
2201 2.35
29
QUA
0334 1.01
1004 1.88
1559 1.20
2212 2.13
14
TER
0438 0.79
1104 2.08
1659 1.05
2325 2.30
30
QUI
0459 0.98
1127 1.97
1719 1.11
2334 2.22
15
QUA
0606 0.78
1223 2.14
1823 0.98
31
SEX
0610 0.84
1231 2.15
1829 0.91
16
QUI
0044 2.37
0714 0.68
1323 2.27
1927 0.83
Novembro
HORA ALT(m) HORA ALT(m)
01
SÁB
0044 2.40
0706 0.65
1319 2.39
1925 0.66
17
SEG
0242 2.48
0846 0.58
1455 2.57
2106 0.53
02
DOM
0140 2.62
0755 0.45
1404 2.63
2014 0.39
18
TER
0316 2.52
0917 0.54
1527 2.65
2146 0.46
03
SEG
0227 2.83
0838 0.27
1451 2.85
2102 0.16
19
QUA
0355 2.54
0953 0.53
1602 2.70
2219 0.42
04
TER
0314 2.99
0921 0.15
1534 3.02
2149 -0.02
20
QUI
0427 2.52
1025 0.55
1640 2.70
2255 0.42
05
QUA
0401 3.08
1004 0.09
1617 3.13
2234 -0.10
21
SEX
0502 2.48
1059 0.60
1712 2.67
2329 0.46
06
QUI
0449 3.06
1049 0.12
1704 3.15
2321 -0.09
22
SÁB
0540 2.40
1134 0.68
1749 2.61
07
SEX
0534 2.96
1132 0.22
1753 3.08
23
DOM
0004 0.52
0614 2.31
1208 0.78
1823 2.53
08
SÁB
0008 0.01
0621 2.79
1219 0.38
1842 2.94
24
SEG
0042 0.61
0657 2.21
1247 0.89
1902 2.45
09
DOM
0101 0.19
0714 2.58
1310 0.58
1934 2.76
25
TER
0121 0.70
0740 2.11
1331 0.97
1949 2.37
10
SEG
0157 0.40
0812 2.37
1408 0.77
2032 2.56
26
QUA
0208 0.79
0829 2.05
1421 1.03
2040 2.31
11
TER
0301 0.60
0919 2.20
1514 0.92
2142 2.40
27
QUI
0304 0.85
0927 2.04
1523 1.04
2140 2.28
12
QUA
0414 0.75
1038 2.13
1632 0.99
2259 2.31
28
SEX
0408 0.85
1032 2.10
1632 0.98
2249 2.31
13
QUI
0531 0.79
1151 2.16
1751 0.97
29
SÁB
0516 0.80
1138 2.23
1744 0.84
2359 2.40
14
SEX
0008 2.31
0638 0.77
1249 2.25
1855 0.87
30
DOM
0619 0.68
1236 2.41
1847 0.64
15
SÁB
0110 2.36
0727 0.71
1334 2.36
1947 0.75
16
DOM
0201 2.42
0808 0.64
1414 2.47
2029 0.63
Dezembro
HORA ALT(m) HORA ALT(m)
01
SEG
0102 2.55
0714 0.54
1329 2.62
1946 0.42
17
QUA
0257 2.30
0851 0.74
1502 2.52
2125 0.60
02
TER
0201 2.70
0804 0.40
1419 2.82
2040 0.21
18
QUI
0334 2.36
0929 0.69
1546 2.59
2202 0.51
03
QUA
0253 2.83
0855 0.29
1510 2.99
2131 0.05
19
SEX
0410 2.40
1006 0.66
1619 2.65
2242 0.45
04
QUI
0344 2.90
0944 0.23
1601 3.10
2219 -0.05
20
SÁB
0451 2.42
1046 0.65
1701 2.68
2316 0.43
05
SEX
0432 2.91
1031 0.23
1651 3.14
2310 -0.06
21
DOM
0527 2.42
1123 0.66
1736 2.68
2355 0.43
06
SÁB
0519 2.86
1119 0.28
1742 3.11
22
SEG
0604 2.39
1201 0.69
1812 2.67
07
DOM
0001 0.01
0610 2.75
1208 0.37
1829 3.00
23
TER
0031 0.47
0646 2.35
1240 0.73
1853 2.63
08
SEG
0051 0.15
0702 2.61
1301 0.51
1919 2.85
24
QUA
0108 0.53
0721 2.30
1317 0.77
1932 2.57
09
TER
0142 0.33
0757 2.45
1353 0.66
2012 2.66
25
QUI
0149 0.60
0804 2.27
1402 0.79
2016 2.51
10
QUA
0236 0.53
0855 2.31
1449 0.80
2110 2.47
26
SEX
0234 0.67
0857 2.25
1453 0.81
2108 2.44
11
QUI
0334 0.70
0955 2.22
1551 0.91
2212 2.31
27
SÁB
0327 0.73
0949 2.26
1551 0.81
2208 2.38
12
SEX
0438 0.82
1057 2.18
1657 0.96
2319 2.21
28
DOM
0427 0.76
1049 2.31
1659 0.77
2317 2.36
13
SÁB
0542 0.88
1157 2.19
1804 0.96
29
SEG
0532 0.75
1153 2.41
1810 0.67
14
DOM
0025 2.17
0638 0.88
1251 2.24
1906 0.90
30
TER
0031 2.41
0638 0.69
1259 2.55
1921 0.51
15
SEG
0121 2.19
0727 0.85
1340 2.33
1959 0.81
31
QUA
0138 2.50
0740 0.59
1401 2.72
2023 0.33
16
TER
0210 2.24
0810 0.80
1421 2.42
2046 0.70
DG6-62 Original
