59
PORTO DE MUCURIPE - FORTALEZA (ESTADO DO CEARÁ) - 2025
Latitude 03° 42'.9 S Longitude 38° 28'.6 W Fuso UTC -03.0 horas
DHN/IBGE 47 Componentes Nível Médio 1.54 m Carta 701
Janeiro
HORA ALT(m) HORA ALT(m)
01
QUA
0538 2.49
1132 0.54
1744 2.76
17
SEX
0040 0.36
0653 2.55
1247 0.59
1901 2.63
02
QUI
0001 0.27
0617 2.52
1212 0.53
1825 2.77
18
SÁB
0112 0.48
0727 2.49
1323 0.66
1938 2.52
03
SEX
0042 0.31
0701 2.53
1259 0.54
1910 2.73
19
DOM
0149 0.60
0804 2.43
1402 0.74
2016 2.39
04
SÁB
0123 0.39
0747 2.51
1346 0.58
2001 2.66
20
SEG
0229 0.73
0851 2.34
1449 0.84
2102 2.24
05
DOM
0212 0.50
0838 2.47
1436 0.64
2055 2.54
21
TER
0314 0.86
0940 2.25
1547 0.93
2201 2.09
06
SEG
0304 0.62
0931 2.42
1536 0.70
2155 2.41
22
QUA
0414 0.98
1036 2.18
1659 0.97
2310 1.98
07
TER
0404 0.73
1029 2.38
1646 0.73
2302 2.30
23
QUI
0527 1.04
1142 2.14
1817 0.94
08
QUA
0512 0.80
1136 2.36
1802 0.70
24
SEX
0038 1.95
0640 1.03
1249 2.17
1925 0.83
09
QUI
0019 2.25
0623 0.81
1247 2.40
1914 0.60
25
SÁB
0149 2.03
0744 0.96
1351 2.27
2023 0.69
10
SEX
0134 2.28
0734 0.76
1355 2.48
2019 0.46
26
DOM
0242 2.15
0832 0.85
1444 2.42
2110 0.53
11
SÁB
0236 2.35
0832 0.67
1455 2.59
2116 0.33
27
SEG
0325 2.30
0916 0.71
1527 2.59
2151 0.37
12
DOM
0329 2.44
0923 0.59
1546 2.69
2204 0.23
28
TER
0404 2.46
0959 0.58
1608 2.76
2229 0.24
13
SEG
0414 2.52
1010 0.53
1629 2.76
2249 0.19
29
QUA
0444 2.61
1040 0.45
1651 2.91
2306 0.15
14
TER
0501 2.57
1055 0.50
1710 2.79
2329 0.21
30
QUI
0521 2.73
1117 0.34
1731 3.01
2347 0.10
15
QUA
0540 2.58
1132 0.50
1749 2.77
31
SEX
0602 2.82
1201 0.28
1812 3.03
16
QUI
0004 0.27
0614 2.57
1208 0.53
1823 2.71
Fevereiro
HORA ALT(m) HORA ALT(m)
01
SÁB
0023 0.13
0644 2.84
1244 0.28
1857 2.98
17
SEG
0106 0.54
0721 2.57
1325 0.63
1938 2.45
02
DOM
0104 0.22
0723 2.79
1327 0.33
1946 2.84
18
TER
0140 0.67
0801 2.45
1404 0.74
2016 2.27
03
SEG
0149 0.37
0810 2.69
1416 0.44
2034 2.63
19
QUA
0216 0.83
0844 2.31
1451 0.86
2104 2.08
04
TER
0238 0.56
0902 2.55
1514 0.59
2131 2.40
20
QUI
0302 0.99
0936 2.17
1555 0.98
2210 1.92
05
QUA
0334 0.76
1002 2.40
1623 0.72
2242 2.19
21
SEX
0410 1.13
1042 2.09
1723 1.02
2340 1.85
06
QUI
0447 0.93
1114 2.29
1753 0.78
22
SÁB
0549 1.18
1201 2.10
1853 0.94
07
SEX
0010 2.08
0612 0.99
1238 2.28
1916 0.71
23
DOM
0116 1.94
0710 1.09
1316 2.22
1955 0.77
08
SÁB
0138 2.12
0736 0.93
1355 2.37
2025 0.58
24
SEG
0216 2.13
0806 0.92
1416 2.43
2046 0.57
09
DOM
0242 2.24
0836 0.82
1455 2.51
2117 0.45
25
TER
0302 2.36
0855 0.71
1502 2.67
2125 0.37
10
SEG
0329 2.38
0923 0.70
1542 2.64
2201 0.35
26
QUA
0342 2.60
0936 0.50
1547 2.91
2204 0.19
11
TER
0408 2.51
1004 0.59
1619 2.74
2236 0.30
27
QUI
0417 2.82
1016 0.29
1629 3.10
2244 0.06
12
QUA
0447 2.61
1040 0.53
1657 2.80
2308 0.28
28
SEX
0459 2.99
1059 0.13
1708 3.22
2321 -0.01
13
QUI
0516 2.67
1112 0.49
1727 2.81
2340 0.31
14
SEX
0549 2.70
1146 0.48
1759 2.78
15
SÁB
0008 0.36
0617 2.70
1217 0.49
1829 2.70
16
DOM
0038 0.44
0651 2.65
1253 0.54
1901 2.59
Março
HORA ALT(m) HORA ALT(m)
01
SÁB
0536 3.08
1140 0.05
1753 3.22
17
SEG
0004 0.45
0614 2.72
1221 0.48
1831 2.58
02
DOM
0001 0.01
0616 3.09
1223 0.05
1838 3.11
18
TER
0032 0.54
0647 2.62
1255 0.56
1904 2.43
03
SEG
0044 0.13
0701 3.00
1308 0.14
1925 2.91
19
QUA
0102 0.67
0719 2.49
1331 0.68
1946 2.25
04
TER
0125 0.32
0747 2.82
1401 0.32
2014 2.64
20
QUI
0136 0.82
0759 2.34
1412 0.81
2031 2.07
05
QUA
0212 0.57
0840 2.60
1459 0.54
2114 2.35
21
SEX
0214 0.99
0849 2.20
1508 0.95
2132 1.92
06
QUI
0310 0.83
0944 2.39
1610 0.74
2229 2.11
22
SÁB
0312 1.16
0955 2.10
1631 1.03
2255 1.86
07
SEX
0431 1.04
1102 2.24
1749 0.82
23
DOM
0455 1.24
1116 2.10
1808 0.97
08
SÁB
0010 2.01
0612 1.09
1236 2.24
1916 0.75
24
SEG
0036 1.95
0634 1.14
1238 2.24
1916 0.81
09
DOM
0138 2.11
0738 1.00
1353 2.36
2019 0.64
25
TER
0142 2.17
0738 0.93
1344 2.48
2008 0.60
10
SEG
0234 2.26
0831 0.86
1447 2.50
2106 0.53
26
QUA
0227 2.44
0823 0.66
1434 2.75
2053 0.37
11
TER
0316 2.42
0912 0.72
1525 2.63
2142 0.45
27
QUI
0308 2.72
0906 0.39
1517 3.00
2134 0.18
12
QUA
0353 2.56
0947 0.61
1602 2.73
2212 0.40
28
SEX
0349 2.96
0951 0.15
1602 3.18
2214 0.04
13
QUI
0419 2.67
1017 0.52
1634 2.78
2242 0.37
29
SÁB
0429 3.13
1034 -0.02
1649 3.27
2257 -0.03
14
SEX
0451 2.75
1049 0.46
1702 2.80
2308 0.37
30
DOM
0508 3.21
1116 -0.10
1732 3.23
2338 0.01
15
SÁB
0517 2.79
1117 0.43
1731 2.77
2338 0.39
31
SEG
0555 3.19
1202 -0.07
1817 3.08
16
DOM
0547 2.78
1151 0.43
1801 2.69
Abril
HORA ALT(m) HORA ALT(m)
01
TER
0017 0.14
0638 3.05
1253 0.06
1906 2.85
17
QUI
0034 0.71
0649 2.48
1304 0.63
1919 2.20
02
QUA
0104 0.35
0725 2.84
1346 0.28
2002 2.56
18
SEX
0108 0.84
0727 2.35
1347 0.76
2006 2.07
03
QUI
0157 0.61
0819 2.60
1446 0.52
2104 2.29
19
SÁB
0153 0.99
0816 2.24
1442 0.88
2106 1.97
04
SEX
0257 0.88
0925 2.37
1602 0.73
2219 2.09
20
DOM
0249 1.12
0919 2.17
1555 0.96
2217 1.95
05
SÁB
0419 1.07
1053 2.24
1738 0.82
2357 2.04
21
SEG
0414 1.17
1040 2.18
1721 0.93
2342 2.05
06
DOM
0601 1.11
1219 2.24
1857 0.78
22
TER
0547 1.08
1159 2.31
1831 0.79
07
SEG
0112 2.14
0716 1.01
1331 2.34
1953 0.71
23
QUA
0053 2.25
0657 0.86
1304 2.51
1925 0.60
08
TER
0206 2.29
0806 0.88
1419 2.47
2036 0.64
24
QUI
0146 2.51
0751 0.59
1401 2.75
2012 0.40
09
QUA
0249 2.43
0847 0.74
1501 2.57
2108 0.57
25
SEX
0232 2.76
0838 0.31
1451 2.95
2059 0.22
10
QUI
0319 2.57
0919 0.62
1534 2.65
2140 0.52
26
SÁB
0314 2.98
0923 0.08
1538 3.09
2144 0.10
11
SEX
0351 2.68
0953 0.52
1604 2.69
2208 0.47
27
DOM
0401 3.13
1008 -0.08
1623 3.14
2229 0.05
12
SÁB
0417 2.74
1021 0.45
1636 2.70
2240 0.45
28
SEG
0446 3.18
1059 -0.14
1710 3.08
2314 0.09
13
DOM
0447 2.77
1053 0.41
1704 2.66
2306 0.46
29
TER
0532 3.14
1147 -0.09
1802 2.93
14
SEG
0516 2.75
1123 0.41
1734 2.58
2336 0.51
30
QUA
0001 0.22
0617 3.00
1238 0.05
1857 2.72
15
TER
0547 2.69
1157 0.45
1804 2.47
16
QUA
0004 0.59
0616 2.60
1229 0.53
1842 2.34
DG6-62 Original
60
PORTO DE MUCURIPE - FORTALEZA (ESTADO DO CEARÁ) - 2025
Latitude 03° 42'.9 S Longitude 38° 28'.6 W Fuso UTC -03.0 horas
DHN/IBGE 47 Componentes Nível Médio 1.54 m Carta 701
Maio
HORA ALT(m) HORA ALT(m)
01
QUI
0049 0.42
0708 2.81
1331 0.26
1953 2.49
17
SÁB
0057 0.84
0710 2.39
1331 0.68
1957 2.12
02
SEX
0144 0.65
0804 2.59
1432 0.49
2053 2.28
18
DOM
0142 0.94
0801 2.33
1421 0.77
2053 2.09
03
SÁB
0244 0.87
0908 2.39
1544 0.69
2202 2.15
19
SEG
0234 1.01
0901 2.29
1523 0.83
2153 2.11
04
DOM
0359 1.02
1025 2.27
1702 0.80
2317 2.11
20
TER
0346 1.02
1006 2.29
1634 0.83
2257 2.19
05
SEG
0519 1.06
1144 2.24
1812 0.82
21
QUA
0502 0.94
1116 2.37
1744 0.75
06
TER
0027 2.16
0632 1.01
1249 2.29
1906 0.80
22
QUI
0001 2.33
0614 0.77
1223 2.49
1842 0.62
07
QUA
0119 2.27
0725 0.90
1342 2.36
1951 0.75
23
SEX
0101 2.52
0712 0.54
1325 2.64
1936 0.47
08
QUI
0204 2.39
0808 0.77
1423 2.43
2027 0.69
24
SÁB
0155 2.71
0806 0.31
1421 2.77
2025 0.34
09
SEX
0244 2.50
0847 0.65
1501 2.49
2102 0.63
25
DOM
0247 2.88
0901 0.11
1514 2.86
2116 0.25
10
SÁB
0314 2.59
0921 0.54
1538 2.52
2136 0.58
26
SEG
0336 2.99
0953 -0.03
1604 2.89
2206 0.21
11
DOM
0349 2.65
0959 0.46
1608 2.52
2208 0.56
27
TER
0425 3.04
1044 -0.07
1659 2.85
2257 0.23
12
SEG
0417 2.67
1029 0.42
1644 2.49
2242 0.56
28
QUA
0514 3.01
1134 -0.03
1749 2.75
2347 0.32
13
TER
0451 2.65
1102 0.42
1714 2.43
2312 0.60
29
QUI
0604 2.92
1225 0.08
1844 2.62
14
QUA
0521 2.61
1138 0.45
1749 2.35
2346 0.66
30
SEX
0036 0.46
0657 2.78
1317 0.25
1936 2.47
15
QUI
0557 2.55
1210 0.51
1825 2.27
31
SÁB
0127 0.62
0749 2.61
1412 0.45
2031 2.34
16
SEX
0016 0.75
0631 2.47
1251 0.59
1906 2.19
Junho
HORA ALT(m) HORA ALT(m)
01
DOM
0219 0.78
0844 2.45
1508 0.63
2125 2.25
17
TER
0221 0.82
0842 2.43
1457 0.69
2121 2.29
02
SEG
0319 0.91
0944 2.32
1608 0.77
2223 2.20
18
QUA
0319 0.83
0940 2.39
1555 0.73
2216 2.33
03
TER
0425 0.98
1049 2.23
1710 0.85
2323 2.19
19
QUI
0425 0.79
1044 2.38
1659 0.73
2317 2.38
04
QUA
0531 0.98
1151 2.20
1806 0.87
20
SEX
0536 0.70
1151 2.39
1802 0.68
05
QUI
0019 2.24
0632 0.91
1251 2.21
1857 0.84
21
SÁB
0021 2.47
0646 0.56
1259 2.43
1904 0.61
06
SEX
0110 2.31
0725 0.81
1344 2.25
1944 0.80
22
DOM
0125 2.58
0749 0.39
1402 2.51
2002 0.52
07
SÁB
0159 2.39
0812 0.69
1427 2.29
2023 0.74
23
SEG
0225 2.70
0847 0.24
1502 2.59
2059 0.44
08
DOM
0242 2.46
0857 0.59
1510 2.33
2104 0.69
24
TER
0319 2.80
0942 0.11
1557 2.65
2155 0.39
09
SEG
0317 2.51
0936 0.50
1551 2.34
2144 0.66
25
QUA
0412 2.87
1032 0.05
1649 2.67
2246 0.37
10
TER
0355 2.55
1012 0.45
1625 2.35
2219 0.65
26
QUI
0502 2.90
1123 0.06
1738 2.65
2334 0.40
11
QUA
0431 2.56
1049 0.42
1702 2.34
2259 0.66
27
SEX
0553 2.87
1210 0.13
1823 2.60
12
QUI
0504 2.57
1123 0.43
1738 2.32
2332 0.68
28
SÁB
0019 0.47
0638 2.78
1257 0.26
1910 2.53
13
SEX
0544 2.56
1201 0.45
1816 2.30
29
DOM
0104 0.57
0721 2.66
1342 0.42
1959 2.45
14
SÁB
0008 0.72
0619 2.54
1240 0.50
1859 2.29
30
SEG
0151 0.68
0806 2.52
1425 0.58
2044 2.37
15
DOM
0049 0.76
0702 2.52
1317 0.56
1944 2.28
16
SEG
0132 0.79
0749 2.48
1404 0.63
2031 2.28
Julho
HORA ALT(m) HORA ALT(m)
01
TER
0236 0.79
0853 2.38
1508 0.73
2127 2.30
17
QUI
0259 0.65
0914 2.46
1519 0.68
2149 2.42
02
QUA
0329 0.87
0946 2.25
1601 0.85
2216 2.25
18
SEX
0401 0.69
1016 2.33
1623 0.77
2249 2.38
03
QUI
0427 0.92
1044 2.14
1701 0.92
2312 2.22
19
SÁB
0510 0.70
1127 2.24
1736 0.82
2359 2.38
04
SEX
0532 0.93
1149 2.08
1801 0.94
20
DOM
0631 0.65
1247 2.23
1849 0.80
05
SÁB
0012 2.23
0640 0.87
1257 2.07
1859 0.91
21
SEG
0110 2.44
0744 0.52
1401 2.30
1957 0.72
06
DOM
0112 2.27
0740 0.77
1357 2.11
1953 0.86
22
TER
0217 2.55
0847 0.37
1502 2.41
2057 0.61
07
SEG
0204 2.33
0831 0.65
1449 2.18
2040 0.80
23
QUA
0314 2.69
0940 0.25
1555 2.53
2149 0.52
08
TER
0253 2.41
0916 0.55
1532 2.25
2121 0.74
24
QUI
0406 2.79
1027 0.17
1640 2.62
2236 0.46
09
QUA
0334 2.49
0959 0.46
1610 2.32
2204 0.68
25
SEX
0455 2.86
1110 0.15
1719 2.67
2317 0.43
10
QUI
0412 2.57
1034 0.39
1649 2.39
2244 0.63
26
SÁB
0536 2.86
1151 0.20
1802 2.67
2359 0.45
11
SEX
0453 2.65
1110 0.35
1723 2.45
2319 0.60
27
DOM
0612 2.81
1227 0.29
1840 2.64
12
SÁB
0529 2.71
1149 0.34
1802 2.49
2359 0.57
28
SEG
0036 0.51
0651 2.72
1302 0.41
1914 2.58
13
DOM
0608 2.74
1223 0.35
1844 2.52
29
TER
0112 0.58
0727 2.59
1338 0.55
1955 2.50
14
SEG
0038 0.56
0651 2.73
1302 0.39
1921 2.52
30
QUA
0153 0.68
0804 2.44
1414 0.69
2036 2.40
15
TER
0119 0.57
0734 2.67
1346 0.47
2006 2.51
31
QUI
0236 0.78
0849 2.27
1457 0.83
2117 2.31
16
QUA
0204 0.60
0821 2.58
1429 0.57
2057 2.47
Agosto
HORA ALT(m) HORA ALT(m)
01
SEX
0329 0.87
0942 2.11
1547 0.96
2210 2.22
17
DOM
0502 0.75
1119 2.11
1725 0.97
2353 2.30
02
SÁB
0434 0.94
1049 1.99
1701 1.04
2316 2.16
18
SEG
0634 0.72
1253 2.11
1855 0.94
03
DOM
0553 0.94
1210 1.94
1814 1.05
19
TER
0114 2.37
0751 0.60
1406 2.24
2002 0.82
04
SEG
0025 2.16
0706 0.86
1329 1.99
1921 1.00
20
QUA
0221 2.52
0849 0.45
1502 2.41
2057 0.69
05
TER
0134 2.24
0808 0.73
1427 2.11
2016 0.90
21
QUI
0312 2.67
0934 0.34
1549 2.56
2144 0.56
06
QUA
0227 2.37
0857 0.59
1514 2.26
2102 0.78
22
SEX
0359 2.79
1014 0.27
1623 2.67
2221 0.48
07
QUI
0310 2.53
0938 0.46
1553 2.41
2146 0.66
23
SÁB
0438 2.86
1051 0.25
1701 2.74
2259 0.43
08
SEX
0353 2.68
1012 0.34
1627 2.55
2221 0.53
24
DOM
0512 2.87
1123 0.28
1732 2.76
2331 0.42
09
SÁB
0432 2.82
1049 0.26
1702 2.68
2301 0.42
25
SEG
0547 2.82
1155 0.34
1802 2.75
10
DOM
0508 2.93
1125 0.21
1740 2.76
2340 0.35
26
TER
0002 0.45
0616 2.74
1223 0.43
1836 2.69
11
SEG
0551 2.97
1202 0.20
1816 2.81
27
QUA
0038 0.51
0649 2.61
1255 0.53
1906 2.60
12
TER
0017 0.31
0631 2.94
1240 0.25
1857 2.79
28
QUI
0112 0.59
0723 2.46
1325 0.66
1946 2.48
13
QUA
0101 0.33
0714 2.84
1317 0.35
1942 2.72
29
SEX
0153 0.71
0802 2.28
1402 0.81
2029 2.34
14
QUI
0147 0.41
0802 2.67
1402 0.51
2029 2.60
30
SÁB
0240 0.84
0855 2.09
1447 0.98
2117 2.20
15
SEX
0240 0.53
0857 2.46
1455 0.69
2121 2.46
31
DOM
0344 0.95
1001 1.94
1553 1.13
2223 2.11
16
SÁB
0344 0.66
1002 2.25
1559 0.87
2229 2.34
DG6-62 Original
61
PORTO DE MUCURIPE - FORTALEZA (ESTADO DO CEARÁ) - 2025
Latitude 03° 42'.9 S Longitude 38° 28'.6 W Fuso UTC -03.0 horas
DHN/IBGE 47 Componentes Nível Médio 1.54 m Carta 701
Setembro
HORA ALT(m) HORA ALT(m)
01
SEG
0504 1.01
1123 1.87
1736 1.18
2346 2.10
17
QUA
0116 2.38
0747 0.63
1402 2.29
2001 0.84
02
TER
0634 0.95
1301 1.95
1857 1.10
18
QUI
0214 2.54
0838 0.52
1451 2.46
2047 0.70
03
QUA
0101 2.21
0740 0.81
1402 2.12
1955 0.95
19
SEX
0301 2.67
0916 0.43
1527 2.60
2125 0.58
04
QUI
0201 2.39
0827 0.63
1447 2.32
2038 0.78
20
SÁB
0340 2.76
0951 0.39
1601 2.72
2201 0.48
05
SEX
0246 2.60
0906 0.46
1523 2.54
2116 0.58
21
DOM
0412 2.81
1019 0.37
1631 2.78
2231 0.42
06
SÁB
0325 2.81
0946 0.31
1559 2.74
2157 0.39
22
SEG
0447 2.81
1051 0.37
1701 2.81
2302 0.39
07
DOM
0404 2.99
1019 0.18
1634 2.90
2234 0.23
23
TER
0514 2.77
1117 0.40
1729 2.79
2332 0.41
08
SEG
0447 3.10
1057 0.10
1708 3.01
2312 0.12
24
QUA
0546 2.68
1149 0.46
1757 2.74
09
TER
0525 3.13
1134 0.09
1749 3.04
2357 0.09
25
QUI
0004 0.45
0616 2.56
1216 0.55
1829 2.63
10
QUA
0608 3.07
1212 0.16
1829 2.98
26
SEX
0040 0.54
0651 2.42
1247 0.67
1902 2.50
11
QUI
0040 0.14
0657 2.91
1257 0.30
1914 2.85
27
SÁB
0114 0.66
0729 2.24
1321 0.82
1944 2.35
12
SEX
0127 0.28
0747 2.67
1342 0.51
2004 2.66
28
DOM
0201 0.80
0814 2.07
1402 0.99
2036 2.21
13
SÁB
0223 0.48
0844 2.40
1436 0.76
2106 2.46
29
SEG
0259 0.94
0919 1.93
1502 1.16
2140 2.10
14
DOM
0334 0.67
0955 2.17
1549 0.98
2221 2.30
30
TER
0419 1.02
1044 1.88
1646 1.24
2302 2.09
15
SEG
0504 0.78
1123 2.06
1729 1.07
2355 2.27
16
TER
0638 0.75
1259 2.13
1901 0.99
Outubro
HORA ALT(m) HORA ALT(m)
01
QUA
0553 0.98
1217 1.96
1819 1.16
17
SEX
0157 2.50
0812 0.61
1421 2.46
2023 0.71
02
QUI
0021 2.21
0701 0.85
1321 2.15
1917 0.97
18
SÁB
0238 2.58
0849 0.56
1501 2.58
2101 0.60
03
SEX
0123 2.42
0749 0.67
1406 2.39
2002 0.73
19
DOM
0312 2.65
0917 0.52
1531 2.67
2134 0.50
04
SÁB
0210 2.65
0831 0.47
1447 2.63
2046 0.49
20
SEG
0347 2.67
0949 0.49
1601 2.74
2204 0.43
05
DOM
0255 2.88
0906 0.29
1523 2.86
2125 0.25
21
TER
0417 2.66
1017 0.47
1629 2.76
2236 0.40
06
SEG
0338 3.05
0947 0.15
1601 3.04
2206 0.06
22
QUA
0449 2.62
1049 0.48
1657 2.75
2306 0.39
07
TER
0417 3.15
1025 0.06
1642 3.14
2251 -0.06
23
QUI
0517 2.55
1116 0.52
1727 2.69
2340 0.43
08
QUA
0502 3.16
1106 0.06
1721 3.15
2334 -0.06
24
SEX
0551 2.45
1149 0.60
1759 2.61
09
QUI
0551 3.05
1151 0.14
1806 3.06
25
SÁB
0012 0.51
0625 2.33
1217 0.70
1832 2.49
10
SEX
0021 0.03
0640 2.86
1236 0.31
1857 2.89
26
DOM
0049 0.62
0704 2.20
1255 0.84
1910 2.36
11
SÁB
0112 0.21
0732 2.61
1325 0.54
1953 2.67
27
SEG
0129 0.75
0753 2.07
1338 0.98
2001 2.24
12
DOM
0214 0.44
0834 2.35
1423 0.80
2059 2.45
28
TER
0223 0.88
0853 1.98
1429 1.12
2102 2.16
13
SEG
0329 0.65
0951 2.17
1544 1.00
2216 2.31
29
QUA
0334 0.96
1002 1.95
1551 1.19
2214 2.15
14
TER
0459 0.76
1117 2.11
1723 1.06
2347 2.29
30
QUI
0457 0.96
1117 2.03
1725 1.13
2332 2.24
15
QUA
0621 0.75
1242 2.18
1847 0.97
31
SEX
0604 0.86
1225 2.19
1834 0.94
16
QUI
0102 2.38
0725 0.68
1340 2.32
1942 0.84
Novembro
HORA ALT(m) HORA ALT(m)
01
SÁB
0038 2.41
0701 0.70
1316 2.41
1923 0.69
17
SEG
0247 2.45
0847 0.66
1501 2.56
2108 0.55
02
DOM
0134 2.62
0747 0.51
1402 2.65
2010 0.42
18
TER
0319 2.47
0917 0.61
1532 2.62
2144 0.47
03
SEG
0221 2.82
0831 0.33
1449 2.87
2057 0.17
19
QUA
0357 2.47
0951 0.58
1602 2.65
2216 0.42
04
TER
0306 2.97
0912 0.18
1531 3.04
2144 -0.02
20
QUI
0429 2.45
1023 0.57
1634 2.64
2251 0.40
05
QUA
0357 3.05
0959 0.10
1614 3.14
2229 -0.13
21
SEX
0501 2.41
1057 0.60
1706 2.61
2321 0.43
06
QUI
0446 3.04
1046 0.10
1701 3.14
2317 -0.13
22
SÁB
0536 2.35
1129 0.65
1740 2.56
2357 0.48
07
SEX
0534 2.94
1132 0.18
1751 3.06
23
DOM
0610 2.28
1202 0.73
1812 2.49
08
SÁB
0008 -0.03
0625 2.77
1221 0.34
1844 2.89
24
SEG
0032 0.57
0653 2.21
1242 0.82
1853 2.41
09
DOM
0102 0.15
0721 2.58
1316 0.54
1940 2.69
25
TER
0110 0.66
0736 2.14
1321 0.92
1940 2.33
10
SEG
0204 0.38
0821 2.38
1414 0.75
2044 2.50
26
QUA
0159 0.76
0823 2.09
1408 1.00
2032 2.27
11
TER
0312 0.58
0932 2.24
1527 0.92
2155 2.35
27
QUI
0255 0.84
0921 2.09
1510 1.04
2134 2.25
12
QUA
0429 0.72
1047 2.18
1651 1.00
2314 2.29
28
SEX
0359 0.87
1021 2.14
1625 1.00
2244 2.27
13
QUI
0544 0.78
1159 2.21
1806 0.96
29
SÁB
0504 0.83
1125 2.24
1740 0.87
2351 2.36
14
SEX
0025 2.31
0644 0.78
1257 2.29
1904 0.87
30
DOM
0606 0.73
1225 2.40
1844 0.66
15
SÁB
0121 2.36
0731 0.75
1344 2.38
1953 0.76
16
DOM
0206 2.41
0810 0.71
1423 2.48
2031 0.65
Dezembro
HORA ALT(m) HORA ALT(m)
01
SEG
0055 2.49
0702 0.59
1319 2.58
1938 0.42
17
QUA
0301 2.27
0853 0.73
1506 2.48
2125 0.52
02
TER
0153 2.63
0757 0.44
1414 2.76
2031 0.20
18
QUI
0340 2.31
0931 0.68
1546 2.54
2202 0.44
03
QUA
0246 2.76
0847 0.31
1506 2.92
2123 0.02
19
SEX
0416 2.34
1008 0.65
1619 2.57
2240 0.41
04
QUI
0340 2.83
0938 0.22
1557 3.03
2214 -0.09
20
SÁB
0453 2.35
1046 0.64
1655 2.59
2312 0.40
05
SEX
0431 2.86
1029 0.20
1649 3.06
2306 -0.11
21
DOM
0527 2.36
1119 0.65
1727 2.59
2349 0.42
06
SÁB
0521 2.82
1119 0.24
1740 3.02
22
SEG
0602 2.35
1157 0.68
1802 2.58
07
DOM
0001 -0.04
0614 2.73
1210 0.34
1831 2.91
23
TER
0019 0.47
0642 2.33
1232 0.72
1842 2.54
08
SEG
0053 0.11
0706 2.61
1304 0.48
1923 2.76
24
QUA
0059 0.53
0716 2.31
1310 0.76
1923 2.49
09
TER
0147 0.31
0802 2.48
1359 0.64
2017 2.59
25
QUI
0136 0.61
0801 2.30
1355 0.80
2008 2.44
10
QUA
0244 0.51
0901 2.36
1455 0.80
2116 2.42
26
SEX
0219 0.69
0849 2.28
1444 0.83
2101 2.37
11
QUI
0342 0.69
0959 2.27
1559 0.91
2219 2.28
27
SÁB
0310 0.75
0942 2.28
1544 0.83
2201 2.31
12
SEX
0444 0.82
1057 2.22
1704 0.95
2327 2.20
28
DOM
0410 0.79
1038 2.31
1653 0.79
2306 2.28
13
SÁB
0544 0.89
1157 2.23
1812 0.92
29
SEG
0517 0.78
1142 2.37
1806 0.67
14
DOM
0032 2.17
0638 0.89
1253 2.27
1908 0.84
30
TER
0021 2.31
0627 0.72
1247 2.47
1916 0.50
15
SEG
0129 2.19
0727 0.86
1344 2.33
2001 0.73
31
QUA
0132 2.39
0734 0.62
1355 2.61
2017 0.31
16
TER
0216 2.23
0812 0.79
1429 2.41
2046 0.62
DG6-62 Original
