95
PORTO DE MADRE DE DEUS (ESTADO DA BAHIA) - 2025
Latitude 12° 45' S Longitude 38° 37'.4 W Fuso UTC -03.0 horas
Acelen 80 Componentes Nível Médio 1.51 m Carta 1105
Janeiro
HORA ALT(m) HORA ALT(m)
01
QUA
0506 2.60
1059 0.43
1710 2.69
2323 0.22
17
SEX
0001 0.32
0612 2.50
1157 0.53
1827 2.58
02
QUI
0549 2.60
1136 0.46
1755 2.69
18
SÁB
0029 0.43
0646 2.39
1225 0.62
1901 2.45
03
SEX
0004 0.24
0627 2.55
1214 0.51
1840 2.64
19
DOM
0101 0.57
0716 2.26
1257 0.74
1940 2.29
04
SÁB
0046 0.32
0710 2.46
1259 0.60
1925 2.56
20
SEG
0132 0.73
0759 2.11
1331 0.88
2023 2.13
05
DOM
0129 0.43
0801 2.34
1346 0.71
2017 2.46
21
TER
0212 0.89
0851 1.98
1417 1.02
2125 1.99
06
SEG
0217 0.57
0857 2.22
1442 0.82
2117 2.36
22
QUA
0308 1.04
1004 1.90
1532 1.11
2246 1.93
07
TER
0317 0.71
1002 2.14
1557 0.88
2225 2.29
23
QUI
0436 1.12
1125 1.93
1721 1.10
08
QUA
0432 0.81
1114 2.14
1721 0.86
2338 2.27
24
SEX
0002 1.96
0616 1.07
1231 2.04
1842 0.96
09
QUI
0602 0.83
1223 2.22
1840 0.75
25
SÁB
0108 2.07
0721 0.94
1323 2.19
1940 0.78
10
SEX
0051 2.31
0719 0.77
1327 2.34
1946 0.60
26
DOM
0204 2.22
0808 0.78
1410 2.36
2027 0.58
11
SÁB
0159 2.39
0817 0.67
1423 2.47
2042 0.45
27
SEG
0255 2.39
0853 0.61
1457 2.53
2110 0.38
12
DOM
0259 2.49
0904 0.58
1512 2.59
2131 0.32
28
TER
0338 2.55
0934 0.46
1540 2.69
2155 0.21
13
SEG
0349 2.57
0949 0.50
1601 2.68
2212 0.24
29
QUA
0416 2.69
1010 0.33
1619 2.83
2236 0.09
14
TER
0431 2.62
1023 0.46
1642 2.72
2253 0.21
30
QUI
0457 2.79
1051 0.25
1701 2.92
2312 0.02
15
QUA
0508 2.62
1059 0.45
1717 2.72
2327 0.24
31
SEX
0534 2.82
1125 0.23
1742 2.95
2353 0.04
16
QUI
0544 2.57
1127 0.47
1755 2.67
Fevereiro
HORA ALT(m) HORA ALT(m)
01
SÁB
0608 2.78
1201 0.27
1819 2.91
17
SEG
0023 0.52
0638 2.41
1221 0.62
1855 2.41
02
DOM
0027 0.14
0649 2.66
1236 0.39
1902 2.79
18
TER
0053 0.69
0708 2.26
1251 0.77
1929 2.22
03
SEG
0104 0.31
0729 2.49
1314 0.54
1951 2.60
19
QUA
0121 0.87
0751 2.09
1325 0.93
2017 2.03
04
TER
0146 0.54
0816 2.29
1402 0.73
2047 2.38
20
QUI
0202 1.06
0849 1.95
1419 1.09
2138 1.89
05
QUA
0234 0.79
0919 2.12
1510 0.91
2159 2.19
21
SEX
0316 1.23
1016 1.88
1608 1.18
2316 1.88
06
QUI
0349 1.01
1046 2.03
1701 0.99
2321 2.10
22
SÁB
0542 1.24
1147 1.96
1821 1.06
07
SEX
0559 1.09
1208 2.08
1846 0.88
23
DOM
0044 2.01
0706 1.06
1257 2.14
1925 0.83
08
SÁB
0051 2.15
0734 0.97
1323 2.24
1955 0.68
24
SEG
0147 2.23
0757 0.84
1351 2.37
2012 0.57
09
DOM
0202 2.29
0823 0.80
1419 2.43
2044 0.49
25
TER
0236 2.46
0838 0.60
1438 2.61
2057 0.31
10
SEG
0257 2.45
0902 0.64
1506 2.61
2123 0.34
26
QUA
0316 2.68
0916 0.38
1519 2.83
2138 0.10
11
TER
0340 2.57
0938 0.50
1549 2.74
2201 0.23
27
QUI
0357 2.85
0955 0.20
1602 3.02
2216 -0.05
12
QUA
0412 2.66
1006 0.40
1623 2.81
2232 0.19
28
SEX
0434 2.96
1031 0.10
1642 3.14
2255 -0.10
13
QUI
0447 2.69
1038 0.35
1657 2.83
2302 0.20
14
SEX
0512 2.68
1104 0.34
1725 2.80
2331 0.26
15
SÁB
0542 2.63
1131 0.39
1755 2.71
2359 0.37
16
DOM
0608 2.54
1157 0.49
1821 2.58
Março
HORA ALT(m) HORA ALT(m)
01
SÁB
0508 2.99
1104 0.07
1717 3.16
2329 -0.04
17
SEG
0536 2.64
1129 0.45
1751 2.63
2353 0.55
02
DOM
0547 2.93
1142 0.14
1759 3.07
18
TER
0602 2.52
1155 0.58
1819 2.47
03
SEG
0004 0.12
0621 2.78
1214 0.28
1840 2.88
19
QUA
0016 0.72
0634 2.37
1219 0.72
1855 2.28
04
TER
0040 0.36
0702 2.57
1253 0.49
1925 2.61
20
QUI
0046 0.91
0710 2.21
1257 0.89
1940 2.09
05
QUA
0116 0.65
0749 2.33
1338 0.74
2023 2.32
21
SEX
0121 1.11
0802 2.05
1344 1.06
2055 1.93
06
QUI
0202 0.96
0853 2.10
1447 0.98
2144 2.08
22
SÁB
0229 1.29
0921 1.94
1521 1.18
2240 1.91
07
SEX
0325 1.22
1023 1.99
1710 1.06
2319 2.01
23
DOM
0516 1.31
1101 1.98
1755 1.07
08
SÁB
0627 1.22
1202 2.06
1853 0.91
24
SEG
0012 2.06
0642 1.11
1221 2.16
1901 0.82
09
DOM
0057 2.12
0734 1.04
1316 2.26
1949 0.70
25
TER
0116 2.29
0731 0.85
1321 2.42
1949 0.54
10
SEG
0157 2.30
0812 0.84
1408 2.47
2029 0.53
26
QUA
0204 2.55
0810 0.58
1410 2.70
2032 0.28
11
TER
0242 2.47
0846 0.66
1453 2.65
2102 0.38
27
QUI
0249 2.77
0853 0.34
1455 2.95
2110 0.06
12
QUA
0314 2.60
0912 0.50
1525 2.77
2134 0.29
28
SEX
0327 2.94
0929 0.16
1538 3.13
2153 -0.06
13
QUI
0349 2.69
0944 0.39
1601 2.85
2202 0.24
29
SÁB
0404 3.04
1006 0.05
1616 3.23
2229 -0.07
14
SEX
0414 2.74
1008 0.32
1627 2.87
2232 0.24
30
DOM
0446 3.05
1046 0.04
1659 3.21
2306 0.03
15
SÁB
0444 2.74
1038 0.31
1657 2.84
2301 0.29
31
SEG
0519 2.96
1119 0.12
1740 3.07
2344 0.25
16
DOM
0508 2.71
1104 0.36
1721 2.76
2327 0.40
Abril
HORA ALT(m) HORA ALT(m)
01
TER
0559 2.80
1159 0.29
1819 2.84
17
QUI
0608 2.44
1202 0.70
1836 2.32
02
QUA
0017 0.53
0642 2.58
1240 0.52
1908 2.55
18
SEX
0021 0.96
0649 2.30
1242 0.85
1921 2.15
03
QUI
0057 0.83
0729 2.34
1329 0.78
2010 2.25
19
SÁB
0104 1.13
0742 2.15
1332 1.00
2034 2.02
04
SEX
0147 1.12
0838 2.13
1447 1.01
2136 2.05
20
DOM
0219 1.28
0857 2.06
1506 1.10
2204 2.01
05
SÁB
0334 1.32
1008 2.04
1701 1.05
2314 2.03
21
SEG
0434 1.28
1021 2.08
1708 1.02
2331 2.14
06
DOM
0604 1.25
1144 2.11
1829 0.93
22
TER
0559 1.09
1140 2.24
1821 0.80
07
SEG
0036 2.15
0702 1.07
1251 2.29
1919 0.76
23
QUA
0036 2.35
0653 0.84
1244 2.48
1912 0.55
08
TER
0127 2.31
0742 0.88
1342 2.47
1959 0.62
24
QUI
0125 2.58
0738 0.59
1336 2.73
2001 0.31
09
QUA
0206 2.47
0810 0.71
1421 2.62
2031 0.50
25
SEX
0210 2.78
0817 0.37
1423 2.94
2044 0.15
10
QUI
0244 2.58
0842 0.56
1459 2.73
2101 0.41
26
SÁB
0255 2.92
0901 0.20
1508 3.09
2123 0.07
11
SEX
0312 2.67
0908 0.45
1529 2.79
2131 0.36
27
DOM
0336 2.99
0944 0.11
1555 3.15
2204 0.10
12
SÁB
0344 2.72
0942 0.39
1601 2.81
2201 0.35
28
SEG
0416 2.98
1023 0.10
1640 3.09
2246 0.23
13
DOM
0408 2.74
1008 0.37
1627 2.78
2229 0.40
29
TER
0459 2.90
1104 0.18
1723 2.95
2323 0.44
14
SEG
0438 2.72
1040 0.40
1657 2.72
2259 0.49
30
QUA
0544 2.75
1149 0.34
1810 2.73
15
TER
0504 2.66
1104 0.47
1725 2.61
2325 0.63
16
QUA
0536 2.57
1134 0.58
1759 2.48
2353 0.79
DG6-62 Original
96
PORTO DE MADRE DE DEUS (ESTADO DA BAHIA) - 2025
Latitude 12° 45' S Longitude 38° 37'.4 W Fuso UTC -03.0 horas
Acelen 80 Componentes Nível Médio 1.51 m Carta 1105
Maio
HORA ALT(m) HORA ALT(m)
01
QUI
0002 0.69
0627 2.56
1234 0.54
1902 2.48
17
SÁB
0016 0.93
0640 2.37
1240 0.75
1916 2.25
02
SEX
0047 0.94
0719 2.37
1327 0.75
2002 2.25
18
DOM
0104 1.05
0732 2.27
1334 0.86
2016 2.16
03
SÁB
0144 1.15
0823 2.22
1440 0.93
2114 2.10
19
SEG
0212 1.14
0836 2.21
1447 0.92
2131 2.14
04
DOM
0312 1.27
0942 2.14
1612 1.01
2236 2.07
20
TER
0342 1.13
0949 2.23
1614 0.89
2246 2.22
05
SEG
0501 1.23
1101 2.17
1734 0.97
2349 2.14
21
QUA
0502 1.02
1059 2.33
1731 0.77
2351 2.35
06
TER
0606 1.10
1204 2.27
1832 0.87
22
QUI
0604 0.84
1201 2.49
1832 0.60
07
QUA
0044 2.26
0651 0.95
1301 2.39
1916 0.76
23
SEX
0046 2.52
0657 0.64
1259 2.66
1925 0.44
08
QUI
0125 2.39
0727 0.80
1346 2.50
1953 0.65
24
SÁB
0134 2.66
0747 0.45
1353 2.81
2012 0.33
09
SEX
0202 2.50
0802 0.66
1423 2.59
2025 0.57
25
DOM
0221 2.77
0834 0.31
1447 2.91
2101 0.29
10
SÁB
0238 2.58
0838 0.56
1501 2.64
2059 0.52
26
SEG
0308 2.83
0921 0.22
1538 2.94
2147 0.32
11
DOM
0308 2.63
0910 0.49
1532 2.66
2131 0.50
27
TER
0357 2.84
1008 0.19
1627 2.90
2229 0.42
12
SEG
0342 2.66
0946 0.46
1604 2.65
2202 0.53
28
QUA
0446 2.79
1059 0.23
1714 2.80
2312 0.56
13
TER
0410 2.66
1016 0.46
1638 2.62
2234 0.59
29
QUI
0531 2.70
1146 0.33
1802 2.65
2357 0.72
14
QUA
0444 2.63
1049 0.49
1708 2.56
2306 0.69
30
SEX
0617 2.59
1231 0.47
1853 2.48
15
QUI
0516 2.57
1121 0.55
1747 2.47
2340 0.80
31
SÁB
0040 0.87
0706 2.46
1317 0.63
1944 2.31
16
SEX
0555 2.48
1159 0.64
1827 2.36
Junho
HORA ALT(m) HORA ALT(m)
01
DOM
0125 1.00
0801 2.34
1408 0.78
2036 2.17
17
TER
0151 0.89
0812 2.39
1417 0.69
2055 2.26
02
SEG
0219 1.09
0901 2.24
1506 0.91
2140 2.10
18
QUA
0253 0.92
0912 2.36
1523 0.74
2159 2.25
03
TER
0329 1.13
1004 2.19
1616 0.97
2246 2.09
19
QUI
0402 0.91
1016 2.37
1636 0.75
2304 2.29
04
QUA
0444 1.10
1108 2.20
1725 0.96
2346 2.15
20
SEX
0514 0.83
1121 2.42
1749 0.70
05
QUI
0549 1.01
1208 2.24
1823 0.90
21
SÁB
0006 2.37
0619 0.70
1227 2.49
1855 0.63
06
SEX
0038 2.24
0642 0.90
1302 2.31
1910 0.82
22
DOM
0104 2.48
0721 0.55
1331 2.58
1955 0.55
07
SÁB
0121 2.34
0725 0.78
1351 2.38
1953 0.73
23
SEG
0201 2.57
0817 0.41
1432 2.65
2047 0.50
08
DOM
0202 2.43
0806 0.67
1432 2.44
2031 0.67
24
TER
0255 2.65
0912 0.29
1529 2.71
2136 0.48
09
SEG
0240 2.50
0846 0.58
1510 2.49
2106 0.62
25
QUA
0346 2.71
1002 0.21
1619 2.73
2221 0.49
10
TER
0314 2.55
0923 0.51
1549 2.52
2144 0.61
26
QUI
0434 2.73
1053 0.19
1706 2.71
2302 0.53
11
QUA
0351 2.58
1001 0.46
1625 2.54
2217 0.62
27
SEX
0519 2.71
1134 0.24
1751 2.63
2344 0.59
12
QUI
0427 2.59
1040 0.44
1702 2.53
2257 0.64
28
SÁB
0602 2.66
1214 0.33
1831 2.52
13
SEX
0504 2.58
1116 0.45
1742 2.51
2332 0.69
29
DOM
0017 0.67
0647 2.57
1253 0.46
1908 2.39
14
SÁB
0547 2.55
1157 0.48
1819 2.46
30
SEG
0055 0.76
0727 2.45
1329 0.62
1951 2.25
15
DOM
0012 0.76
0631 2.50
1238 0.55
1904 2.39
16
SEG
0059 0.83
0717 2.44
1323 0.62
1957 2.32
Julho
HORA ALT(m) HORA ALT(m)
01
TER
0131 0.86
0812 2.31
1408 0.77
2038 2.13
17
QUI
0208 0.72
0842 2.42
1440 0.65
2116 2.22
02
QUA
0216 0.95
0904 2.18
1457 0.91
2136 2.04
18
SEX
0312 0.81
0946 2.31
1547 0.79
2225 2.17
03
QUI
0316 1.03
1006 2.09
1602 1.01
2244 2.02
19
SÁB
0432 0.84
1057 2.25
1714 0.87
2340 2.19
04
SEX
0434 1.05
1114 2.05
1721 1.03
2349 2.07
20
DOM
0601 0.77
1210 2.26
1844 0.83
05
SÁB
0553 0.99
1219 2.09
1832 0.97
21
SEG
0049 2.28
0716 0.63
1325 2.35
1953 0.72
06
DOM
0044 2.16
0653 0.88
1317 2.16
1925 0.87
22
TER
0151 2.41
0817 0.45
1431 2.47
2046 0.60
07
SEG
0131 2.26
0744 0.75
1408 2.26
2010 0.77
23
QUA
0249 2.55
0910 0.28
1523 2.59
2131 0.50
08
TER
0212 2.36
0827 0.61
1455 2.36
2051 0.67
24
QUI
0338 2.66
0957 0.16
1610 2.66
2208 0.42
09
QUA
0255 2.46
0908 0.48
1536 2.45
2129 0.59
25
SEX
0421 2.74
1038 0.11
1653 2.69
2247 0.39
10
QUI
0336 2.54
0951 0.37
1612 2.53
2206 0.52
26
SÁB
0502 2.77
1112 0.13
1727 2.65
2317 0.40
11
SEX
0414 2.62
1031 0.29
1653 2.59
2247 0.48
27
DOM
0542 2.74
1149 0.20
1801 2.58
2351 0.45
12
SÁB
0457 2.67
1108 0.25
1729 2.61
2321 0.47
28
SEG
0614 2.65
1216 0.33
1832 2.46
13
DOM
0536 2.69
1147 0.24
1806 2.60
29
TER
0017 0.53
0649 2.51
1249 0.49
1904 2.33
14
SEG
0001 0.48
0616 2.68
1223 0.29
1847 2.54
30
QUA
0049 0.65
0723 2.34
1317 0.66
1944 2.17
15
TER
0038 0.54
0701 2.63
1302 0.38
1929 2.44
31
QUI
0121 0.79
0806 2.16
1357 0.84
2029 2.02
16
QUA
0119 0.62
0747 2.53
1347 0.50
2017 2.33
Agosto
HORA ALT(m) HORA ALT(m)
01
SEX
0204 0.94
0902 1.99
1444 1.02
2136 1.92
17
DOM
0412 0.90
1046 2.06
1710 1.06
2325 2.04
02
SÁB
0310 1.06
1019 1.88
1610 1.13
2257 1.90
18
SEG
0608 0.82
1214 2.09
1859 0.95
03
DOM
0459 1.08
1146 1.89
1801 1.11
19
TER
0047 2.17
0725 0.62
1334 2.24
1959 0.77
04
SEG
0004 1.99
0631 0.96
1257 2.00
1908 0.98
20
QUA
0151 2.36
0817 0.41
1429 2.42
2042 0.59
05
TER
0102 2.12
0727 0.78
1353 2.16
1957 0.82
21
QUI
0242 2.55
0901 0.23
1512 2.57
2114 0.44
06
QUA
0153 2.28
0814 0.58
1440 2.32
2036 0.65
22
SEX
0323 2.70
0940 0.12
1555 2.66
2151 0.33
07
QUI
0238 2.44
0857 0.39
1517 2.48
2114 0.49
23
SÁB
0402 2.79
1012 0.07
1625 2.69
2217 0.27
08
SEX
0317 2.59
0936 0.22
1559 2.62
2153 0.35
24
DOM
0440 2.81
1046 0.08
1659 2.68
2251 0.26
09
SÁB
0401 2.73
1012 0.09
1634 2.71
2229 0.26
25
SEG
0508 2.77
1112 0.15
1725 2.62
2316 0.30
10
DOM
0440 2.83
1053 0.02
1708 2.76
2304 0.21
26
TER
0542 2.68
1142 0.27
1755 2.52
2346 0.40
11
SEG
0516 2.88
1127 0.02
1746 2.75
2340 0.22
27
QUA
0608 2.53
1206 0.43
1821 2.39
12
TER
0557 2.86
1202 0.09
1819 2.67
28
QUI
0010 0.53
0642 2.35
1234 0.62
1855 2.23
13
QUA
0014 0.30
0636 2.76
1238 0.23
1901 2.53
29
SEX
0040 0.69
0714 2.14
1302 0.82
1934 2.05
14
QUI
0053 0.43
0719 2.59
1314 0.44
1947 2.35
30
SÁB
0114 0.86
0802 1.93
1344 1.03
2031 1.89
15
SEX
0136 0.60
0810 2.38
1401 0.69
2044 2.16
31
DOM
0206 1.02
0923 1.78
1455 1.21
2201 1.81
16
SÁB
0236 0.78
0917 2.17
1506 0.93
2201 2.03
DG6-62 Original
97
PORTO DE MADRE DE DEUS (ESTADO DA BAHIA) - 2025
Latitude 12° 45' S Longitude 38° 37'.4 W Fuso UTC -03.0 horas
Acelen 80 Componentes Nível Médio 1.51 m Carta 1105
Setembro
HORA ALT(m) HORA ALT(m)
01
SEG
0351 1.12
1110 1.78
1740 1.21
2329 1.88
17
QUA
0044 2.18
0719 0.59
1329 2.25
1947 0.76
02
TER
0610 1.00
1236 1.93
1853 1.03
18
QUI
0140 2.39
0802 0.39
1412 2.43
2019 0.57
03
QUA
0036 2.05
0710 0.77
1332 2.14
1938 0.82
19
SEX
0223 2.58
0840 0.25
1453 2.56
2051 0.42
04
QUI
0129 2.26
0755 0.53
1414 2.36
2014 0.59
20
SÁB
0302 2.71
0910 0.16
1525 2.64
2119 0.30
05
SEX
0214 2.48
0834 0.29
1455 2.56
2053 0.37
21
DOM
0340 2.77
0944 0.12
1557 2.68
2151 0.24
06
SÁB
0257 2.69
0910 0.09
1531 2.73
2129 0.20
22
SEG
0408 2.78
1010 0.13
1623 2.68
2216 0.23
07
DOM
0338 2.86
0951 -0.06
1606 2.84
2204 0.08
23
TER
0440 2.73
1040 0.19
1653 2.64
2247 0.27
08
SEG
0414 2.98
1025 -0.13
1644 2.89
2242 0.03
24
QUA
0506 2.64
1104 0.30
1717 2.55
2312 0.36
09
TER
0455 3.02
1102 -0.11
1717 2.85
2314 0.06
25
QUI
0536 2.51
1132 0.45
1747 2.43
2342 0.49
10
QUA
0532 2.96
1138 0.03
1755 2.74
2351 0.17
26
SEX
0604 2.34
1159 0.63
1816 2.28
11
QUI
0612 2.80
1210 0.24
1834 2.55
27
SÁB
0006 0.64
0638 2.14
1223 0.84
1853 2.11
12
SEX
0029 0.35
0659 2.56
1247 0.52
1917 2.32
28
DOM
0042 0.80
0721 1.94
1301 1.04
1946 1.93
13
SÁB
0112 0.58
0753 2.28
1331 0.83
2019 2.09
29
SEG
0129 0.97
0838 1.77
1402 1.24
2108 1.82
14
DOM
0216 0.81
0908 2.03
1446 1.11
2149 1.95
30
TER
0302 1.09
1036 1.76
1704 1.27
2249 1.87
15
SEG
0421 0.93
1051 1.94
1746 1.16
2323 2.00
16
TER
0617 0.80
1225 2.06
1902 0.97
Outubro
HORA ALT(m) HORA ALT(m)
01
QUA
0534 1.00
1204 1.93
1821 1.06
17
SEX
0110 2.39
0736 0.50
1346 2.39
1949 0.63
02
QUI
0002 2.04
0638 0.77
1301 2.16
1904 0.82
18
SÁB
0157 2.54
0808 0.38
1419 2.51
2016 0.48
03
SEX
0059 2.28
0723 0.51
1346 2.40
1946 0.56
19
DOM
0236 2.63
0842 0.30
1455 2.60
2049 0.37
04
SÁB
0146 2.53
0802 0.25
1421 2.62
2021 0.33
20
SEG
0308 2.68
0908 0.26
1523 2.64
2117 0.31
05
DOM
0227 2.75
0844 0.04
1501 2.80
2101 0.14
21
TER
0344 2.67
0940 0.26
1555 2.64
2149 0.29
06
SEG
0308 2.94
0921 -0.09
1538 2.90
2138 0.01
22
QUA
0412 2.63
1006 0.30
1619 2.62
2217 0.32
07
TER
0351 3.04
1001 -0.14
1614 2.93
2214 -0.03
23
QUI
0442 2.56
1038 0.39
1649 2.56
2249 0.38
08
QUA
0431 3.04
1038 -0.06
1653 2.88
2255 0.02
24
SEX
0510 2.46
1104 0.51
1717 2.46
2316 0.48
09
QUI
0512 2.95
1112 0.11
1732 2.74
2332 0.15
25
SÁB
0544 2.33
1131 0.67
1751 2.34
2349 0.60
10
SEX
0557 2.75
1149 0.37
1812 2.54
26
DOM
0617 2.17
1201 0.84
1827 2.18
11
SÁB
0014 0.36
0646 2.48
1225 0.67
1902 2.30
27
SEG
0023 0.74
0702 2.01
1240 1.02
1919 2.03
12
DOM
0104 0.60
0746 2.19
1314 0.97
2008 2.09
28
TER
0114 0.88
0808 1.87
1342 1.19
2034 1.93
13
SEG
0216 0.82
0904 1.98
1442 1.20
2140 1.99
29
QUA
0231 0.99
0947 1.84
1547 1.23
2202 1.95
14
TER
0417 0.90
1046 1.94
1734 1.18
2306 2.05
30
QUI
0425 0.96
1114 1.96
1729 1.07
2316 2.09
15
QUA
0557 0.80
1206 2.07
1838 0.99
31
SEX
0549 0.78
1216 2.17
1823 0.84
16
QUI
0017 2.21
0655 0.64
1302 2.24
1916 0.80
Novembro
HORA ALT(m) HORA ALT(m)
01
SÁB
0014 2.30
0642 0.55
1302 2.39
1904 0.60
17
SEG
0204 2.46
0806 0.51
1421 2.48
2016 0.52
02
DOM
0106 2.53
0727 0.32
1347 2.60
1947 0.37
18
TER
0246 2.50
0842 0.46
1457 2.54
2053 0.44
03
SEG
0155 2.73
0810 0.13
1427 2.76
2029 0.19
19
QUA
0319 2.52
0912 0.43
1527 2.57
2125 0.40
04
TER
0242 2.89
0855 0.02
1506 2.86
2110 0.06
20
QUI
0355 2.51
0946 0.44
1559 2.57
2159 0.38
05
QUA
0327 2.97
0936 0.01
1551 2.89
2155 0.02
21
SEX
0425 2.48
1014 0.48
1629 2.54
2232 0.41
06
QUI
0412 2.96
1014 0.10
1632 2.83
2238 0.06
22
SÁB
0459 2.43
1047 0.56
1701 2.49
2304 0.46
07
SEX
0501 2.85
1057 0.27
1716 2.71
2321 0.18
23
DOM
0532 2.35
1116 0.66
1736 2.40
2342 0.53
08
SÁB
0549 2.67
1136 0.50
1802 2.54
24
SEG
0608 2.25
1153 0.78
1816 2.30
09
DOM
0010 0.35
0640 2.44
1217 0.75
1859 2.36
25
TER
0019 0.63
0655 2.15
1232 0.91
1906 2.20
10
SEG
0102 0.55
0740 2.21
1308 0.98
2001 2.20
26
QUA
0106 0.73
0749 2.05
1327 1.02
2006 2.12
11
TER
0208 0.73
0849 2.04
1419 1.14
2112 2.11
27
QUI
0206 0.81
0859 2.00
1444 1.07
2114 2.11
12
QUA
0331 0.84
1006 1.98
1616 1.16
2229 2.12
28
SEX
0319 0.83
1012 2.03
1612 1.02
2223 2.18
13
QUI
0459 0.85
1119 2.03
1738 1.05
2336 2.20
29
SÁB
0442 0.77
1119 2.15
1725 0.88
2329 2.30
14
SEX
0606 0.78
1217 2.15
1827 0.90
30
DOM
0551 0.63
1217 2.31
1821 0.68
15
SÁB
0032 2.30
0655 0.69
1304 2.28
1906 0.75
16
DOM
0119 2.39
0732 0.60
1347 2.39
1942 0.62
Dezembro
HORA ALT(m) HORA ALT(m)
01
SEG
0027 2.46
0651 0.48
1308 2.48
1912 0.49
17
QUA
0221 2.31
0817 0.66
1431 2.41
2032 0.58
02
TER
0123 2.61
0744 0.35
1359 2.63
2002 0.32
18
QUI
0302 2.38
0857 0.59
1506 2.48
2110 0.49
03
QUA
0217 2.73
0832 0.26
1446 2.73
2055 0.18
19
SEX
0344 2.42
0931 0.55
1544 2.53
2149 0.42
04
QUI
0310 2.80
0917 0.24
1532 2.78
2144 0.11
20
SÁB
0416 2.45
1004 0.53
1616 2.55
2223 0.39
05
SEX
0402 2.82
1004 0.28
1619 2.77
2232 0.10
21
DOM
0453 2.46
1040 0.54
1653 2.56
2301 0.38
06
SÁB
0455 2.77
1049 0.38
1706 2.72
2319 0.16
22
SEG
0525 2.45
1112 0.57
1729 2.53
2336 0.40
07
DOM
0544 2.66
1131 0.52
1759 2.63
23
TER
0602 2.41
1147 0.62
1808 2.49
08
SEG
0006 0.27
0631 2.50
1210 0.67
1849 2.51
24
QUA
0014 0.45
0642 2.35
1223 0.69
1853 2.43
09
TER
0055 0.42
0717 2.33
1255 0.82
1940 2.38
25
QUI
0055 0.51
0723 2.27
1306 0.76
1942 2.37
10
QUA
0142 0.59
0810 2.17
1342 0.94
2036 2.27
26
SEX
0140 0.60
0812 2.19
1401 0.84
2036 2.30
11
QUI
0232 0.75
0908 2.05
1438 1.03
2138 2.18
27
SÁB
0232 0.68
0914 2.13
1502 0.89
2138 2.27
12
SEX
0331 0.87
1014 1.99
1553 1.06
2244 2.13
28
DOM
0338 0.74
1023 2.13
1621 0.88
2246 2.28
13
SÁB
0442 0.92
1119 2.02
1714 1.02
2346 2.14
29
SEG
0457 0.76
1134 2.19
1740 0.79
2355 2.33
14
DOM
0555 0.91
1217 2.10
1817 0.92
30
TER
0616 0.71
1240 2.31
1851 0.64
15
SEG
0044 2.18
0653 0.84
1308 2.22
1908 0.81
31
QUA
0102 2.42
0725 0.61
1338 2.45
1953 0.47
16
TER
0136 2.25
0740 0.75
1355 2.33
1953 0.69
DG6-62 Original
