98
PORTO DE ARATU - BASE NAVAL (ESTADO DA BAHIA) - 2025
Latitude 12° 47'.7 S Longitude 38° 29'.7 W Fuso UTC -03.0 horas
DHN 29 Componentes Nível Médio 1.37 m Carta 1103
Janeiro
HORA ALT(m) HORA ALT(m)
01
QUA
0508 2.40
1101 0.39
1714 2.45
2323 0.20
17
SEX
0616 2.26
1159 0.51
1831 2.34
02
QUI
0551 2.38
1142 0.43
1759 2.43
18
SÁB
0034 0.37
0653 2.15
1234 0.61
1904 2.22
03
SEX
0004 0.23
0634 2.31
1223 0.50
1842 2.37
19
DOM
0108 0.52
0729 2.03
1310 0.73
1946 2.09
04
SÁB
0049 0.31
0719 2.23
1308 0.58
1931 2.30
20
SEG
0147 0.68
0806 1.91
1351 0.85
2029 1.95
05
DOM
0136 0.43
0808 2.13
1401 0.68
2023 2.20
21
TER
0229 0.83
0857 1.81
1442 0.96
2123 1.83
06
SEG
0231 0.57
0904 2.04
1502 0.76
2125 2.12
22
QUA
0329 0.96
1001 1.75
1555 1.03
2232 1.76
07
TER
0336 0.69
1006 1.99
1617 0.79
2232 2.07
23
QUI
0457 1.03
1108 1.74
1731 1.02
2353 1.77
08
QUA
0453 0.76
1117 1.99
1740 0.75
2344 2.06
24
SEX
0627 0.99
1225 1.82
1853 0.90
09
QUI
0616 0.76
1229 2.06
1847 0.64
25
SÁB
0110 1.87
0732 0.86
1327 1.96
1949 0.72
10
SEX
0055 2.11
0725 0.69
1329 2.17
1947 0.50
26
DOM
0208 2.03
0816 0.71
1416 2.13
2034 0.52
11
SÁB
0201 2.21
0814 0.59
1419 2.30
2038 0.36
27
SEG
0257 2.21
0857 0.54
1501 2.31
2114 0.33
12
DOM
0257 2.31
0859 0.50
1506 2.41
2121 0.25
28
TER
0338 2.36
0934 0.40
1542 2.46
2155 0.17
13
SEG
0344 2.39
0938 0.44
1553 2.49
2202 0.17
29
QUA
0414 2.49
1010 0.29
1619 2.58
2232 0.06
14
TER
0423 2.42
1012 0.40
1636 2.52
2246 0.15
30
QUI
0455 2.56
1049 0.22
1701 2.64
2310 0.02
15
QUA
0502 2.41
1051 0.40
1714 2.50
2319 0.18
31
SEX
0532 2.56
1127 0.22
1742 2.65
2351 0.05
16
QUI
0542 2.35
1123 0.44
1755 2.44
2359 0.25
Fevereiro
HORA ALT(m) HORA ALT(m)
01
SÁB
0610 2.51
1204 0.27
1821 2.58
17
SEG
0029 0.43
0640 2.16
1232 0.57
1859 2.17
02
DOM
0027 0.16
0653 2.40
1247 0.37
1904 2.47
18
TER
0059 0.60
0712 2.02
1302 0.71
1934 2.01
03
SEG
0108 0.32
0738 2.25
1329 0.52
1955 2.30
19
QUA
0127 0.78
0751 1.88
1340 0.85
2021 1.84
04
TER
0155 0.53
0827 2.09
1419 0.67
2053 2.12
20
QUI
0208 0.96
0849 1.74
1431 0.99
2138 1.70
05
QUA
0249 0.75
0927 1.95
1532 0.81
2202 1.97
21
SEX
0325 1.12
1010 1.67
1616 1.07
2314 1.67
06
QUI
0404 0.93
1046 1.87
1710 0.85
2321 1.89
22
SÁB
0546 1.13
1147 1.72
1825 0.97
07
SEX
0604 0.97
1212 1.91
1842 0.76
23
DOM
0053 1.79
0714 0.96
1302 1.90
1931 0.75
08
SÁB
0053 1.94
0725 0.87
1319 2.04
1947 0.60
24
SEG
0155 2.00
0801 0.75
1357 2.12
2016 0.51
09
DOM
0202 2.07
0812 0.73
1412 2.20
2036 0.44
25
TER
0240 2.23
0840 0.52
1442 2.35
2057 0.27
10
SEG
0253 2.22
0855 0.59
1501 2.36
2114 0.29
26
QUA
0316 2.43
0914 0.32
1519 2.56
2136 0.07
11
TER
0332 2.34
0925 0.47
1542 2.48
2153 0.18
27
QUI
0355 2.60
0953 0.16
1601 2.71
2212 -0.06
12
QUA
0406 2.42
0959 0.38
1617 2.55
2225 0.12
28
SEX
0431 2.69
1027 0.06
1640 2.79
2251 -0.10
13
QUI
0444 2.45
1031 0.33
1655 2.57
2259 0.12
14
SEX
0512 2.43
1102 0.32
1725 2.53
2331 0.18
15
SÁB
0544 2.37
1132 0.36
1757 2.45
16
DOM
0001 0.28
0610 2.28
1202 0.45
1827 2.32
Março
HORA ALT(m) HORA ALT(m)
01
SÁB
0504 2.71
1104 0.04
1717 2.79
2325 -0.05
17
SEG
0534 2.35
1132 0.37
1757 2.35
2355 0.42
02
DOM
0546 2.64
1144 0.10
1801 2.70
18
TER
0602 2.23
1201 0.49
1825 2.19
03
SEG
0002 0.09
0623 2.50
1221 0.24
1844 2.53
19
QUA
0019 0.59
0632 2.08
1229 0.63
1901 2.02
04
TER
0042 0.31
0704 2.31
1302 0.42
1931 2.31
20
QUI
0049 0.77
0710 1.92
1304 0.77
1940 1.84
05
QUA
0121 0.57
0755 2.10
1353 0.63
2029 2.06
21
SEX
0123 0.95
0802 1.77
1355 0.93
2059 1.68
06
QUI
0210 0.84
0859 1.91
1501 0.83
2146 1.86
22
SÁB
0231 1.13
0938 1.67
1527 1.03
2253 1.66
07
SEX
0329 1.06
1021 1.80
1657 0.91
2317 1.78
23
DOM
0504 1.17
1112 1.72
1749 0.95
08
SÁB
0616 1.10
1201 1.84
1842 0.81
24
SEG
0025 1.80
0644 0.99
1232 1.91
1901 0.72
09
DOM
0057 1.87
0723 0.95
1308 1.99
1944 0.63
25
TER
0125 2.02
0732 0.74
1327 2.15
1949 0.46
10
SEG
0157 2.03
0804 0.78
1402 2.17
2023 0.46
26
QUA
0208 2.26
0810 0.49
1410 2.40
2031 0.22
11
TER
0238 2.18
0838 0.62
1446 2.33
2101 0.31
27
QUI
0249 2.48
0849 0.25
1455 2.61
2108 0.03
12
QUA
0310 2.32
0906 0.47
1519 2.46
2131 0.20
28
SEX
0325 2.64
0925 0.08
1536 2.77
2149 -0.08
13
QUI
0346 2.41
0938 0.35
1557 2.55
2201 0.13
29
SÁB
0402 2.74
1002 -0.03
1614 2.84
2225 -0.10
14
SEX
0412 2.46
1004 0.27
1627 2.57
2231 0.13
30
DOM
0442 2.75
1044 -0.04
1659 2.82
2302 -0.02
15
SÁB
0442 2.47
1036 0.25
1657 2.55
2301 0.17
31
SEG
0517 2.68
1119 0.04
1742 2.70
2342 0.15
16
DOM
0506 2.43
1104 0.29
1725 2.47
2327 0.28
Abril
HORA ALT(m) HORA ALT(m)
01
TER
0559 2.53
1201 0.18
1823 2.50
17
QUI
0610 2.10
1210 0.59
1844 2.00
02
QUA
0017 0.38
0644 2.32
1246 0.39
1914 2.25
18
SEX
0027 0.79
0649 1.96
1253 0.72
1932 1.85
03
QUI
0059 0.65
0736 2.10
1336 0.62
2014 2.00
19
SÁB
0110 0.95
0747 1.83
1346 0.85
2055 1.74
04
SEX
0147 0.92
0844 1.90
1447 0.82
2131 1.81
20
DOM
0225 1.09
0910 1.76
1512 0.93
2219 1.74
05
SÁB
0310 1.13
1008 1.80
1644 0.89
2310 1.76
21
SEG
0419 1.11
1038 1.81
1704 0.85
2342 1.86
06
DOM
0601 1.12
1142 1.84
1823 0.80
22
TER
0557 0.95
1151 1.97
1817 0.67
07
SEG
0040 1.85
0702 0.97
1249 1.98
1919 0.65
23
QUA
0046 2.05
0653 0.71
1249 2.19
1912 0.45
08
TER
0131 2.00
0742 0.80
1338 2.13
1959 0.50
24
QUI
0134 2.27
0738 0.47
1338 2.41
1959 0.25
09
QUA
0208 2.14
0808 0.64
1416 2.28
2032 0.38
25
SEX
0214 2.46
0817 0.25
1423 2.59
2042 0.09
10
QUI
0244 2.26
0840 0.49
1455 2.39
2102 0.28
26
SÁB
0257 2.62
0859 0.08
1508 2.72
2121 0.01
11
SEX
0310 2.36
0908 0.37
1525 2.46
2132 0.22
27
DOM
0336 2.70
0940 -0.01
1555 2.77
2202 0.01
12
SÁB
0342 2.42
0938 0.29
1557 2.50
2201 0.21
28
SEG
0414 2.71
1019 -0.02
1640 2.73
2242 0.10
13
DOM
0406 2.45
1006 0.27
1627 2.48
2231 0.25
29
TER
0457 2.64
1102 0.05
1723 2.61
2319 0.26
14
SEG
0436 2.42
1038 0.29
1659 2.41
2259 0.34
30
QUA
0542 2.50
1147 0.20
1810 2.42
15
TER
0504 2.35
1106 0.36
1731 2.30
2327 0.47
16
QUA
0536 2.24
1138 0.47
1804 2.16
2357 0.62
DG6-62 Original
99
PORTO DE ARATU - BASE NAVAL (ESTADO DA BAHIA) - 2025
Latitude 12° 47'.7 S Longitude 38° 29'.7 W Fuso UTC -03.0 horas
DHN 29 Componentes Nível Médio 1.37 m Carta 1103
Maio
HORA ALT(m) HORA ALT(m)
01
QUI
0001 0.47
0627 2.31
1232 0.38
1904 2.20
17
SÁB
0021 0.77
0647 2.03
1249 0.63
1934 1.93
02
SEX
0044 0.71
0721 2.12
1325 0.58
2004 1.99
18
DOM
0112 0.89
0744 1.95
1344 0.72
2042 1.86
03
SÁB
0136 0.93
0827 1.96
1436 0.75
2114 1.84
19
SEG
0217 0.97
0851 1.92
1457 0.76
2151 1.87
04
DOM
0257 1.09
0946 1.88
1608 0.83
2240 1.79
20
TER
0342 0.97
1001 1.96
1617 0.73
2257 1.94
05
SEG
0459 1.10
1102 1.89
1736 0.79
2357 1.85
21
QUA
0502 0.87
1106 2.06
1731 0.63
2357 2.07
06
TER
0614 0.99
1206 1.96
1838 0.70
22
QUI
0608 0.69
1206 2.20
1831 0.50
07
QUA
0053 1.95
0659 0.85
1259 2.07
1919 0.60
23
SEX
0053 2.22
0701 0.49
1302 2.35
1925 0.36
08
QUI
0131 2.06
0734 0.70
1344 2.17
1957 0.51
24
SÁB
0142 2.38
0749 0.31
1355 2.49
2014 0.25
09
SEX
0204 2.17
0804 0.57
1417 2.26
2031 0.43
25
DOM
0225 2.51
0834 0.17
1447 2.58
2059 0.19
10
SÁB
0236 2.26
0838 0.46
1455 2.32
2101 0.37
26
SEG
0308 2.59
0919 0.08
1536 2.61
2144 0.20
11
DOM
0304 2.33
0910 0.38
1529 2.36
2134 0.36
27
TER
0355 2.61
1004 0.06
1623 2.59
2223 0.26
12
SEG
0338 2.37
0944 0.34
1602 2.36
2204 0.38
28
QUA
0440 2.57
1051 0.11
1712 2.50
2304 0.37
13
TER
0410 2.36
1016 0.35
1640 2.32
2236 0.44
29
QUI
0527 2.47
1136 0.21
1802 2.37
2347 0.52
14
QUA
0446 2.31
1051 0.39
1716 2.25
2308 0.53
30
SEX
0616 2.35
1223 0.34
1855 2.21
15
QUI
0521 2.23
1125 0.46
1757 2.15
2344 0.65
31
SÁB
0031 0.69
0708 2.21
1312 0.50
1951 2.05
16
SEX
0601 2.13
1204 0.54
1840 2.03
Junho
HORA ALT(m) HORA ALT(m)
01
DOM
0119 0.84
0804 2.08
1410 0.64
2049 1.92
17
TER
0159 0.79
0823 2.11
1429 0.60
2108 2.00
02
SEG
0219 0.96
0906 1.99
1516 0.75
2151 1.84
18
QUA
0302 0.81
0923 2.09
1536 0.65
2208 2.00
03
TER
0338 1.02
1008 1.93
1629 0.80
2253 1.83
19
QUI
0412 0.79
1025 2.11
1646 0.65
2310 2.05
04
QUA
0459 0.99
1110 1.93
1734 0.79
2351 1.87
20
SEX
0525 0.70
1129 2.16
1755 0.61
05
QUI
0601 0.91
1206 1.96
1831 0.74
21
SÁB
0014 2.13
0629 0.57
1232 2.23
1859 0.55
06
SEX
0042 1.94
0647 0.80
1257 2.02
1916 0.68
22
DOM
0110 2.25
0725 0.43
1334 2.32
1955 0.47
07
SÁB
0121 2.03
0731 0.69
1344 2.09
1957 0.61
23
SEG
0202 2.37
0817 0.30
1432 2.40
2046 0.40
08
DOM
0159 2.13
0810 0.59
1425 2.16
2036 0.55
24
TER
0255 2.46
0906 0.20
1525 2.46
2129 0.37
09
SEG
0238 2.21
0847 0.50
1506 2.22
2110 0.50
25
QUA
0342 2.52
0955 0.14
1614 2.48
2210 0.37
10
TER
0314 2.28
0925 0.43
1549 2.26
2147 0.49
26
QUI
0427 2.53
1042 0.13
1702 2.45
2253 0.41
11
QUA
0353 2.31
1002 0.39
1627 2.27
2221 0.50
27
SEX
0514 2.50
1123 0.18
1749 2.38
2332 0.49
12
QUI
0432 2.31
1042 0.37
1706 2.26
2259 0.53
28
SÁB
0602 2.43
1206 0.26
1834 2.26
13
SEX
0512 2.29
1119 0.39
1751 2.21
2338 0.59
29
DOM
0012 0.59
0649 2.32
1253 0.39
1917 2.14
14
SÁB
0557 2.25
1201 0.42
1834 2.15
30
SEG
0057 0.70
0736 2.20
1336 0.53
2004 2.01
15
DOM
0017 0.66
0642 2.19
1246 0.47
1921 2.08
16
SEG
0104 0.73
0729 2.14
1332 0.54
2012 2.03
Julho
HORA ALT(m) HORA ALT(m)
01
TER
0142 0.80
0819 2.08
1421 0.67
2055 1.91
17
QUI
0223 0.68
0851 2.18
1455 0.63
2127 2.02
02
QUA
0232 0.90
0910 1.97
1516 0.79
2146 1.83
18
SEX
0329 0.74
0955 2.10
1602 0.74
2231 1.98
03
QUI
0334 0.96
1004 1.89
1619 0.88
2238 1.80
19
SÁB
0449 0.75
1102 2.06
1721 0.79
2344 2.01
04
SEX
0447 0.97
1104 1.85
1729 0.90
2338 1.82
20
DOM
0606 0.68
1214 2.07
1846 0.75
05
SÁB
0559 0.92
1208 1.86
1836 0.87
21
SEG
0055 2.11
0714 0.55
1327 2.15
1949 0.66
06
DOM
0036 1.89
0657 0.83
1310 1.92
1931 0.79
22
TER
0153 2.24
0810 0.40
1429 2.26
2038 0.55
07
SEG
0129 1.99
0747 0.71
1404 2.02
2014 0.70
23
QUA
0246 2.37
0901 0.27
1517 2.37
2117 0.46
08
TER
0214 2.11
0832 0.58
1453 2.13
2055 0.60
24
QUI
0331 2.48
0947 0.17
1604 2.44
2159 0.39
09
QUA
0259 2.22
0912 0.46
1536 2.23
2132 0.52
25
SEX
0414 2.55
1027 0.12
1647 2.46
2236 0.37
10
QUI
0340 2.32
0953 0.36
1614 2.31
2208 0.46
26
SÁB
0459 2.56
1104 0.12
1723 2.42
2310 0.39
11
SEX
0419 2.39
1031 0.28
1657 2.35
2247 0.43
27
DOM
0540 2.52
1144 0.19
1802 2.35
2347 0.45
12
SÁB
0501 2.43
1108 0.24
1734 2.36
2323 0.43
28
SEG
0616 2.42
1217 0.30
1840 2.23
13
DOM
0542 2.43
1149 0.24
1814 2.33
29
TER
0021 0.54
0655 2.30
1255 0.44
1914 2.10
14
SEG
0002 0.46
0621 2.40
1227 0.29
1857 2.26
30
QUA
0059 0.65
0734 2.15
1331 0.61
1953 1.97
15
TER
0047 0.52
0704 2.35
1308 0.38
1942 2.18
31
QUI
0138 0.78
0812 2.00
1410 0.78
2040 1.85
16
QUA
0132 0.60
0755 2.26
1359 0.50
2032 2.09
Agosto
HORA ALT(m) HORA ALT(m)
01
SEX
0223 0.90
0902 1.86
1502 0.94
2134 1.76
17
DOM
0423 0.82
1046 1.92
1708 0.98
2329 1.90
02
SÁB
0325 1.00
1004 1.76
1621 1.04
2242 1.73
18
SEG
0602 0.77
1212 1.94
1853 0.90
03
DOM
0502 1.03
1125 1.73
1801 1.04
2357 1.77
19
TER
0047 2.02
0716 0.62
1329 2.06
1951 0.75
04
SEG
0632 0.94
1249 1.80
1914 0.93
20
QUA
0147 2.18
0808 0.44
1423 2.21
2031 0.60
05
TER
0104 1.90
0734 0.79
1353 1.95
2001 0.78
21
QUI
0234 2.35
0855 0.28
1506 2.35
2104 0.47
06
QUA
0157 2.06
0819 0.61
1440 2.12
2042 0.62
22
SEX
0316 2.49
0932 0.17
1549 2.44
2142 0.36
07
QUI
0242 2.23
0859 0.42
1517 2.28
2116 0.47
23
SÁB
0359 2.58
1006 0.10
1621 2.48
2210 0.30
08
SEX
0321 2.39
0938 0.26
1559 2.42
2153 0.35
24
DOM
0436 2.60
1042 0.09
1657 2.47
2246 0.29
09
SÁB
0402 2.52
1012 0.13
1634 2.50
2227 0.27
25
SEG
0508 2.57
1110 0.15
1725 2.41
2316 0.33
10
DOM
0442 2.60
1051 0.07
1708 2.53
2304 0.23
26
TER
0544 2.48
1146 0.26
1757 2.31
2347 0.41
11
SEG
0517 2.62
1125 0.07
1749 2.50
2344 0.25
27
QUA
0614 2.34
1212 0.41
1825 2.18
12
TER
0559 2.59
1202 0.14
1825 2.42
28
QUI
0017 0.54
0646 2.18
1244 0.59
1855 2.04
13
QUA
0019 0.33
0642 2.49
1244 0.29
1906 2.29
29
SEX
0051 0.69
0719 2.00
1314 0.78
1934 1.89
14
QUI
0102 0.45
0727 2.35
1325 0.48
1955 2.14
30
SÁB
0127 0.84
0804 1.83
1351 0.97
2032 1.75
15
SEX
0151 0.59
0821 2.17
1416 0.69
2055 2.00
31
DOM
0217 0.99
0919 1.68
1502 1.13
2157 1.67
16
SÁB
0255 0.74
0927 2.01
1523 0.88
2204 1.90
DG6-62 Original
100
PORTO DE ARATU - BASE NAVAL (ESTADO DA BAHIA) - 2025
Latitude 12° 47'.7 S Longitude 38° 29'.7 W Fuso UTC -03.0 horas
DHN 29 Componentes Nível Médio 1.37 m Carta 1103
Setembro
HORA ALT(m) HORA ALT(m)
01
SEG
0359 1.09
1101 1.64
1729 1.16
2323 1.70
17
QUA
0040 2.00
0712 0.62
1323 2.04
1942 0.77
02
TER
0616 1.00
1236 1.75
1859 1.00
18
QUI
0134 2.18
0801 0.44
1410 2.21
2014 0.61
03
QUA
0044 1.86
0717 0.80
1336 1.95
1946 0.80
19
SEX
0217 2.35
0838 0.30
1451 2.34
2047 0.46
04
QUI
0136 2.07
0759 0.57
1417 2.16
2017 0.59
20
SÁB
0259 2.48
0908 0.19
1519 2.43
2114 0.34
05
SEX
0217 2.29
0838 0.35
1457 2.36
2055 0.39
21
DOM
0334 2.56
0942 0.13
1555 2.49
2147 0.26
06
SÁB
0259 2.49
0912 0.15
1531 2.52
2127 0.22
22
SEG
0406 2.59
1010 0.12
1621 2.49
2214 0.23
07
DOM
0338 2.64
0949 0.01
1604 2.63
2202 0.10
23
TER
0440 2.55
1042 0.17
1649 2.44
2246 0.27
08
SEG
0414 2.74
1025 -0.05
1642 2.66
2240 0.06
24
QUA
0508 2.46
1108 0.28
1716 2.36
2316 0.35
09
TER
0455 2.76
1101 -0.02
1717 2.62
2316 0.09
25
QUI
0540 2.33
1138 0.42
1744 2.23
2346 0.48
10
QUA
0534 2.69
1140 0.09
1757 2.51
2357 0.20
26
SEX
0608 2.17
1204 0.60
1814 2.09
11
QUI
0616 2.55
1216 0.28
1838 2.35
27
SÁB
0016 0.63
0644 1.99
1232 0.79
1849 1.92
12
SEX
0038 0.36
0702 2.35
1257 0.52
1925 2.15
28
DOM
0051 0.79
0727 1.81
1308 0.98
1944 1.76
13
SÁB
0125 0.56
0801 2.12
1346 0.78
2027 1.96
29
SEG
0138 0.95
0849 1.66
1410 1.16
2116 1.66
14
DOM
0231 0.76
0910 1.92
1459 1.01
2151 1.84
30
TER
0310 1.06
1034 1.64
1651 1.20
2257 1.70
15
SEG
0416 0.86
1042 1.83
1727 1.09
2323 1.86
16
TER
0604 0.79
1217 1.89
1857 0.95
Outubro
HORA ALT(m) HORA ALT(m)
01
QUA
0538 0.98
1206 1.77
1831 1.02
17
SEX
0108 2.15
0738 0.49
1347 2.16
1951 0.63
02
QUI
0010 1.87
0644 0.77
1304 1.97
1912 0.79
18
SÁB
0155 2.29
0808 0.38
1419 2.28
2017 0.49
03
SEX
0102 2.10
0727 0.54
1347 2.20
1949 0.55
19
DOM
0232 2.40
0844 0.29
1453 2.37
2049 0.37
04
SÁB
0149 2.33
0806 0.31
1423 2.41
2023 0.32
20
SEG
0304 2.47
0910 0.23
1519 2.43
2117 0.29
05
DOM
0229 2.54
0846 0.11
1501 2.58
2101 0.13
21
TER
0340 2.49
0944 0.22
1549 2.45
2149 0.26
06
SEG
0308 2.70
0921 -0.02
1538 2.69
2138 0.01
22
QUA
0408 2.46
1010 0.26
1616 2.42
2219 0.28
07
TER
0351 2.79
0959 -0.06
1612 2.72
2214 -0.03
23
QUI
0442 2.39
1042 0.35
1647 2.36
2251 0.36
08
QUA
0431 2.79
1038 -0.01
1651 2.67
2255 0.01
24
SEX
0512 2.29
1110 0.48
1716 2.25
2321 0.46
09
QUI
0512 2.70
1114 0.13
1731 2.55
2336 0.14
25
SÁB
0549 2.15
1140 0.63
1751 2.11
2357 0.60
10
SEX
0559 2.53
1155 0.34
1814 2.37
26
DOM
0625 1.99
1210 0.79
1831 1.96
11
SÁB
0019 0.33
0649 2.30
1236 0.60
1904 2.16
27
SEG
0034 0.73
0716 1.83
1249 0.96
1927 1.83
12
DOM
0110 0.54
0751 2.07
1325 0.86
2010 1.96
28
TER
0125 0.86
0834 1.71
1353 1.10
2051 1.75
13
SEG
0219 0.74
0902 1.88
1444 1.07
2136 1.85
29
QUA
0246 0.95
1002 1.71
1553 1.14
2212 1.78
14
TER
0408 0.84
1034 1.81
1723 1.10
2306 1.88
30
QUI
0438 0.91
1119 1.81
1731 1.01
2325 1.92
15
QUA
0551 0.77
1202 1.89
1838 0.96
31
SEX
0555 0.74
1221 1.98
1829 0.79
16
QUI
0016 2.00
0653 0.63
1302 2.02
1916 0.79
Novembro
HORA ALT(m) HORA ALT(m)
01
SÁB
0021 2.12
0646 0.54
1306 2.19
1912 0.55
17
SEG
0202 2.24
0812 0.46
1419 2.24
2021 0.47
02
DOM
0110 2.33
0732 0.34
1351 2.38
1953 0.32
18
TER
0240 2.30
0847 0.40
1451 2.32
2055 0.39
03
SEG
0159 2.52
0814 0.17
1429 2.55
2032 0.14
19
QUA
0314 2.33
0916 0.38
1521 2.36
2129 0.35
04
TER
0244 2.66
0857 0.07
1506 2.66
2112 0.01
20
QUI
0351 2.34
0951 0.39
1555 2.37
2202 0.34
05
QUA
0327 2.73
0938 0.04
1549 2.70
2157 -0.03
21
SEX
0423 2.31
1021 0.44
1627 2.33
2238 0.38
06
QUI
0410 2.73
1016 0.09
1629 2.66
2238 0.01
22
SÁB
0501 2.25
1055 0.52
1704 2.26
2312 0.44
07
SEX
0459 2.64
1057 0.22
1712 2.55
2321 0.12
23
DOM
0540 2.15
1127 0.63
1744 2.17
2349 0.52
08
SÁB
0547 2.49
1140 0.41
1801 2.39
24
SEG
0619 2.04
1202 0.74
1827 2.07
09
DOM
0008 0.29
0640 2.28
1221 0.63
1857 2.21
25
TER
0029 0.62
0708 1.94
1246 0.86
1917 1.97
10
SEG
0102 0.48
0740 2.08
1312 0.85
2001 2.05
26
QUA
0116 0.71
0808 1.85
1344 0.96
2019 1.92
11
TER
0206 0.66
0849 1.92
1423 1.02
2110 1.94
27
QUI
0217 0.78
0914 1.83
1501 0.99
2127 1.92
12
QUA
0332 0.77
1004 1.84
1617 1.08
2229 1.92
28
SEX
0338 0.79
1021 1.87
1621 0.94
2236 1.99
13
QUI
0504 0.77
1123 1.87
1747 0.99
2340 1.98
29
SÁB
0457 0.72
1125 1.97
1736 0.79
2338 2.11
14
SEX
0612 0.71
1223 1.95
1838 0.86
30
DOM
0602 0.60
1223 2.12
1834 0.60
15
SÁB
0036 2.07
0659 0.62
1308 2.05
1914 0.72
16
DOM
0121 2.16
0740 0.53
1349 2.16
1949 0.59
Dezembro
HORA ALT(m) HORA ALT(m)
01
SEG
0034 2.26
0659 0.47
1314 2.28
1923 0.40
17
QUA
0217 2.11
0823 0.60
1427 2.17
2040 0.52
02
TER
0129 2.40
0749 0.34
1401 2.44
2010 0.22
18
QUI
0259 2.18
0901 0.53
1502 2.26
2117 0.44
03
QUA
0221 2.52
0836 0.24
1447 2.55
2057 0.10
19
SEX
0338 2.24
0936 0.49
1542 2.32
2155 0.38
04
QUI
0310 2.60
0919 0.20
1531 2.62
2144 0.03
20
SÁB
0414 2.27
1010 0.48
1617 2.34
2231 0.35
05
SEX
0401 2.62
1002 0.21
1614 2.62
2229 0.03
21
DOM
0455 2.28
1046 0.50
1657 2.34
2304 0.35
06
SÁB
0451 2.58
1046 0.29
1702 2.57
2314 0.10
22
SEG
0531 2.25
1119 0.54
1738 2.30
2344 0.38
07
DOM
0538 2.47
1127 0.42
1753 2.47
23
TER
0610 2.19
1157 0.60
1816 2.25
08
SEG
0001 0.21
0627 2.33
1208 0.57
1844 2.33
24
QUA
0019 0.43
0653 2.12
1238 0.67
1901 2.19
09
TER
0051 0.37
0717 2.17
1257 0.73
1940 2.19
25
QUI
0102 0.50
0740 2.04
1323 0.74
1949 2.13
10
QUA
0144 0.53
0814 2.01
1353 0.88
2038 2.06
26
SEX
0149 0.59
0832 1.98
1416 0.80
2046 2.07
11
QUI
0242 0.68
0914 1.90
1459 0.98
2140 1.97
27
SÁB
0247 0.67
0929 1.94
1521 0.83
2149 2.05
12
SEX
0353 0.78
1019 1.84
1619 1.00
2244 1.92
28
DOM
0359 0.72
1031 1.95
1642 0.79
2257 2.07
13
SÁB
0504 0.82
1127 1.84
1734 0.95
2346 1.93
29
SEG
0512 0.72
1138 2.02
1757 0.68
14
DOM
0610 0.80
1223 1.90
1832 0.86
30
TER
0002 2.13
0627 0.66
1246 2.14
1901 0.52
15
SEG
0044 1.97
0701 0.75
1308 1.98
1917 0.74
31
QUA
0108 2.23
0732 0.55
1344 2.29
1957 0.35
16
TER
0134 2.03
0746 0.67
1351 2.08
2001 0.63
DG6-62 Original
