101
PORTO DE SALVADOR (ESTADO DA BAHIA) - 2025
Latitude 12° 58'.4 S Longitude 38° 31' W Fuso UTC -03.0 horas
IBGE/DHN 71 Componentes Nível Médio 1.34 m Carta 1102
Janeiro
HORA ALT(m) HORA ALT(m)
01
QUA
0501 2.29
1053 0.38
1702 2.38
2317 0.17
17
SEX
0606 2.20
1155 0.51
1817 2.29
02
QUI
0542 2.30
1132 0.42
1747 2.39
18
SÁB
0027 0.41
0640 2.12
1223 0.60
1855 2.19
03
SEX
0001 0.21
0621 2.27
1214 0.49
1831 2.36
19
DOM
0101 0.54
0712 2.01
1257 0.70
1932 2.05
04
SÁB
0046 0.29
0704 2.19
1259 0.58
1917 2.30
20
SEG
0134 0.69
0755 1.89
1336 0.82
2019 1.91
05
DOM
0132 0.40
0755 2.09
1349 0.67
2012 2.21
21
TER
0216 0.82
0846 1.78
1431 0.92
2119 1.78
06
SEG
0223 0.52
0851 1.98
1449 0.75
2112 2.12
22
QUA
0316 0.93
0955 1.70
1549 0.97
2238 1.70
07
TER
0325 0.63
0957 1.91
1601 0.78
2219 2.04
23
QUI
0442 0.98
1114 1.70
1725 0.93
08
QUA
0440 0.70
1108 1.89
1717 0.74
2332 2.01
24
SEX
0001 1.71
0612 0.93
1223 1.78
1842 0.80
09
QUI
0601 0.71
1217 1.93
1834 0.63
25
SÁB
0106 1.80
0714 0.81
1317 1.90
1936 0.64
10
SEX
0047 2.03
0714 0.64
1321 2.02
1940 0.48
26
DOM
0202 1.94
0802 0.66
1406 2.05
2021 0.46
11
SÁB
0155 2.09
0812 0.56
1416 2.13
2036 0.34
27
SEG
0247 2.09
0847 0.52
1451 2.21
2104 0.29
12
DOM
0253 2.17
0901 0.47
1506 2.23
2123 0.23
28
TER
0329 2.24
0925 0.39
1531 2.36
2147 0.15
13
SEG
0342 2.24
0944 0.42
1553 2.31
2208 0.16
29
QUA
0408 2.37
1004 0.29
1612 2.50
2227 0.05
14
TER
0423 2.28
1019 0.39
1632 2.36
2249 0.16
30
QUI
0449 2.46
1044 0.24
1655 2.59
2308 0.01
15
QUA
0502 2.29
1057 0.40
1708 2.38
2323 0.20
31
SEX
0525 2.49
1121 0.23
1734 2.63
2349 0.04
16
QUI
0536 2.26
1125 0.44
1746 2.36
2357 0.29
Fevereiro
HORA ALT(m) HORA ALT(m)
01
SÁB
0602 2.46
1159 0.28
1812 2.59
17
SEG
0021 0.48
0634 2.15
1219 0.57
1851 2.14
02
DOM
0025 0.14
0642 2.36
1236 0.38
1857 2.48
18
TER
0051 0.63
0704 2.01
1251 0.70
1929 1.97
03
SEG
0106 0.30
0723 2.21
1317 0.51
1946 2.32
19
QUA
0123 0.79
0746 1.86
1331 0.83
2017 1.79
04
TER
0151 0.50
0810 2.03
1410 0.66
2042 2.12
20
QUI
0208 0.95
0842 1.73
1432 0.96
2136 1.66
05
QUA
0244 0.71
0912 1.87
1519 0.79
2153 1.94
21
SEX
0329 1.08
1004 1.66
1623 1.01
2317 1.65
06
QUI
0401 0.88
1034 1.78
1659 0.83
2317 1.85
22
SÁB
0538 1.07
1142 1.71
1817 0.89
07
SEX
0555 0.93
1206 1.81
1838 0.73
23
DOM
0046 1.77
0659 0.92
1255 1.86
1919 0.69
08
SÁB
0049 1.89
0723 0.82
1317 1.94
1946 0.56
24
SEG
0144 1.96
0749 0.73
1349 2.07
2006 0.47
09
DOM
0159 2.01
0816 0.67
1414 2.11
2036 0.39
25
TER
0227 2.17
0831 0.53
1432 2.29
2049 0.25
10
SEG
0251 2.14
0859 0.54
1501 2.26
2116 0.26
26
QUA
0308 2.36
0908 0.34
1512 2.50
2129 0.08
11
TER
0331 2.25
0932 0.43
1540 2.38
2155 0.18
27
QUI
0349 2.52
0947 0.20
1555 2.68
2208 -0.05
12
QUA
0406 2.33
1004 0.35
1614 2.46
2227 0.16
28
SEX
0425 2.61
1023 0.11
1634 2.78
2249 -0.09
13
QUI
0438 2.37
1034 0.32
1649 2.49
2259 0.18
14
SEX
0506 2.37
1101 0.33
1717 2.48
2325 0.25
15
SÁB
0536 2.33
1127 0.38
1749 2.41
2355 0.35
16
DOM
0602 2.26
1153 0.46
1817 2.29
Março
HORA ALT(m) HORA ALT(m)
01
SÁB
0502 2.64
1101 0.09
1712 2.80
2325 -0.03
17
SEG
0531 2.33
1125 0.41
1749 2.32
2349 0.50
02
DOM
0540 2.58
1138 0.14
1753 2.72
18
TER
0601 2.23
1153 0.51
1817 2.17
03
SEG
0002 0.11
0616 2.45
1214 0.26
1836 2.55
19
QUA
0014 0.65
0629 2.10
1219 0.64
1855 2.00
04
TER
0042 0.33
0657 2.27
1257 0.43
1921 2.31
20
QUI
0046 0.81
0704 1.96
1257 0.78
1940 1.83
05
QUA
0121 0.59
0742 2.05
1346 0.64
2017 2.05
21
SEX
0123 0.99
0755 1.81
1351 0.93
2053 1.70
06
QUI
0212 0.85
0844 1.85
1501 0.83
2138 1.84
22
SÁB
0240 1.14
0912 1.71
1538 1.02
2242 1.68
07
SEX
0342 1.06
1014 1.74
1701 0.89
2323 1.78
23
DOM
0506 1.15
1101 1.74
1746 0.92
08
SÁB
0610 1.05
1202 1.80
1842 0.77
24
SEG
0014 1.83
0631 0.98
1221 1.91
1853 0.71
09
DOM
0055 1.88
0721 0.90
1312 1.97
1940 0.60
25
TER
0114 2.04
0721 0.76
1317 2.15
1942 0.47
10
SEG
0153 2.04
0804 0.73
1402 2.16
2019 0.44
26
QUA
0201 2.26
0802 0.54
1404 2.40
2021 0.24
11
TER
0232 2.18
0838 0.57
1444 2.32
2057 0.32
27
QUI
0240 2.46
0844 0.33
1449 2.61
2102 0.06
12
QUA
0306 2.30
0908 0.44
1517 2.45
2127 0.25
28
SEX
0317 2.60
0919 0.17
1529 2.78
2144 -0.05
13
QUI
0340 2.38
0938 0.35
1553 2.52
2159 0.21
29
SÁB
0359 2.68
0959 0.07
1610 2.86
2221 -0.06
14
SEX
0406 2.42
1004 0.30
1621 2.54
2227 0.22
30
DOM
0436 2.67
1038 0.05
1653 2.83
2301 0.03
15
SÁB
0436 2.43
1032 0.29
1651 2.51
2257 0.27
31
SEG
0512 2.60
1116 0.10
1734 2.71
2340 0.21
16
DOM
0502 2.40
1101 0.33
1717 2.44
2321 0.37
Abril
HORA ALT(m) HORA ALT(m)
01
TER
0553 2.46
1157 0.24
1816 2.50
17
QUI
0602 2.15
1202 0.62
1834 2.03
02
QUA
0017 0.46
0634 2.27
1242 0.43
1906 2.25
18
SEX
0019 0.85
0644 2.04
1242 0.75
1919 1.90
03
QUI
0102 0.73
0721 2.06
1336 0.65
2008 1.99
19
SÁB
0104 1.01
0732 1.92
1338 0.88
2031 1.80
04
SEX
0159 0.99
0829 1.88
1455 0.84
2134 1.82
20
DOM
0225 1.14
0847 1.84
1512 0.96
2206 1.80
05
SÁB
0342 1.15
1002 1.80
1651 0.90
2316 1.81
21
SEG
0425 1.14
1017 1.87
1701 0.89
2332 1.92
06
DOM
0549 1.11
1142 1.87
1817 0.81
22
TER
0547 0.99
1140 2.01
1812 0.71
07
SEG
0034 1.92
0653 0.96
1249 2.03
1912 0.68
23
QUA
0034 2.11
0642 0.79
1240 2.22
1904 0.49
08
TER
0121 2.06
0732 0.80
1336 2.19
1953 0.55
24
QUI
0121 2.30
0725 0.57
1331 2.44
1951 0.29
09
QUA
0202 2.20
0804 0.64
1414 2.33
2023 0.45
25
SEX
0204 2.46
0808 0.37
1416 2.62
2034 0.14
10
QUI
0234 2.30
0836 0.51
1451 2.43
2057 0.37
26
SÁB
0247 2.57
0853 0.21
1502 2.74
2114 0.07
11
SEX
0304 2.38
0904 0.41
1523 2.48
2125 0.32
27
DOM
0327 2.62
0934 0.12
1549 2.77
2159 0.09
12
SÁB
0336 2.41
0936 0.35
1555 2.48
2157 0.32
28
SEG
0408 2.61
1016 0.09
1632 2.72
2240 0.20
13
DOM
0404 2.42
1004 0.33
1623 2.45
2223 0.36
29
TER
0453 2.53
1101 0.14
1717 2.59
2319 0.38
14
SEG
0432 2.39
1034 0.36
1655 2.38
2253 0.44
30
QUA
0536 2.41
1147 0.27
1806 2.40
15
TER
0501 2.34
1102 0.41
1723 2.28
2319 0.56
16
QUA
0531 2.26
1131 0.50
1757 2.16
2349 0.70
DG6-62 Original
102
PORTO DE SALVADOR (ESTADO DA BAHIA) - 2025
Latitude 12° 58'.4 S Longitude 38° 31' W Fuso UTC -03.0 horas
IBGE/DHN 71 Componentes Nível Médio 1.34 m Carta 1102
Maio
HORA ALT(m) HORA ALT(m)
01
QUI
0002 0.60
0619 2.26
1236 0.44
1901 2.19
17
SÁB
0012 0.84
0632 2.12
1242 0.67
1912 2.00
02
SEX
0051 0.83
0712 2.11
1332 0.64
2001 2.00
18
DOM
0102 0.96
0723 2.05
1338 0.77
2014 1.94
03
SÁB
0151 1.02
0817 1.98
1444 0.80
2116 1.87
19
SEG
0214 1.04
0829 2.01
1451 0.82
2129 1.93
04
DOM
0316 1.13
0936 1.92
1608 0.89
2240 1.85
20
TER
0340 1.04
0944 2.03
1610 0.79
2246 2.00
05
SEG
0451 1.11
1057 1.95
1729 0.87
2349 1.92
21
QUA
0455 0.94
1055 2.11
1721 0.69
2349 2.12
06
TER
0557 1.01
1202 2.04
1827 0.79
22
QUI
0555 0.79
1157 2.24
1821 0.54
07
QUA
0040 2.03
0644 0.88
1257 2.15
1910 0.70
23
SEX
0042 2.25
0647 0.61
1255 2.38
1916 0.40
08
QUI
0119 2.14
0721 0.74
1340 2.24
1947 0.60
24
SÁB
0129 2.36
0736 0.44
1349 2.49
2004 0.30
09
SEX
0159 2.23
0759 0.62
1417 2.30
2019 0.52
25
DOM
0216 2.44
0825 0.30
1440 2.56
2053 0.26
10
SÁB
0231 2.30
0832 0.52
1455 2.34
2053 0.46
26
SEG
0302 2.48
0914 0.20
1531 2.57
2138 0.29
11
DOM
0302 2.34
0904 0.44
1527 2.34
2123 0.45
27
TER
0351 2.47
1002 0.16
1619 2.53
2223 0.37
12
SEG
0334 2.34
0940 0.40
1601 2.32
2157 0.47
28
QUA
0436 2.44
1053 0.19
1710 2.44
2308 0.49
13
TER
0404 2.34
1010 0.40
1634 2.28
2227 0.52
29
QUI
0523 2.37
1142 0.27
1801 2.32
2355 0.64
14
QUA
0438 2.30
1046 0.43
1706 2.23
2301 0.61
30
SEX
0612 2.29
1231 0.40
1851 2.18
15
QUI
0510 2.26
1119 0.49
1744 2.16
2334 0.72
31
SÁB
0040 0.79
0702 2.20
1319 0.56
1942 2.05
16
SEX
0549 2.20
1157 0.57
1823 2.08
Junho
HORA ALT(m) HORA ALT(m)
01
DOM
0129 0.92
0757 2.11
1410 0.71
2036 1.94
17
TER
0151 0.85
0806 2.18
1421 0.64
2051 2.04
02
SEG
0225 1.01
0857 2.03
1510 0.83
2138 1.88
18
QUA
0255 0.88
0906 2.15
1523 0.67
2157 2.02
03
TER
0332 1.05
1001 1.99
1617 0.90
2244 1.88
19
QUI
0402 0.85
1010 2.14
1632 0.67
2302 2.05
04
QUA
0444 1.02
1104 1.98
1723 0.89
2344 1.93
20
SEX
0506 0.77
1116 2.17
1742 0.63
05
QUI
0544 0.94
1204 2.01
1819 0.83
21
SÁB
0002 2.10
0610 0.65
1221 2.21
1847 0.56
06
SEX
0034 2.01
0636 0.83
1301 2.06
1906 0.75
22
DOM
0101 2.18
0712 0.51
1325 2.26
1946 0.49
07
SÁB
0116 2.09
0719 0.72
1347 2.10
1947 0.66
23
SEG
0157 2.25
0810 0.37
1427 2.32
2040 0.45
08
DOM
0159 2.15
0801 0.61
1429 2.14
2023 0.60
24
TER
0249 2.31
0904 0.26
1523 2.36
2129 0.43
09
SEG
0234 2.20
0840 0.51
1506 2.17
2101 0.55
25
QUA
0338 2.35
0959 0.18
1616 2.37
2216 0.44
10
TER
0308 2.24
0917 0.44
1546 2.19
2136 0.54
26
QUI
0427 2.38
1047 0.17
1704 2.36
2301 0.49
11
QUA
0346 2.26
0957 0.40
1619 2.20
2210 0.55
27
SEX
0512 2.38
1132 0.21
1749 2.30
2340 0.56
12
QUI
0419 2.28
1034 0.39
1659 2.21
2249 0.58
28
SÁB
0559 2.36
1212 0.30
1827 2.22
13
SEX
0501 2.28
1114 0.40
1736 2.20
2327 0.64
29
DOM
0016 0.64
0640 2.29
1255 0.44
1906 2.12
14
SÁB
0542 2.27
1155 0.44
1816 2.18
30
SEG
0057 0.74
0721 2.20
1331 0.59
1949 2.01
15
DOM
0008 0.71
0623 2.25
1240 0.50
1902 2.14
16
SEG
0055 0.79
0712 2.22
1327 0.57
1953 2.08
Julho
HORA ALT(m) HORA ALT(m)
01
TER
0134 0.83
0806 2.10
1410 0.73
2034 1.91
17
QUI
0214 0.70
0834 2.18
1444 0.59
2110 1.98
02
QUA
0221 0.91
0901 1.98
1502 0.85
2131 1.84
18
SEX
0316 0.75
0938 2.07
1549 0.70
2219 1.92
03
QUI
0323 0.97
1001 1.88
1604 0.93
2238 1.81
19
SÁB
0431 0.76
1049 2.00
1708 0.76
2334 1.92
04
SEX
0436 0.96
1110 1.83
1719 0.93
2344 1.84
20
DOM
0553 0.69
1206 1.99
1834 0.73
05
SÁB
0549 0.90
1219 1.84
1825 0.87
21
SEG
0047 1.99
0706 0.55
1323 2.05
1946 0.64
06
DOM
0042 1.90
0649 0.79
1317 1.89
1917 0.78
22
TER
0149 2.09
0810 0.39
1427 2.15
2040 0.54
07
SEG
0127 1.98
0738 0.66
1406 1.96
2002 0.69
23
QUA
0244 2.21
0904 0.24
1521 2.24
2123 0.45
08
TER
0208 2.07
0821 0.53
1453 2.04
2044 0.60
24
QUI
0331 2.32
0953 0.14
1606 2.31
2204 0.39
09
QUA
0251 2.15
0904 0.42
1531 2.12
2121 0.53
25
SEX
0414 2.40
1034 0.10
1649 2.34
2244 0.38
10
QUI
0329 2.23
0946 0.33
1608 2.21
2201 0.48
26
SÁB
0457 2.44
1110 0.13
1723 2.32
2314 0.40
11
SEX
0408 2.31
1025 0.26
1647 2.27
2240 0.45
27
DOM
0534 2.42
1147 0.21
1757 2.27
2347 0.46
12
SÁB
0449 2.37
1104 0.23
1723 2.31
2317 0.46
28
SEG
0608 2.36
1216 0.33
1827 2.18
13
DOM
0529 2.41
1146 0.23
1802 2.31
2357 0.49
29
TER
0016 0.54
0644 2.25
1249 0.47
1901 2.07
14
SEG
0610 2.41
1223 0.28
1842 2.27
30
QUA
0049 0.65
0719 2.10
1319 0.63
1938 1.95
15
TER
0038 0.55
0655 2.37
1304 0.36
1923 2.19
31
QUI
0125 0.76
0802 1.94
1401 0.78
2023 1.82
16
QUA
0121 0.63
0742 2.29
1351 0.47
2012 2.08
Agosto
HORA ALT(m) HORA ALT(m)
01
SEX
0214 0.87
0857 1.78
1451 0.92
2125 1.71
17
DOM
0414 0.77
1040 1.80
1702 0.91
2323 1.77
02
SÁB
0325 0.95
1012 1.67
1610 1.00
2249 1.68
18
SEG
0559 0.70
1214 1.82
1847 0.83
03
DOM
0502 0.94
1144 1.65
1751 0.98
19
TER
0047 1.89
0714 0.53
1332 1.95
1949 0.68
04
SEG
0004 1.74
0627 0.83
1259 1.74
1901 0.87
20
QUA
0147 2.06
0808 0.35
1427 2.10
2034 0.53
05
TER
0102 1.85
0723 0.67
1353 1.87
1949 0.73
21
QUI
0236 2.22
0857 0.20
1510 2.23
2110 0.40
06
QUA
0151 1.99
0808 0.50
1436 2.01
2029 0.58
22
SEX
0317 2.36
0934 0.10
1549 2.31
2146 0.31
07
QUI
0234 2.13
0851 0.34
1514 2.15
2106 0.45
23
SÁB
0357 2.45
1008 0.06
1621 2.35
2216 0.27
08
SEX
0312 2.28
0929 0.19
1553 2.28
2146 0.34
24
DOM
0431 2.47
1044 0.08
1653 2.34
2247 0.27
09
SÁB
0353 2.41
1006 0.08
1627 2.38
2221 0.26
25
SEG
0502 2.45
1110 0.15
1719 2.30
2314 0.31
10
DOM
0431 2.51
1047 0.02
1702 2.44
2259 0.23
26
TER
0534 2.37
1142 0.26
1751 2.22
2342 0.40
11
SEG
0508 2.56
1123 0.03
1740 2.43
2336 0.25
27
QUA
0604 2.24
1206 0.40
1817 2.11
12
TER
0551 2.55
1201 0.09
1816 2.36
28
QUI
0008 0.51
0638 2.08
1236 0.56
1851 1.97
13
QUA
0012 0.32
0631 2.46
1240 0.22
1857 2.24
29
SEX
0042 0.64
0712 1.89
1306 0.73
1929 1.82
14
QUI
0053 0.43
0714 2.31
1319 0.40
1940 2.08
30
SÁB
0119 0.78
0801 1.71
1349 0.91
2021 1.68
15
SEX
0142 0.57
0806 2.12
1406 0.61
2036 1.91
31
DOM
0221 0.91
0917 1.56
1504 1.05
2149 1.60
16
SÁB
0246 0.70
0912 1.92
1514 0.81
2153 1.78
DG6-62 Original
103
PORTO DE SALVADOR (ESTADO DA BAHIA) - 2025
Latitude 12° 58'.4 S Longitude 38° 31' W Fuso UTC -03.0 horas
IBGE/DHN 71 Componentes Nível Médio 1.34 m Carta 1102
Setembro
HORA ALT(m) HORA ALT(m)
01
SEG
0414 0.96
1112 1.55
1723 1.05
2327 1.64
17
QUA
0044 1.91
0710 0.50
1325 1.96
1938 0.67
02
TER
0606 0.85
1240 1.68
1842 0.91
18
QUI
0136 2.10
0757 0.34
1410 2.11
2012 0.51
03
QUA
0040 1.79
0704 0.66
1331 1.86
1929 0.73
19
SEX
0217 2.27
0834 0.22
1447 2.23
2047 0.37
04
QUI
0129 1.98
0749 0.45
1410 2.05
2006 0.53
20
SÁB
0257 2.39
0906 0.13
1519 2.31
2116 0.27
05
SEX
0210 2.18
0827 0.25
1451 2.23
2046 0.36
21
DOM
0331 2.45
0940 0.10
1551 2.35
2147 0.22
06
SÁB
0251 2.37
0904 0.07
1525 2.38
2121 0.21
22
SEG
0402 2.46
1008 0.11
1617 2.34
2214 0.21
07
DOM
0329 2.53
0944 -0.06
1601 2.49
2159 0.10
23
TER
0434 2.41
1038 0.17
1647 2.31
2244 0.25
08
SEG
0406 2.64
1019 -0.12
1636 2.53
2234 0.06
24
QUA
0502 2.33
1104 0.26
1712 2.23
2308 0.32
09
TER
0447 2.67
1059 -0.10
1712 2.50
2310 0.08
25
QUI
0532 2.20
1131 0.40
1744 2.13
2338 0.43
10
QUA
0525 2.61
1134 0.02
1749 2.40
2349 0.17
26
SEX
0602 2.04
1157 0.55
1812 2.00
11
QUI
0606 2.47
1212 0.21
1827 2.24
27
SÁB
0006 0.56
0638 1.87
1225 0.73
1849 1.86
12
SEX
0031 0.32
0653 2.26
1253 0.45
1912 2.04
28
DOM
0044 0.71
0721 1.70
1302 0.91
1936 1.71
13
SÁB
0119 0.51
0749 2.00
1342 0.72
2010 1.84
29
SEG
0138 0.86
0836 1.56
1414 1.07
2057 1.61
14
DOM
0229 0.70
0904 1.78
1501 0.94
2140 1.71
30
TER
0325 0.95
1032 1.54
1646 1.09
2246 1.64
15
SEG
0417 0.78
1049 1.70
1723 0.99
2325 1.75
16
TER
0606 0.68
1225 1.80
1851 0.85
Outubro
HORA ALT(m) HORA ALT(m)
01
QUA
0529 0.86
1202 1.69
1808 0.94
17
SEX
0108 2.12
0729 0.43
1340 2.09
1942 0.56
02
QUI
0002 1.80
0632 0.66
1259 1.89
1857 0.73
18
SÁB
0153 2.25
0804 0.33
1414 2.19
2012 0.42
03
SEX
0057 2.02
0716 0.44
1340 2.10
1938 0.52
19
DOM
0229 2.33
0836 0.26
1447 2.27
2046 0.32
04
SÁB
0142 2.24
0757 0.22
1416 2.29
2014 0.31
20
SEG
0302 2.37
0906 0.21
1516 2.30
2114 0.26
05
DOM
0221 2.44
0836 0.04
1455 2.44
2053 0.14
21
TER
0336 2.36
0936 0.21
1547 2.31
2147 0.24
06
SEG
0302 2.60
0914 -0.09
1529 2.52
2129 0.02
22
QUA
0406 2.32
1004 0.24
1614 2.28
2214 0.25
07
TER
0344 2.68
0953 -0.13
1606 2.55
2208 -0.03
23
QUI
0438 2.24
1034 0.33
1646 2.22
2246 0.31
08
QUA
0423 2.68
1031 -0.07
1646 2.50
2249 0.00
24
SEX
0506 2.14
1101 0.44
1712 2.14
2314 0.40
09
QUI
0504 2.59
1110 0.07
1723 2.38
2329 0.11
25
SÁB
0540 2.02
1129 0.58
1747 2.04
2347 0.52
10
SEX
0551 2.41
1151 0.30
1806 2.22
26
DOM
0614 1.89
1201 0.73
1821 1.92
11
SÁB
0016 0.28
0642 2.17
1232 0.56
1857 2.02
27
SEG
0025 0.65
0701 1.76
1240 0.89
1910 1.81
12
DOM
0110 0.49
0742 1.93
1327 0.82
2002 1.84
28
TER
0117 0.79
0804 1.66
1347 1.04
2023 1.72
13
SEG
0225 0.68
0902 1.75
1459 1.01
2132 1.75
29
QUA
0246 0.87
0942 1.64
1549 1.07
2155 1.74
14
TER
0412 0.76
1046 1.71
1712 1.01
2308 1.81
30
QUI
0429 0.83
1110 1.74
1717 0.95
2314 1.86
15
QUA
0547 0.68
1206 1.82
1823 0.87
31
SEX
0544 0.68
1210 1.92
1812 0.75
16
QUI
0016 1.96
0647 0.56
1301 1.96
1906 0.71
Novembro
HORA ALT(m) HORA ALT(m)
01
SÁB
0012 2.05
0636 0.48
1259 2.11
1859 0.54
17
SEG
0201 2.18
0804 0.44
1414 2.17
2014 0.43
02
DOM
0102 2.25
0721 0.27
1340 2.27
1940 0.34
18
TER
0238 2.21
0838 0.38
1449 2.21
2049 0.35
03
SEG
0149 2.42
0804 0.11
1419 2.40
2021 0.16
19
QUA
0312 2.21
0908 0.35
1519 2.23
2121 0.31
04
TER
0234 2.55
0847 0.01
1501 2.48
2104 0.04
20
QUI
0349 2.20
0942 0.36
1553 2.23
2157 0.29
05
QUA
0317 2.61
0927 -0.01
1542 2.49
2149 -0.01
21
SEX
0419 2.16
1010 0.40
1621 2.20
2227 0.32
06
QUI
0404 2.59
1010 0.06
1623 2.45
2232 0.01
22
SÁB
0455 2.11
1044 0.48
1657 2.16
2302 0.37
07
SEX
0453 2.49
1053 0.21
1706 2.35
2319 0.11
23
DOM
0527 2.05
1114 0.58
1731 2.11
2338 0.46
08
SÁB
0542 2.33
1136 0.41
1757 2.22
24
SEG
0604 1.98
1151 0.69
1810 2.04
09
DOM
0010 0.26
0634 2.14
1223 0.63
1849 2.08
25
TER
0017 0.56
0649 1.90
1231 0.81
1859 1.97
10
SEG
0106 0.44
0734 1.95
1319 0.83
1953 1.95
26
QUA
0108 0.66
0744 1.83
1329 0.91
1959 1.91
11
TER
0214 0.62
0847 1.81
1436 0.97
2106 1.88
27
QUI
0210 0.73
0851 1.79
1449 0.96
2106 1.90
12
QUA
0336 0.73
1004 1.76
1612 1.00
2225 1.88
28
SEX
0327 0.74
1004 1.82
1610 0.91
2217 1.95
13
QUI
0459 0.74
1117 1.80
1729 0.92
2334 1.95
29
SÁB
0444 0.67
1114 1.92
1717 0.78
2323 2.06
14
SEX
0602 0.69
1214 1.89
1821 0.80
30
DOM
0549 0.55
1212 2.04
1814 0.61
15
SÁB
0029 2.04
0651 0.61
1301 2.00
1902 0.67
16
DOM
0116 2.12
0729 0.52
1340 2.09
1940 0.54
Dezembro
HORA ALT(m) HORA ALT(m)
01
SEG
0021 2.18
0644 0.41
1302 2.17
1906 0.42
17
QUA
0216 2.03
0814 0.56
1423 2.10
2031 0.46
02
TER
0117 2.31
0736 0.28
1351 2.28
1957 0.25
18
QUI
0259 2.07
0851 0.49
1501 2.15
2106 0.37
03
QUA
0210 2.40
0825 0.20
1438 2.36
2047 0.12
19
SEX
0334 2.11
0923 0.46
1534 2.19
2144 0.32
04
QUI
0304 2.45
0912 0.18
1523 2.39
2138 0.05
20
SÁB
0408 2.14
0959 0.45
1608 2.23
2219 0.30
05
SEX
0357 2.46
1001 0.22
1610 2.40
2227 0.04
21
DOM
0446 2.15
1034 0.46
1646 2.24
2257 0.31
06
SÁB
0447 2.41
1046 0.31
1701 2.36
2316 0.09
22
SEG
0517 2.15
1108 0.51
1721 2.24
2334 0.34
07
DOM
0538 2.32
1131 0.44
1749 2.30
23
TER
0557 2.14
1146 0.57
1802 2.23
08
SEG
0006 0.20
0625 2.19
1214 0.59
1840 2.22
24
QUA
0012 0.40
0634 2.10
1223 0.64
1846 2.18
09
TER
0057 0.35
0714 2.05
1301 0.73
1931 2.12
25
QUI
0055 0.47
0717 2.04
1308 0.72
1932 2.13
10
QUA
0147 0.52
0806 1.92
1353 0.85
2027 2.02
26
SEX
0142 0.55
0808 1.97
1402 0.79
2027 2.07
11
QUI
0240 0.68
0904 1.82
1453 0.93
2129 1.94
27
SÁB
0238 0.62
0908 1.91
1508 0.81
2131 2.03
12
SEX
0344 0.79
1008 1.78
1604 0.95
2236 1.90
28
DOM
0344 0.66
1016 1.90
1621 0.78
2240 2.02
13
SÁB
0453 0.83
1114 1.79
1717 0.90
2342 1.90
29
SEG
0459 0.66
1125 1.93
1736 0.68
2351 2.06
14
DOM
0601 0.80
1212 1.86
1817 0.80
30
TER
0612 0.60
1232 2.02
1844 0.54
15
SEG
0042 1.93
0653 0.73
1302 1.94
1908 0.68
31
QUA
0059 2.13
0719 0.51
1331 2.12
1947 0.37
16
TER
0132 1.98
0736 0.64
1347 2.03
1953 0.56
DG6-62 Original
