104
PORTO DE ILHÉUS - MALHADO (ESTADO DA BAHIA) - 2025
Latitude 14° 46'.8 S Longitude 39° 01'.6 W Fuso UTC -03.0 horas
DHN 16 Componentes Nível Médio 1.11 m Carta 1201
Janeiro
HORA ALT(m) HORA ALT(m)
01
QUA
0434 1.86
1029 0.33
1646 1.97
2259 0.17
17
SEX
0538 1.78
1138 0.43
1746 1.87
02
QUI
0510 1.85
1110 0.35
1721 1.97
2342 0.22
18
SÁB
0004 0.34
0610 1.71
1210 0.51
1819 1.80
03
SEX
0555 1.83
1155 0.39
1804 1.94
19
DOM
0040 0.47
0649 1.64
1246 0.60
1902 1.72
04
SÁB
0025 0.29
0640 1.79
1242 0.44
1857 1.90
20
SEG
0110 0.60
0731 1.57
1316 0.69
1949 1.63
05
DOM
0110 0.38
0731 1.75
1327 0.52
1953 1.85
21
TER
0153 0.73
0812 1.51
1410 0.79
2042 1.55
06
SEG
0204 0.49
0821 1.71
1429 0.59
2051 1.79
22
QUA
0259 0.84
0910 1.46
1529 0.84
2202 1.49
07
TER
0308 0.58
0921 1.68
1540 0.62
2159 1.74
23
QUI
0414 0.90
1044 1.46
1657 0.83
2325 1.50
08
QUA
0412 0.63
1036 1.68
1647 0.61
2308 1.75
24
SEX
0551 0.87
1153 1.52
1823 0.72
09
QUI
0529 0.62
1140 1.72
1804 0.54
25
SÁB
0036 1.57
0655 0.76
1255 1.62
1916 0.57
10
SEX
0016 1.78
0638 0.56
1244 1.79
1906 0.43
26
DOM
0136 1.67
0740 0.63
1349 1.75
2006 0.41
11
SÁB
0123 1.83
0732 0.48
1344 1.86
2002 0.31
27
SEG
0216 1.78
0825 0.49
1427 1.88
2051 0.25
12
DOM
0216 1.89
0827 0.40
1429 1.93
2053 0.21
28
TER
0301 1.87
0904 0.35
1506 1.99
2129 0.13
13
SEG
0302 1.92
0912 0.34
1512 1.97
2136 0.15
29
QUA
0340 1.94
0944 0.24
1551 2.07
2204 0.05
14
TER
0347 1.91
0953 0.31
1557 1.98
2214 0.13
30
QUI
0417 1.98
1016 0.18
1631 2.12
2246 0.03
15
QUA
0427 1.89
1025 0.32
1636 1.96
2251 0.17
31
SEX
0459 2.01
1057 0.16
1708 2.13
2323 0.07
16
QUI
0504 1.85
1102 0.36
1710 1.93
2329 0.24
Fevereiro
HORA ALT(m) HORA ALT(m)
01
SÁB
0534 1.99
1138 0.19
1749 2.09
17
SEG
0602 1.73
1204 0.46
1817 1.78
02
DOM
0004 0.15
0612 1.94
1217 0.27
1832 2.01
18
TER
0027 0.54
0634 1.65
1236 0.57
1857 1.67
03
SEG
0047 0.28
0659 1.85
1301 0.38
1923 1.90
19
QUA
0059 0.68
0712 1.57
1308 0.69
1946 1.55
04
TER
0132 0.45
0751 1.76
1355 0.52
2016 1.77
20
QUI
0132 0.83
0801 1.49
1406 0.81
2047 1.44
05
QUA
0234 0.62
0849 1.66
1502 0.64
2123 1.66
21
SEX
0249 0.95
0910 1.42
1553 0.87
2249 1.40
06
QUI
0347 0.74
1001 1.59
1617 0.70
2253 1.61
22
SÁB
0444 0.98
1108 1.46
1759 0.79
07
SEX
0506 0.79
1116 1.60
1753 0.66
23
DOM
0012 1.49
0632 0.85
1227 1.59
1901 0.61
08
SÁB
0008 1.64
0632 0.72
1231 1.68
1904 0.53
24
SEG
0116 1.63
0717 0.67
1327 1.76
1947 0.41
09
DOM
0125 1.73
0731 0.61
1338 1.79
2001 0.39
25
TER
0201 1.79
0804 0.47
1408 1.94
2031 0.22
10
SEG
0214 1.82
0823 0.48
1421 1.89
2047 0.26
26
QUA
0240 1.93
0846 0.28
1451 2.08
2108 0.06
11
TER
0255 1.88
0902 0.38
1501 1.97
2125 0.16
27
QUI
0314 2.04
0921 0.13
1529 2.18
2147 -0.04
12
QUA
0331 1.92
0936 0.30
1538 2.01
2159 0.12
28
SEX
0355 2.10
0959 0.03
1608 2.24
2221 -0.07
13
QUI
0406 1.92
1006 0.26
1612 2.02
2227 0.13
14
SEX
0438 1.90
1034 0.26
1647 2.00
2259 0.18
15
SÁB
0506 1.86
1104 0.30
1716 1.96
2329 0.28
16
DOM
0536 1.80
1136 0.37
1749 1.88
2359 0.40
Março
HORA ALT(m) HORA ALT(m)
01
SÁB
0432 2.12
1034 0.01
1649 2.24
2259 -0.02
17
SEG
0502 1.85
1102 0.29
1716 1.89
2321 0.39
02
DOM
0508 2.10
1112 0.05
1727 2.17
2340 0.09
18
TER
0529 1.78
1134 0.39
1749 1.78
2353 0.53
03
SEG
0547 2.02
1155 0.16
1806 2.05
19
QUA
0557 1.70
1204 0.50
1821 1.66
04
TER
0019 0.26
0629 1.90
1240 0.31
1857 1.88
20
QUI
0019 0.67
0629 1.61
1244 0.63
1906 1.53
05
QUA
0102 0.47
0719 1.75
1325 0.50
1957 1.72
21
SEX
0057 0.81
0719 1.52
1329 0.77
2010 1.42
06
QUI
0201 0.68
0816 1.62
1442 0.67
2102 1.57
22
SÁB
0153 0.95
0829 1.45
1512 0.86
2201 1.37
07
SEX
0321 0.84
0936 1.52
1604 0.75
2242 1.51
23
DOM
0359 0.99
1032 1.46
1717 0.80
2342 1.48
08
SÁB
0457 0.89
1106 1.54
1749 0.71
24
SEG
0555 0.87
1155 1.61
1834 0.61
09
DOM
0008 1.57
0632 0.80
1221 1.63
1902 0.57
25
TER
0044 1.64
0653 0.66
1255 1.80
1917 0.40
10
SEG
0123 1.68
0725 0.66
1325 1.76
1947 0.42
26
QUA
0132 1.82
0732 0.43
1344 1.99
2001 0.20
11
TER
0202 1.80
0808 0.52
1406 1.89
2029 0.29
27
QUI
0208 1.98
0816 0.23
1421 2.14
2042 0.04
12
QUA
0234 1.87
0842 0.39
1440 1.98
2102 0.19
28
SEX
0249 2.10
0857 0.06
1502 2.24
2119 -0.06
13
QUI
0304 1.92
0912 0.29
1512 2.03
2132 0.14
29
SÁB
0325 2.17
0934 -0.04
1546 2.28
2159 -0.08
14
SEX
0334 1.94
0942 0.23
1547 2.04
2201 0.13
30
DOM
0404 2.18
1010 -0.06
1627 2.24
2234 -0.02
15
SÁB
0406 1.93
1006 0.20
1617 2.02
2225 0.18
31
SEG
0447 2.13
1051 -0.00
1706 2.15
2316 0.12
16
DOM
0436 1.89
1034 0.23
1651 1.97
2255 0.27
Abril
HORA ALT(m) HORA ALT(m)
01
TER
0521 2.03
1134 0.13
1749 2.00
2359 0.30
17
QUI
0534 1.71
1147 0.48
1802 1.62
2359 0.68
02
QUA
0604 1.89
1219 0.30
1838 1.82
18
SEX
0608 1.64
1229 0.60
1853 1.52
03
QUI
0046 0.52
0655 1.73
1308 0.50
1944 1.65
19
SÁB
0044 0.80
0704 1.56
1321 0.72
2001 1.45
04
SEX
0140 0.73
0801 1.59
1425 0.68
2055 1.52
20
DOM
0144 0.90
0816 1.52
1455 0.78
2121 1.43
05
SÁB
0306 0.88
0914 1.51
1559 0.75
2229 1.48
21
SEG
0327 0.92
0949 1.55
1621 0.73
2259 1.53
06
DOM
0438 0.91
1053 1.53
1731 0.71
2349 1.56
22
TER
0457 0.82
1112 1.68
1747 0.59
2359 1.68
07
SEG
0612 0.82
1201 1.63
1840 0.59
23
QUA
0608 0.62
1212 1.84
1842 0.40
08
TER
0049 1.66
0701 0.68
1255 1.75
1919 0.46
24
QUI
0049 1.84
0659 0.41
1308 2.00
1923 0.23
09
QUA
0132 1.76
0732 0.55
1338 1.87
1957 0.35
25
SEX
0138 1.99
0742 0.22
1355 2.14
2008 0.10
10
QUI
0204 1.84
0808 0.42
1410 1.95
2031 0.27
26
SÁB
0216 2.10
0825 0.06
1438 2.21
2053 0.02
11
SEX
0232 1.89
0842 0.31
1446 2.00
2102 0.22
27
DOM
0259 2.16
0908 -0.03
1519 2.22
2132 0.01
12
SÁB
0302 1.92
0910 0.24
1516 2.00
2131 0.21
28
SEG
0340 2.15
0951 -0.04
1604 2.17
2212 0.07
13
DOM
0332 1.91
0942 0.21
1551 1.97
2201 0.25
29
TER
0421 2.09
1031 0.02
1651 2.07
2255 0.20
14
SEG
0404 1.88
1006 0.22
1623 1.91
2223 0.32
30
QUA
0504 2.00
1117 0.14
1736 1.93
2342 0.37
15
TER
0436 1.84
1038 0.28
1659 1.83
2255 0.43
16
QUA
0502 1.78
1110 0.37
1727 1.73
2325 0.55
DG6-62 Original
105
PORTO DE ILHÉUS - MALHADO (ESTADO DA BAHIA) - 2025
Latitude 14° 46'.8 S Longitude 39° 01'.6 W Fuso UTC -03.0 horas
DHN 16 Componentes Nível Médio 1.11 m Carta 1201
Maio
HORA ALT(m) HORA ALT(m)
01
QUI
0549 1.87
1208 0.30
1825 1.76
17
SÁB
0604 1.69
1229 0.54
1849 1.55
02
SEX
0032 0.55
0640 1.73
1302 0.48
1931 1.62
18
DOM
0044 0.73
0701 1.65
1317 0.62
1953 1.53
03
SÁB
0127 0.73
0749 1.62
1412 0.63
2040 1.53
19
SEG
0140 0.79
0804 1.64
1432 0.66
2055 1.54
04
DOM
0253 0.85
0857 1.55
1538 0.70
2201 1.50
20
TER
0259 0.79
0912 1.67
1547 0.64
2206 1.60
05
SEG
0406 0.87
1016 1.56
1649 0.69
2308 1.56
21
QUA
0406 0.71
1031 1.75
1653 0.56
2310 1.72
06
TER
0519 0.82
1117 1.64
1757 0.62
22
QUI
0517 0.59
1132 1.86
1759 0.44
07
QUA
0002 1.63
0616 0.72
1212 1.73
1844 0.54
23
SEX
0004 1.84
0619 0.42
1229 1.97
1851 0.32
08
QUI
0047 1.70
0657 0.59
1301 1.81
1916 0.45
24
SÁB
0059 1.95
0708 0.26
1325 2.06
1936 0.22
09
SEX
0125 1.78
0729 0.48
1342 1.88
1955 0.39
25
DOM
0149 2.04
0759 0.14
1412 2.11
2025 0.16
10
SÁB
0201 1.83
0806 0.38
1414 1.91
2029 0.35
26
SEG
0232 2.08
0849 0.06
1501 2.11
2112 0.14
11
DOM
0231 1.86
0844 0.30
1453 1.92
2102 0.33
27
TER
0316 2.08
0936 0.03
1549 2.06
2157 0.18
12
SEG
0304 1.86
0916 0.26
1525 1.88
2136 0.35
28
QUA
0404 2.03
1017 0.07
1640 1.98
2240 0.27
13
TER
0340 1.84
0953 0.25
1604 1.83
2204 0.40
29
QUI
0453 1.96
1108 0.16
1723 1.87
2329 0.40
14
QUA
0412 1.81
1021 0.29
1644 1.76
2238 0.48
30
SEX
0536 1.87
1201 0.28
1814 1.75
15
QUI
0451 1.78
1101 0.36
1716 1.69
2312 0.56
31
SÁB
0019 0.53
0625 1.77
1253 0.42
1912 1.64
16
SEX
0523 1.73
1144 0.45
1759 1.62
2355 0.65
Junho
HORA ALT(m) HORA ALT(m)
01
DOM
0108 0.66
0725 1.68
1347 0.55
2008 1.57
17
TER
0121 0.62
0749 1.78
1402 0.53
2021 1.66
02
SEG
0210 0.77
0821 1.63
1459 0.64
2108 1.53
18
QUA
0225 0.65
0846 1.77
1506 0.56
2119 1.68
03
TER
0319 0.82
0925 1.60
1601 0.68
2216 1.53
19
QUI
0331 0.63
0951 1.78
1606 0.56
2227 1.73
04
QUA
0417 0.81
1034 1.62
1659 0.69
2308 1.58
20
SEX
0434 0.57
1059 1.83
1714 0.53
2327 1.80
05
QUI
0519 0.76
1125 1.67
1757 0.65
2359 1.63
21
SÁB
0546 0.48
1201 1.88
1817 0.46
06
SEX
0612 0.67
1216 1.72
1842 0.60
22
DOM
0025 1.87
0647 0.36
1302 1.93
1912 0.38
07
SÁB
0044 1.68
0659 0.57
1306 1.76
1917 0.54
23
SEG
0125 1.94
0740 0.25
1359 1.97
2008 0.32
08
DOM
0125 1.74
0736 0.47
1353 1.80
2001 0.50
24
TER
0214 1.99
0836 0.16
1449 1.99
2101 0.28
09
SEG
0204 1.78
0817 0.38
1429 1.81
2042 0.46
25
QUA
0302 2.01
0925 0.11
1538 1.97
2147 0.27
10
TER
0244 1.81
0901 0.32
1508 1.80
2116 0.44
26
QUI
0351 2.00
1010 0.10
1627 1.93
2227 0.30
11
QUA
0317 1.82
0940 0.28
1551 1.78
2155 0.44
27
SEX
0440 1.97
1057 0.15
1710 1.87
2314 0.37
12
QUI
0401 1.82
1012 0.28
1632 1.75
2227 0.46
28
SÁB
0519 1.92
1144 0.23
1757 1.79
2359 0.46
13
SEX
0442 1.82
1055 0.31
1708 1.72
2306 0.50
29
DOM
0602 1.85
1229 0.34
1840 1.70
14
SÁB
0517 1.81
1138 0.36
1753 1.69
2351 0.54
30
SEG
0042 0.55
0649 1.77
1310 0.46
1931 1.62
15
DOM
0601 1.80
1221 0.41
1838 1.66
16
SEG
0036 0.58
0651 1.78
1306 0.47
1931 1.65
Julho
HORA ALT(m) HORA ALT(m)
01
TER
0119 0.65
0742 1.70
1359 0.59
2014 1.57
17
QUI
0153 0.53
0812 1.82
1431 0.54
2046 1.72
02
QUA
0212 0.74
0829 1.64
1459 0.70
2104 1.52
18
SEX
0257 0.58
0914 1.77
1536 0.62
2151 1.69
03
QUI
0314 0.79
0929 1.59
1557 0.76
2208 1.51
19
SÁB
0402 0.60
1029 1.73
1642 0.65
2301 1.71
04
SEX
0414 0.80
1042 1.58
1659 0.79
2306 1.53
20
DOM
0517 0.57
1140 1.75
1801 0.61
05
SÁB
0525 0.76
1140 1.60
1802 0.76
21
SEG
0004 1.76
0632 0.47
1249 1.80
1902 0.53
06
DOM
0002 1.58
0625 0.68
1236 1.63
1855 0.70
22
TER
0112 1.84
0731 0.35
1353 1.86
2001 0.44
07
SEG
0057 1.64
0712 0.56
1331 1.68
1938 0.63
23
QUA
0206 1.92
0829 0.23
1442 1.92
2051 0.35
08
TER
0147 1.72
0802 0.45
1414 1.74
2021 0.54
24
QUI
0253 1.98
0917 0.14
1527 1.94
2134 0.29
09
QUA
0225 1.79
0849 0.35
1459 1.77
2104 0.46
25
SEX
0338 2.01
1001 0.10
1610 1.93
2212 0.27
10
QUI
0304 1.85
0927 0.26
1538 1.80
2144 0.40
26
SÁB
0419 2.01
1036 0.12
1651 1.90
2249 0.30
11
SEX
0349 1.90
1004 0.21
1617 1.82
2214 0.37
27
DOM
0459 1.99
1116 0.18
1723 1.84
2325 0.36
12
SÁB
0429 1.93
1044 0.20
1659 1.83
2255 0.36
28
SEG
0534 1.93
1153 0.28
1801 1.77
13
DOM
0506 1.95
1123 0.22
1736 1.82
2336 0.37
29
TER
0001 0.44
0608 1.85
1227 0.41
1834 1.68
14
SEG
0547 1.95
1204 0.27
1812 1.81
30
QUA
0034 0.53
0649 1.75
1301 0.55
1914 1.60
15
TER
0016 0.40
0631 1.92
1249 0.34
1901 1.78
31
QUI
0106 0.64
0734 1.66
1336 0.69
1959 1.54
16
QUA
0101 0.45
0719 1.88
1332 0.44
1953 1.75
Agosto
HORA ALT(m) HORA ALT(m)
01
SEX
0147 0.74
0819 1.56
1434 0.82
2047 1.47
17
DOM
0346 0.66
1008 1.62
1619 0.78
2246 1.62
02
SÁB
0302 0.82
0932 1.48
1551 0.90
2210 1.44
18
SEG
0508 0.66
1131 1.64
1755 0.74
2359 1.68
03
DOM
0425 0.84
1102 1.48
1721 0.91
2325 1.49
19
TER
0632 0.55
1247 1.72
1902 0.62
04
SEG
0602 0.77
1212 1.53
1834 0.83
20
QUA
0106 1.79
0731 0.40
1349 1.82
1953 0.49
05
TER
0031 1.58
0701 0.63
1316 1.62
1919 0.70
21
QUI
0159 1.91
0823 0.26
1431 1.90
2040 0.37
06
QUA
0127 1.70
0749 0.47
1402 1.72
2006 0.56
22
SEX
0240 2.00
0904 0.15
1508 1.95
2116 0.28
07
QUI
0208 1.83
0832 0.32
1442 1.81
2049 0.42
23
SÁB
0316 2.05
0940 0.10
1546 1.95
2151 0.23
08
SEX
0251 1.94
0910 0.19
1517 1.89
2123 0.30
24
DOM
0355 2.05
1010 0.10
1619 1.93
2217 0.23
09
SÁB
0329 2.02
0949 0.10
1559 1.94
2201 0.21
25
SEG
0429 2.03
1042 0.16
1653 1.89
2249 0.27
10
DOM
0408 2.08
1021 0.07
1636 1.97
2234 0.18
26
TER
0502 1.98
1112 0.26
1717 1.82
2319 0.34
11
SEG
0449 2.10
1101 0.09
1708 1.97
2310 0.19
27
QUA
0532 1.89
1144 0.38
1749 1.74
2351 0.43
12
TER
0525 2.08
1140 0.15
1749 1.94
2353 0.24
28
QUI
0604 1.78
1212 0.53
1816 1.65
13
QUA
0604 2.02
1219 0.26
1829 1.87
29
SEX
0021 0.55
0640 1.66
1244 0.68
1853 1.56
14
QUI
0036 0.33
0653 1.92
1302 0.41
1917 1.79
30
SÁB
0059 0.68
0729 1.53
1314 0.83
1944 1.48
15
SEX
0121 0.46
0751 1.81
1357 0.57
2010 1.70
31
DOM
0146 0.81
0831 1.42
1425 0.97
2053 1.41
16
SÁB
0227 0.59
0851 1.69
1504 0.71
2117 1.63
DG6-62 Original
106
PORTO DE ILHÉUS - MALHADO (ESTADO DA BAHIA) - 2025
Latitude 14° 46'.8 S Longitude 39° 01'.6 W Fuso UTC -03.0 horas
DHN 16 Componentes Nível Médio 1.11 m Carta 1201
Setembro
HORA ALT(m) HORA ALT(m)
01
SEG
0340 0.88
1034 1.38
1625 1.01
2257 1.43
17
QUA
0631 0.56
1242 1.70
1857 0.65
02
TER
0542 0.82
1159 1.47
1814 0.89
18
QUI
0053 1.78
0721 0.41
1336 1.81
1938 0.51
03
QUA
0006 1.56
0647 0.65
1259 1.60
1902 0.71
19
SEX
0142 1.91
0804 0.28
1410 1.90
2017 0.38
04
QUI
0104 1.72
0727 0.46
1344 1.75
1944 0.53
20
SÁB
0217 2.01
0840 0.19
1444 1.95
2051 0.27
05
SEX
0151 1.89
0808 0.28
1416 1.88
2021 0.35
21
DOM
0253 2.06
0910 0.13
1512 1.97
2119 0.21
06
SÁB
0227 2.03
0847 0.13
1455 1.99
2101 0.19
22
SEG
0323 2.06
0942 0.13
1546 1.95
2151 0.19
07
DOM
0304 2.14
0921 0.02
1529 2.06
2136 0.08
23
TER
0359 2.03
1006 0.18
1614 1.91
2214 0.21
08
SEG
0344 2.19
0959 -0.02
1606 2.09
2208 0.03
24
QUA
0431 1.96
1036 0.27
1646 1.85
2246 0.28
09
TER
0423 2.20
1032 0.01
1646 2.08
2247 0.05
25
QUI
0502 1.88
1102 0.39
1710 1.77
2314 0.38
10
QUA
0502 2.15
1110 0.10
1719 2.02
2327 0.13
26
SEX
0532 1.76
1132 0.54
1742 1.69
2349 0.50
11
QUI
0544 2.05
1153 0.24
1801 1.92
27
SÁB
0604 1.63
1202 0.68
1810 1.59
12
SEX
0010 0.27
0629 1.90
1240 0.43
1849 1.79
28
DOM
0025 0.64
0649 1.50
1240 0.83
1857 1.50
13
SÁB
0101 0.44
0727 1.74
1329 0.63
1951 1.66
29
SEG
0110 0.78
0759 1.39
1329 0.97
2010 1.43
14
DOM
0204 0.61
0834 1.60
1451 0.80
2101 1.57
30
TER
0257 0.88
0942 1.35
1547 1.02
2212 1.44
15
SEG
0336 0.71
1002 1.53
1614 0.86
2234 1.56
16
TER
0508 0.69
1131 1.59
1755 0.79
2351 1.65
Outubro
HORA ALT(m) HORA ALT(m)
01
QUA
0457 0.82
1125 1.45
1738 0.91
2334 1.58
17
SEX
0027 1.78
0659 0.45
1308 1.78
1910 0.53
02
QUI
0616 0.65
1221 1.61
1832 0.71
18
SÁB
0114 1.88
0732 0.35
1344 1.86
1946 0.41
03
SEX
0031 1.76
0659 0.45
1308 1.78
1910 0.49
19
DOM
0153 1.97
0808 0.27
1412 1.92
2019 0.31
04
SÁB
0119 1.94
0736 0.27
1349 1.94
1951 0.29
20
SEG
0223 2.01
0842 0.23
1444 1.93
2053 0.24
05
DOM
0201 2.10
0814 0.11
1421 2.06
2029 0.12
21
TER
0259 2.01
0910 0.22
1512 1.93
2121 0.20
06
SEG
0238 2.20
0855 0.01
1459 2.14
2106 -0.00
22
QUA
0329 1.97
0942 0.26
1546 1.89
2153 0.21
07
TER
0316 2.24
0931 -0.03
1538 2.16
2147 -0.05
23
QUI
0404 1.91
1006 0.33
1614 1.84
2219 0.27
08
QUA
0359 2.22
1006 -0.00
1617 2.13
2223 -0.02
24
SEX
0442 1.82
1036 0.43
1649 1.78
2253 0.36
09
QUI
0442 2.15
1047 0.11
1659 2.05
2304 0.09
25
SÁB
0510 1.71
1106 0.56
1716 1.70
2331 0.48
10
SEX
0523 2.02
1131 0.27
1740 1.93
2355 0.25
26
DOM
0549 1.60
1142 0.68
1753 1.62
11
SÁB
0610 1.85
1217 0.47
1827 1.78
27
SEG
0010 0.60
0632 1.49
1221 0.81
1840 1.55
12
DOM
0049 0.43
0712 1.68
1312 0.67
1936 1.64
28
TER
0102 0.72
0744 1.41
1314 0.91
1957 1.50
13
SEG
0155 0.61
0823 1.56
1438 0.83
2051 1.55
29
QUA
0225 0.80
0901 1.40
1501 0.95
2117 1.51
14
TER
0325 0.70
0955 1.51
1604 0.87
2217 1.56
30
QUI
0402 0.77
1036 1.48
1627 0.86
2251 1.62
15
QUA
0455 0.68
1117 1.58
1734 0.80
2329 1.66
31
SEX
0523 0.65
1134 1.63
1744 0.69
2353 1.78
16
QUI
0612 0.57
1219 1.68
1832 0.67
Novembro
HORA ALT(m) HORA ALT(m)
01
SÁB
0617 0.48
1223 1.78
1834 0.48
17
SEG
0121 1.87
0734 0.42
1344 1.83
1949 0.39
02
DOM
0042 1.94
0701 0.31
1310 1.94
1914 0.28
18
TER
0201 1.91
0810 0.37
1412 1.86
2025 0.32
03
SEG
0129 2.08
0742 0.17
1353 2.06
1959 0.12
19
QUA
0234 1.91
0847 0.35
1449 1.87
2102 0.26
04
TER
0210 2.17
0825 0.07
1431 2.14
2044 -0.00
20
QUI
0308 1.88
0917 0.36
1519 1.85
2136 0.25
05
QUA
0255 2.21
0906 0.03
1510 2.16
2125 -0.04
21
SEX
0349 1.83
0953 0.40
1559 1.82
2206 0.28
06
QUI
0338 2.17
0949 0.06
1555 2.12
2206 -0.02
22
SÁB
0425 1.76
1019 0.46
1634 1.78
2244 0.34
07
SEX
0425 2.09
1027 0.16
1642 2.04
2253 0.08
23
DOM
0502 1.69
1055 0.55
1706 1.74
2323 0.43
08
SÁB
0510 1.97
1114 0.31
1723 1.93
2344 0.23
24
SEG
0542 1.62
1136 0.63
1747 1.69
09
DOM
0601 1.82
1206 0.48
1814 1.80
25
TER
0006 0.52
0623 1.55
1217 0.71
1834 1.65
10
SEG
0042 0.39
0702 1.67
1302 0.65
1919 1.68
26
QUA
0057 0.60
0719 1.51
1306 0.77
1938 1.62
11
TER
0144 0.55
0808 1.58
1414 0.79
2027 1.60
27
QUI
0157 0.67
0819 1.51
1416 0.81
2042 1.63
12
QUA
0304 0.65
0921 1.53
1540 0.84
2144 1.59
28
SEX
0310 0.69
0927 1.55
1536 0.77
2155 1.68
13
QUI
0416 0.66
1044 1.56
1647 0.81
2259 1.65
29
SÁB
0416 0.64
1042 1.64
1644 0.66
2304 1.78
14
SEX
0527 0.62
1138 1.63
1753 0.72
2351 1.73
30
DOM
0525 0.54
1138 1.76
1751 0.51
15
SÁB
0619 0.55
1223 1.70
1836 0.61
16
DOM
0038 1.80
0701 0.48
1306 1.77
1912 0.49
Dezembro
HORA ALT(m) HORA ALT(m)
01
SEG
0002 1.89
0623 0.41
1229 1.88
1846 0.34
17
QUA
0140 1.76
0747 0.54
1355 1.76
2006 0.41
02
TER
0059 1.99
0710 0.29
1321 1.99
1932 0.19
18
QUI
0216 1.79
0827 0.49
1429 1.80
2051 0.33
03
QUA
0151 2.07
0801 0.20
1408 2.07
2023 0.08
19
SEX
0259 1.80
0904 0.45
1506 1.83
2125 0.28
04
QUI
0238 2.10
0849 0.15
1455 2.11
2112 0.01
20
SÁB
0338 1.79
0944 0.43
1547 1.84
2202 0.26
05
SEX
0323 2.09
0934 0.15
1542 2.09
2159 0.01
21
DOM
0416 1.77
1012 0.44
1625 1.84
2240 0.28
06
SÁB
0414 2.03
1016 0.20
1629 2.04
2246 0.07
22
SEG
0457 1.75
1051 0.46
1702 1.84
2316 0.32
07
DOM
0502 1.95
1104 0.30
1714 1.97
2336 0.18
23
TER
0531 1.71
1127 0.50
1740 1.83
2359 0.38
08
SEG
0551 1.84
1155 0.42
1802 1.87
24
QUA
0608 1.68
1206 0.54
1819 1.80
09
TER
0027 0.31
0644 1.73
1247 0.56
1857 1.77
25
QUI
0042 0.45
0655 1.66
1253 0.59
1910 1.77
10
QUA
0117 0.45
0744 1.63
1338 0.68
1957 1.69
26
SEX
0123 0.53
0749 1.65
1342 0.63
2004 1.75
11
QUI
0221 0.58
0840 1.57
1449 0.77
2057 1.63
27
SÁB
0223 0.60
0842 1.64
1449 0.66
2106 1.73
12
SEX
0329 0.67
0944 1.53
1555 0.80
2202 1.61
28
DOM
0329 0.63
0946 1.66
1557 0.63
2219 1.74
13
SÁB
0427 0.70
1049 1.55
1655 0.78
2304 1.64
29
SEG
0434 0.62
1057 1.71
1708 0.57
2327 1.79
14
DOM
0532 0.70
1138 1.59
1757 0.72
30
TER
0549 0.56
1159 1.80
1819 0.45
15
SEG
0001 1.68
0623 0.66
1223 1.64
1846 0.62
31
QUA
0034 1.86
0653 0.46
1301 1.89
1917 0.30
16
TER
0053 1.72
0706 0.60
1312 1.70
1921 0.51
DG6-62 Original
