77
PORTO DE CABEDELO (ESTADO DA PARAÍBA) - 2025
Latitude 06° 58'.2 S Longitude 34° 50'.4 W Fuso UTC -03.0 horas
DNPVN 43 Componentes Nível Médio 1.33 m Carta 830
Janeiro
HORA ALT(m) HORA ALT(m)
01
QUA
0516 2.13
1112 0.27
1725 2.31
2342 0.10
17
SEX
0021 0.20
0636 2.07
1223 0.35
1844 2.18
02
QUI
0557 2.14
1153 0.26
1806 2.32
18
SÁB
0055 0.31
0708 2.00
1259 0.44
1919 2.06
03
SEX
0021 0.12
0640 2.11
1234 0.28
1849 2.28
19
DOM
0127 0.43
0744 1.90
1332 0.55
1957 1.93
04
SÁB
0104 0.17
0723 2.07
1319 0.33
1938 2.21
20
SEG
0202 0.57
0821 1.81
1412 0.66
2040 1.80
05
DOM
0155 0.26
0814 2.00
1410 0.41
2034 2.12
21
TER
0246 0.69
0908 1.72
1508 0.77
2129 1.68
06
SEG
0249 0.37
0910 1.93
1512 0.48
2134 2.01
22
QUA
0340 0.79
1006 1.66
1621 0.83
2238 1.60
07
TER
0351 0.47
1014 1.88
1623 0.52
2246 1.93
23
QUI
0455 0.84
1119 1.65
1738 0.82
08
QUA
0502 0.54
1125 1.88
1740 0.52
24
SEX
0001 1.60
0610 0.82
1231 1.72
1859 0.73
09
QUI
0001 1.90
0614 0.55
1236 1.93
1859 0.45
25
SÁB
0112 1.67
0719 0.74
1331 1.83
1957 0.59
10
SEX
0114 1.93
0725 0.51
1342 2.01
2002 0.34
26
DOM
0208 1.80
0810 0.62
1423 1.97
2046 0.43
11
SÁB
0217 1.99
0821 0.45
1442 2.12
2059 0.23
27
SEG
0259 1.93
0857 0.48
1508 2.13
2125 0.27
12
DOM
0314 2.06
0912 0.37
1532 2.22
2147 0.14
28
TER
0342 2.07
0938 0.35
1551 2.28
2204 0.13
13
SEG
0402 2.11
0959 0.31
1616 2.29
2229 0.09
29
QUA
0421 2.19
1017 0.22
1631 2.41
2246 0.02
14
TER
0447 2.15
1040 0.27
1659 2.33
2310 0.09
30
QUI
0501 2.29
1059 0.13
1710 2.50
2323 -0.03
15
QUA
0523 2.15
1116 0.26
1734 2.32
2347 0.13
31
SEX
0540 2.34
1136 0.08
1751 2.53
16
QUI
0601 2.12
1151 0.29
1808 2.27
Fevereiro
HORA ALT(m) HORA ALT(m)
01
SÁB
0002 -0.03
0617 2.34
1214 0.09
1829 2.49
17
SEG
0046 0.39
0702 2.11
1257 0.46
1916 2.07
02
DOM
0042 0.05
0659 2.29
1257 0.16
1916 2.39
18
TER
0114 0.53
0734 1.99
1327 0.60
1953 1.91
03
SEG
0123 0.18
0744 2.19
1344 0.28
2006 2.23
19
QUA
0149 0.69
0812 1.87
1410 0.75
2038 1.76
04
TER
0210 0.36
0834 2.06
1438 0.44
2102 2.05
20
QUI
0234 0.84
0904 1.75
1519 0.88
2144 1.63
05
QUA
0308 0.55
0936 1.93
1551 0.57
2212 1.88
21
SEX
0347 0.97
1019 1.68
1657 0.93
2319 1.59
06
QUI
0425 0.70
1051 1.85
1717 0.64
2340 1.80
22
SÁB
0534 0.98
1155 1.72
1834 0.84
07
SEX
0557 0.76
1216 1.86
1853 0.59
23
DOM
0055 1.68
0657 0.88
1306 1.85
1940 0.67
08
SÁB
0108 1.83
0717 0.70
1336 1.97
2001 0.46
24
SEG
0155 1.85
0755 0.71
1404 2.04
2027 0.47
09
DOM
0217 1.93
0817 0.58
1438 2.11
2055 0.32
25
TER
0242 2.03
0840 0.52
1453 2.24
2106 0.28
10
SEG
0310 2.05
0904 0.46
1523 2.25
2136 0.21
26
QUA
0323 2.21
0919 0.34
1532 2.43
2147 0.11
11
TER
0355 2.15
0946 0.35
1604 2.35
2212 0.14
27
QUI
0402 2.37
1001 0.18
1614 2.58
2223 -0.00
12
QUA
0429 2.23
1021 0.27
1640 2.41
2247 0.11
28
SEX
0442 2.49
1040 0.06
1655 2.68
2302 -0.05
13
QUI
0502 2.28
1055 0.22
1712 2.43
2319 0.12
14
SEX
0532 2.29
1125 0.22
1744 2.40
2351 0.18
15
SÁB
0602 2.26
1157 0.26
1812 2.33
16
DOM
0017 0.27
0632 2.20
1225 0.34
1844 2.21
Março
HORA ALT(m) HORA ALT(m)
01
SÁB
0517 2.55
1116 0.01
1731 2.69
2342 -0.02
17
SEG
0557 2.35
1153 0.36
1808 2.30
02
DOM
0557 2.54
1157 0.03
1812 2.62
18
TER
0006 0.44
0623 2.27
1221 0.47
1840 2.16
03
SEG
0017 0.09
0636 2.46
1238 0.14
1857 2.47
19
QUA
0034 0.58
0655 2.15
1255 0.61
1914 2.01
04
TER
0101 0.27
0717 2.32
1321 0.31
1947 2.26
20
QUI
0104 0.73
0729 2.02
1332 0.76
1959 1.85
05
QUA
0146 0.50
0808 2.14
1416 0.53
2044 2.03
21
SEX
0149 0.90
0817 1.89
1432 0.91
2102 1.72
06
QUI
0240 0.74
0908 1.96
1536 0.72
2157 1.83
22
SÁB
0259 1.04
0931 1.80
1614 0.97
2242 1.67
07
SEX
0406 0.93
1029 1.84
1716 0.80
2338 1.74
23
DOM
0455 1.07
1110 1.82
1753 0.88
08
SÁB
0557 0.96
1212 1.86
1855 0.72
24
SEG
0017 1.77
0617 0.95
1231 1.96
1902 0.70
09
DOM
0114 1.83
0719 0.86
1334 1.99
1957 0.58
25
TER
0121 1.97
0721 0.76
1332 2.16
1955 0.49
10
SEG
0214 1.97
0810 0.71
1431 2.15
2044 0.44
26
QUA
0210 2.17
0808 0.54
1421 2.38
2038 0.30
11
TER
0259 2.10
0851 0.57
1508 2.28
2116 0.34
27
QUI
0255 2.37
0855 0.33
1506 2.57
2117 0.14
12
QUA
0336 2.21
0925 0.45
1544 2.38
2149 0.27
28
SEX
0336 2.53
0936 0.16
1551 2.71
2159 0.03
13
QUI
0404 2.30
0957 0.35
1614 2.45
2217 0.24
29
SÁB
0416 2.65
1016 0.04
1632 2.78
2240 0.01
14
SEX
0432 2.37
1027 0.29
1646 2.47
2247 0.23
30
DOM
0457 2.70
1059 -0.00
1714 2.77
2319 0.07
15
SÁB
0501 2.40
1057 0.26
1712 2.46
2314 0.27
31
SEG
0536 2.67
1140 0.06
1759 2.67
16
DOM
0527 2.39
1123 0.29
1742 2.39
2342 0.34
Abril
HORA ALT(m) HORA ALT(m)
01
TER
0001 0.20
0617 2.57
1223 0.19
1844 2.49
17
QUI
0004 0.68
0623 2.21
1229 0.66
1849 2.02
02
QUA
0044 0.41
0702 2.41
1312 0.39
1936 2.26
18
SEX
0038 0.81
0701 2.11
1310 0.78
1936 1.90
03
QUI
0129 0.65
0753 2.21
1412 0.61
2036 2.02
19
SÁB
0121 0.94
0749 2.00
1410 0.89
2038 1.80
04
SEX
0229 0.88
0859 2.03
1540 0.79
2155 1.84
20
DOM
0227 1.05
0901 1.93
1542 0.93
2204 1.77
05
SÁB
0406 1.04
1023 1.91
1716 0.84
2340 1.80
21
SEG
0410 1.07
1025 1.94
1704 0.86
2334 1.86
06
DOM
0549 1.04
1204 1.94
1844 0.76
22
TER
0531 0.95
1147 2.05
1816 0.71
07
SEG
0104 1.90
0704 0.92
1319 2.05
1940 0.65
23
QUA
0040 2.04
0638 0.77
1251 2.23
1910 0.54
08
TER
0157 2.03
0753 0.78
1408 2.18
2017 0.56
24
QUI
0129 2.23
0732 0.56
1346 2.41
2001 0.37
09
QUA
0236 2.15
0829 0.66
1447 2.28
2053 0.48
25
SEX
0216 2.41
0819 0.36
1434 2.57
2047 0.24
10
QUI
0308 2.25
0901 0.55
1517 2.35
2119 0.43
26
SÁB
0302 2.56
0906 0.20
1521 2.68
2129 0.16
11
SEX
0336 2.33
0931 0.46
1549 2.39
2149 0.41
27
DOM
0347 2.67
0955 0.10
1608 2.72
2212 0.15
12
SÁB
0402 2.39
1001 0.41
1616 2.41
2214 0.40
28
SEG
0431 2.71
1040 0.07
1657 2.70
2259 0.21
13
DOM
0429 2.41
1029 0.39
1646 2.39
2244 0.43
29
TER
0516 2.69
1123 0.12
1744 2.59
2344 0.33
14
SEG
0459 2.41
1059 0.41
1712 2.34
2310 0.49
30
QUA
0601 2.60
1212 0.24
1832 2.43
15
TER
0525 2.37
1125 0.47
1744 2.25
2338 0.57
16
QUA
0555 2.31
1157 0.55
1812 2.15
DG6-62 Original
78
PORTO DE CABEDELO (ESTADO DA PARAÍBA) - 2025
Latitude 06° 58'.2 S Longitude 34° 50'.4 W Fuso UTC -03.0 horas
DNPVN 43 Componentes Nível Médio 1.33 m Carta 830
Maio
HORA ALT(m) HORA ALT(m)
01
QUI
0027 0.50
0647 2.46
1304 0.41
1925 2.24
17
SÁB
0032 0.82
0653 2.16
1308 0.73
1932 1.94
02
SEX
0117 0.70
0742 2.29
1406 0.60
2025 2.06
18
DOM
0119 0.90
0740 2.09
1406 0.79
2029 1.88
03
SÁB
0219 0.88
0847 2.13
1523 0.75
2136 1.92
19
SEG
0219 0.96
0844 2.04
1514 0.81
2138 1.88
04
DOM
0346 1.00
0959 2.02
1644 0.81
2301 1.87
20
TER
0338 0.96
0953 2.05
1623 0.77
2251 1.94
05
SEG
0506 1.01
1121 2.00
1759 0.78
21
QUA
0453 0.88
1104 2.11
1731 0.69
2357 2.05
06
TER
0016 1.93
0617 0.94
1232 2.05
1855 0.72
22
QUI
0557 0.75
1210 2.21
1831 0.58
07
QUA
0110 2.03
0712 0.83
1327 2.13
1940 0.66
23
SEX
0055 2.20
0657 0.59
1312 2.32
1925 0.48
08
QUI
0153 2.13
0755 0.72
1408 2.20
2014 0.60
24
SÁB
0144 2.34
0753 0.44
1406 2.43
2016 0.39
09
SEX
0229 2.22
0829 0.62
1446 2.25
2047 0.56
25
DOM
0236 2.45
0847 0.31
1501 2.49
2104 0.34
10
SÁB
0302 2.29
0902 0.55
1517 2.28
2116 0.53
26
SEG
0325 2.54
0936 0.22
1553 2.52
2155 0.33
11
DOM
0332 2.34
0936 0.50
1551 2.29
2147 0.53
27
TER
0412 2.59
1023 0.18
1644 2.50
2242 0.36
12
SEG
0404 2.37
1008 0.48
1623 2.28
2217 0.55
28
QUA
0501 2.59
1114 0.20
1731 2.43
2329 0.43
13
TER
0436 2.37
1042 0.49
1657 2.24
2251 0.59
29
QUI
0549 2.54
1204 0.28
1821 2.33
14
QUA
0506 2.34
1112 0.52
1729 2.18
2321 0.66
30
SEX
0014 0.53
0634 2.45
1257 0.39
1912 2.21
15
QUI
0540 2.29
1149 0.58
1804 2.10
2357 0.73
31
SÁB
0102 0.66
0725 2.32
1349 0.54
2004 2.08
16
SEX
0612 2.23
1225 0.65
1846 2.02
Junho
HORA ALT(m) HORA ALT(m)
01
DOM
0157 0.79
0819 2.19
1449 0.66
2101 1.97
17
TER
0206 0.74
0827 2.20
1449 0.62
2110 2.01
02
SEG
0257 0.90
0916 2.08
1553 0.76
2202 1.90
18
QUA
0306 0.76
0927 2.16
1549 0.64
2210 2.02
03
TER
0406 0.94
1019 2.00
1655 0.81
2306 1.90
19
QUI
0414 0.75
1032 2.14
1651 0.65
2316 2.06
04
QUA
0510 0.93
1125 1.97
1753 0.80
20
SEX
0521 0.69
1142 2.15
1757 0.63
05
QUI
0006 1.94
0610 0.88
1225 1.99
1842 0.77
21
SÁB
0019 2.14
0631 0.61
1249 2.19
1901 0.59
06
SEX
0057 2.02
0704 0.80
1317 2.03
1927 0.73
22
DOM
0119 2.23
0738 0.50
1353 2.24
2001 0.53
07
SÁB
0140 2.09
0751 0.72
1402 2.07
2006 0.68
23
SEG
0219 2.32
0836 0.39
1451 2.29
2057 0.48
08
DOM
0221 2.17
0832 0.64
1444 2.11
2046 0.64
24
TER
0314 2.41
0931 0.30
1547 2.33
2147 0.44
09
SEG
0301 2.24
0910 0.57
1523 2.15
2121 0.60
25
QUA
0406 2.49
1019 0.23
1640 2.35
2234 0.42
10
TER
0340 2.29
0951 0.51
1604 2.17
2201 0.59
26
QUI
0455 2.52
1110 0.22
1727 2.34
2319 0.43
11
QUA
0414 2.32
1025 0.48
1644 2.18
2238 0.59
27
SEX
0542 2.51
1157 0.25
1812 2.29
12
QUI
0453 2.34
1104 0.46
1719 2.17
2314 0.60
28
SÁB
0002 0.48
0623 2.46
1242 0.34
1857 2.22
13
SEX
0529 2.34
1144 0.47
1801 2.14
2353 0.63
29
DOM
0046 0.56
0706 2.36
1323 0.45
1940 2.12
14
SÁB
0606 2.32
1223 0.49
1842 2.11
30
SEG
0127 0.66
0751 2.24
1408 0.59
2021 2.02
15
DOM
0031 0.67
0647 2.29
1304 0.53
1925 2.07
16
SEG
0116 0.71
0732 2.24
1355 0.57
2014 2.03
Julho
HORA ALT(m) HORA ALT(m)
01
TER
0212 0.76
0836 2.11
1455 0.71
2106 1.94
17
QUI
0234 0.59
0859 2.23
1508 0.58
2134 2.08
02
QUA
0304 0.86
0921 1.98
1546 0.81
2159 1.87
18
SEX
0342 0.66
1001 2.13
1614 0.67
2240 2.04
03
QUI
0404 0.92
1017 1.89
1642 0.88
2257 1.85
19
SÁB
0455 0.68
1112 2.06
1731 0.72
2355 2.06
04
SEX
0506 0.93
1121 1.83
1742 0.89
20
DOM
0614 0.65
1232 2.05
1846 0.71
05
SÁB
0001 1.88
0614 0.90
1227 1.84
1838 0.87
21
SEG
0104 2.13
0731 0.56
1347 2.10
1955 0.64
06
DOM
0057 1.94
0716 0.83
1325 1.88
1932 0.81
22
TER
0212 2.24
0834 0.43
1449 2.18
2051 0.54
07
SEG
0147 2.02
0806 0.73
1416 1.95
2019 0.74
23
QUA
0310 2.37
0925 0.30
1546 2.27
2140 0.45
08
TER
0234 2.11
0853 0.63
1504 2.02
2102 0.67
24
QUI
0401 2.47
1012 0.22
1631 2.33
2225 0.39
09
QUA
0317 2.21
0934 0.53
1547 2.10
2142 0.60
25
SEX
0446 2.54
1059 0.18
1712 2.36
2304 0.35
10
QUI
0359 2.30
1010 0.43
1627 2.17
2221 0.53
26
SÁB
0525 2.56
1138 0.20
1753 2.35
2344 0.36
11
SEX
0436 2.37
1051 0.36
1706 2.22
2301 0.48
27
DOM
0602 2.52
1214 0.26
1829 2.30
12
SÁB
0512 2.43
1127 0.31
1744 2.25
2338 0.45
28
SEG
0019 0.42
0640 2.43
1251 0.37
1904 2.22
13
DOM
0551 2.46
1206 0.30
1821 2.26
29
TER
0055 0.51
0716 2.30
1323 0.51
1940 2.12
14
SEG
0014 0.44
0629 2.45
1246 0.32
1902 2.24
30
QUA
0131 0.63
0755 2.15
1401 0.66
2017 2.01
15
TER
0057 0.47
0714 2.41
1327 0.38
1946 2.20
31
QUI
0210 0.77
0836 1.99
1442 0.80
2102 1.90
16
QUA
0144 0.52
0802 2.33
1414 0.47
2036 2.14
Agosto
HORA ALT(m) HORA ALT(m)
01
SEX
0302 0.89
0921 1.85
1532 0.92
2157 1.82
17
DOM
0442 0.76
1101 1.92
1717 0.88
2342 1.97
02
SÁB
0412 0.97
1027 1.74
1647 1.00
2306 1.79
18
SEG
0616 0.73
1234 1.92
1846 0.84
03
DOM
0532 0.99
1151 1.71
1804 0.99
19
TER
0104 2.06
0734 0.60
1349 2.02
1953 0.71
04
SEG
0019 1.83
0657 0.91
1306 1.77
1914 0.92
20
QUA
0212 2.21
0831 0.45
1447 2.15
2044 0.58
05
TER
0123 1.93
0755 0.78
1404 1.88
2004 0.81
21
QUI
0302 2.36
0916 0.32
1534 2.26
2125 0.45
06
QUA
0219 2.06
0840 0.64
1451 2.00
2049 0.68
22
SEX
0347 2.47
0957 0.24
1612 2.35
2204 0.36
07
QUI
0302 2.20
0917 0.49
1534 2.12
2127 0.56
23
SÁB
0425 2.55
1032 0.20
1649 2.39
2242 0.30
08
SEX
0342 2.33
0955 0.36
1610 2.24
2204 0.44
24
DOM
0501 2.57
1106 0.21
1719 2.40
2312 0.29
09
SÁB
0417 2.45
1029 0.26
1647 2.33
2242 0.35
25
SEG
0532 2.53
1140 0.26
1753 2.38
2346 0.33
10
DOM
0455 2.54
1106 0.19
1721 2.39
2316 0.29
26
TER
0604 2.45
1208 0.36
1821 2.31
11
SEG
0531 2.59
1144 0.18
1759 2.40
2355 0.27
27
QUA
0016 0.42
0636 2.33
1238 0.48
1855 2.22
12
TER
0610 2.57
1219 0.22
1836 2.38
28
QUI
0047 0.54
0710 2.17
1306 0.63
1927 2.09
13
QUA
0034 0.31
0651 2.49
1301 0.32
1917 2.30
29
SEX
0121 0.69
0749 2.00
1342 0.79
2006 1.96
14
QUI
0116 0.41
0740 2.36
1344 0.47
2004 2.19
30
SÁB
0206 0.85
0834 1.84
1429 0.95
2102 1.83
15
SEX
0206 0.54
0834 2.19
1436 0.64
2102 2.07
31
DOM
0319 0.99
0940 1.70
1547 1.07
2216 1.76
16
SÁB
0314 0.68
0938 2.03
1546 0.80
2212 1.98
DG6-62 Original
79
PORTO DE CABEDELO (ESTADO DA PARAÍBA) - 2025
Latitude 06° 58'.2 S Longitude 34° 50'.4 W Fuso UTC -03.0 horas
DNPVN 43 Componentes Nível Médio 1.33 m Carta 830
Setembro
HORA ALT(m) HORA ALT(m)
01
SEG
0457 1.02
1112 1.66
1732 1.07
2349 1.79
17
QUA
0108 2.05
0736 0.59
1351 2.03
1953 0.72
02
TER
0632 0.93
1247 1.75
1849 0.96
18
QUI
0208 2.21
0821 0.46
1438 2.15
2034 0.58
03
QUA
0101 1.92
0731 0.77
1344 1.90
1944 0.80
19
SEX
0253 2.34
0901 0.35
1517 2.26
2108 0.46
04
QUI
0155 2.09
0814 0.59
1427 2.07
2023 0.63
20
SÁB
0329 2.43
0934 0.30
1551 2.33
2144 0.37
05
SEX
0238 2.27
0853 0.42
1508 2.22
2102 0.47
21
DOM
0402 2.47
1004 0.27
1617 2.37
2212 0.31
06
SÁB
0316 2.43
0927 0.27
1546 2.36
2142 0.32
22
SEG
0432 2.48
1034 0.29
1647 2.39
2244 0.30
07
DOM
0355 2.57
1004 0.16
1619 2.47
2217 0.20
23
TER
0501 2.44
1102 0.33
1714 2.37
2310 0.33
08
SEG
0432 2.65
1042 0.10
1659 2.53
2257 0.14
24
QUA
0529 2.37
1129 0.41
1744 2.32
2340 0.41
09
TER
0510 2.68
1117 0.11
1734 2.53
2334 0.15
25
QUI
0559 2.26
1157 0.51
1810 2.23
10
QUA
0551 2.63
1159 0.19
1814 2.47
26
SEX
0008 0.52
0629 2.12
1221 0.64
1842 2.11
11
QUI
0014 0.22
0634 2.50
1238 0.34
1857 2.36
27
SÁB
0042 0.66
0702 1.96
1253 0.79
1916 1.98
12
SEX
0101 0.37
0723 2.32
1321 0.54
1944 2.20
28
DOM
0119 0.81
0749 1.81
1334 0.95
2006 1.84
13
SÁB
0155 0.56
0819 2.10
1416 0.76
2047 2.03
29
SEG
0221 0.96
0853 1.67
1446 1.08
2121 1.75
14
DOM
0310 0.74
0932 1.91
1540 0.94
2206 1.92
30
TER
0406 1.01
1032 1.63
1647 1.09
2259 1.77
15
SEG
0453 0.81
1110 1.82
1727 0.97
2347 1.93
16
TER
0629 0.74
1249 1.89
1853 0.87
Outubro
HORA ALT(m) HORA ALT(m)
01
QUA
0544 0.92
1204 1.73
1804 0.97
17
SEX
0147 2.17
0759 0.45
1412 2.13
2010 0.54
02
QUI
0014 1.90
0647 0.75
1304 1.90
1902 0.79
18
SÁB
0229 2.26
0836 0.39
1449 2.21
2046 0.44
03
SEX
0112 2.09
0734 0.56
1349 2.09
1949 0.58
19
DOM
0302 2.32
0904 0.35
1521 2.27
2116 0.37
04
SÁB
0201 2.28
0814 0.37
1429 2.27
2029 0.38
20
SEG
0334 2.34
0934 0.34
1549 2.31
2149 0.33
05
DOM
0242 2.46
0855 0.21
1508 2.42
2108 0.21
21
TER
0404 2.33
1002 0.36
1616 2.32
2216 0.32
06
SEG
0323 2.60
0932 0.11
1549 2.54
2151 0.09
22
QUA
0434 2.29
1031 0.39
1646 2.30
2247 0.35
07
TER
0404 2.67
1010 0.06
1627 2.60
2231 0.03
23
QUI
0502 2.22
1059 0.45
1712 2.26
2314 0.42
08
QUA
0449 2.68
1053 0.09
1708 2.59
2312 0.05
24
SEX
0531 2.13
1125 0.54
1744 2.18
2346 0.51
09
QUI
0531 2.60
1134 0.19
1753 2.52
25
SÁB
0602 2.01
1155 0.65
1812 2.08
10
SEX
0001 0.15
0617 2.45
1217 0.35
1838 2.39
26
DOM
0017 0.62
0638 1.88
1225 0.77
1847 1.96
11
SÁB
0049 0.31
0712 2.25
1306 0.56
1931 2.21
27
SEG
0059 0.74
0723 1.76
1306 0.90
1932 1.85
12
DOM
0147 0.51
0812 2.04
1408 0.77
2040 2.04
28
TER
0153 0.85
0821 1.66
1410 1.00
2042 1.77
13
SEG
0312 0.68
0929 1.87
1542 0.92
2201 1.93
29
QUA
0321 0.90
0947 1.62
1551 1.02
2204 1.77
14
TER
0447 0.73
1104 1.82
1717 0.92
2336 1.94
30
QUI
0446 0.84
1110 1.70
1710 0.91
2325 1.87
15
QUA
0614 0.66
1232 1.90
1836 0.81
31
SEX
0555 0.70
1216 1.85
1812 0.74
16
QUI
0051 2.05
0714 0.55
1329 2.02
1931 0.67
Novembro
HORA ALT(m) HORA ALT(m)
01
SÁB
0025 2.03
0647 0.54
1304 2.03
1904 0.55
17
SEG
0227 2.11
0831 0.43
1444 2.13
2047 0.40
02
DOM
0117 2.20
0734 0.38
1349 2.20
1955 0.35
18
TER
0302 2.13
0902 0.40
1516 2.19
2121 0.34
03
SEG
0206 2.36
0817 0.24
1432 2.35
2040 0.18
19
QUA
0336 2.14
0932 0.39
1549 2.22
2155 0.32
04
TER
0255 2.47
0902 0.14
1517 2.46
2123 0.06
20
QUI
0408 2.13
1004 0.40
1619 2.22
2227 0.32
05
QUA
0340 2.53
0946 0.10
1602 2.53
2210 -0.00
21
SEX
0444 2.09
1038 0.44
1655 2.20
2302 0.35
06
QUI
0427 2.53
1029 0.13
1647 2.53
2259 0.01
22
SÁB
0516 2.04
1110 0.49
1725 2.15
2336 0.41
07
SEX
0514 2.46
1114 0.20
1732 2.48
2346 0.10
23
DOM
0553 1.96
1146 0.56
1801 2.09
08
SÁB
0604 2.33
1202 0.34
1821 2.37
24
SEG
0012 0.48
0629 1.88
1217 0.65
1836 2.00
09
DOM
0040 0.23
0701 2.17
1253 0.50
1916 2.22
25
TER
0053 0.56
0712 1.79
1301 0.73
1919 1.92
10
SEG
0138 0.40
0801 2.00
1353 0.67
2019 2.07
26
QUA
0142 0.63
0804 1.73
1355 0.79
2017 1.86
11
TER
0253 0.55
0906 1.86
1510 0.80
2129 1.95
27
QUI
0244 0.68
0906 1.69
1502 0.81
2121 1.84
12
QUA
0408 0.62
1025 1.79
1636 0.83
2251 1.91
28
SEX
0353 0.67
1016 1.72
1617 0.76
2234 1.87
13
QUI
0527 0.63
1144 1.82
1747 0.77
29
SÁB
0459 0.61
1123 1.81
1723 0.65
2342 1.96
14
SEX
0004 1.94
0631 0.58
1244 1.90
1847 0.67
30
DOM
0601 0.52
1221 1.94
1825 0.51
15
SÁB
0102 2.00
0717 0.52
1329 1.99
1934 0.56
16
DOM
0149 2.07
0757 0.47
1408 2.07
2010 0.47
Dezembro
HORA ALT(m) HORA ALT(m)
01
SEG
0044 2.06
0655 0.41
1312 2.08
1923 0.35
17
QUA
0231 1.90
0832 0.51
1446 2.02
2059 0.40
02
TER
0140 2.17
0751 0.31
1404 2.21
2017 0.20
18
QUI
0310 1.94
0906 0.46
1523 2.09
2136 0.34
03
QUA
0232 2.26
0842 0.23
1457 2.32
2108 0.09
19
SEX
0349 1.98
0946 0.42
1601 2.14
2210 0.29
04
QUI
0325 2.31
0927 0.19
1547 2.40
2201 0.01
20
SÁB
0425 2.01
1021 0.39
1636 2.17
2247 0.26
05
SEX
0416 2.33
1016 0.18
1636 2.43
2251 -0.00
21
DOM
0502 2.02
1059 0.38
1710 2.19
2323 0.25
06
SÁB
0506 2.30
1104 0.21
1723 2.41
2340 0.04
22
SEG
0538 2.01
1132 0.40
1746 2.18
07
DOM
0557 2.23
1153 0.28
1810 2.35
23
TER
0001 0.27
0616 1.99
1208 0.42
1819 2.15
08
SEG
0031 0.13
0649 2.12
1240 0.39
1902 2.23
24
QUA
0038 0.31
0655 1.95
1247 0.46
1902 2.10
09
TER
0121 0.27
0740 2.00
1331 0.52
1955 2.10
25
QUI
0117 0.36
0736 1.90
1331 0.51
1949 2.04
10
QUA
0217 0.42
0832 1.87
1427 0.64
2053 1.96
26
SEX
0204 0.42
0825 1.86
1421 0.55
2046 1.98
11
QUI
0317 0.54
0932 1.77
1536 0.73
2151 1.85
27
SÁB
0301 0.48
0923 1.83
1527 0.58
2147 1.93
12
SEX
0421 0.63
1034 1.72
1644 0.75
2259 1.79
28
DOM
0402 0.52
1029 1.84
1638 0.56
2259 1.92
13
SÁB
0527 0.67
1140 1.73
1746 0.73
29
SEG
0512 0.52
1140 1.89
1751 0.49
14
DOM
0004 1.77
0623 0.66
1234 1.79
1847 0.66
30
TER
0010 1.94
0621 0.49
1246 1.99
1902 0.38
15
SEG
0102 1.80
0710 0.62
1321 1.86
1936 0.57
31
QUA
0119 2.01
0729 0.42
1347 2.10
2006 0.25
16
TER
0151 1.85
0753 0.56
1406 1.94
2017 0.49
DG6-62 Original
